14.500000 3.140000 25.860000
14.500000 5.980000 25.860000
14.500000 8.820000 25.860000
14.500000 11.660000 25.860000
14.500000 23.020000 25.860000
14.500000 25.860000 25.860000
14.500000 28.700000 25.860000
14.500000 31.540000 25.860000
14.500000 3.140000 28.700000
14.500000 5.980000 28.700000
14.500000 8.820000 28.700000
14.500000 11.660000 28.700000
14.500000 23.020000 28.700000
14.500000 25.860000 28.700000
14.500000 28.700000 28.700000
14.500000 31.540000 28.700000
14.500000 3.140000 31.540000
14.500000 5.980000 31.540000
14.500000 8.820000 31.540000
14.500000 11.660000 31.540000
14.500000 23.020000 31.540000
14.500000 25.860000 31.540000
14.500000 28.700000 31.540000
14.500000 31.540000 31.540000
14.500000 3.140000 34.380000
14.500000 5.980000 34.380000
14.500000 8.820000 34.380000
14.500000 25.860000 34.380000
14.500000 28.700000 34.380000
14.500000 31.540000 34.380000
14.500000 3.140000 37.220000
14.500000 5.980000 37.220000
14.500000 8.820000 37.220000
14.500000 11.660000 37.220000
14.500000 14.500000 37.220000
14.500000 17.340000 37.220000
14.500000 20.180000 37.220000
14.500000 23.020000 37.220000
14.500000 25.860000 37.220000
14.500000 28.700000 37.220000
14.500000 31.540000 37.220000
14.500000 3.140000 40.060000
14.500000 5.980000 40.060000
14.500000 8.820000 40.060000
14.500000 11.660000 40.060000
14.500000 14.500000 40.060000
14.500000 17.340000 40.060000
14.500000 20.180000 40.060000
14.500000 23.020000 40.060000
14.500000 25.860000 40.060000
14.500000 28.700000 40.060000
14.500000 31.540000 40.060000
14.500000 3.140000 42.900000
14.500000 5.980000 42.900000
14.500000 8.820000 42.900000
14.500000 11.660000 42.900000
14.500000 23.020000 42.900000
14.500000 25.860000 42.900000
14.500000 28.700000 42.900000
14.500000 31.540000 42.900000
14.500000 3.140000 45.740000
14.500000 5.980000 45.740000
14.500000 8.820000 45.740000
14.500000 11.660000 45.740000
14.500000 23.020000 45.740000
14.500000 25.860000 45.740000
14.500000 28.700000 45.740000
14.500000 31.540000 45.740000
17.340000 3.140000 25.860000
17.340000 5.980000 25.860000
17.340000 8.820000 25.860000
17.340000 11.660000 25.860000
17.340000 23.020000 25.860000
17.340000 25.860000 25.860000
17.340000 28.700000 25.860000
17.340000 31.540000 25.860000
17.340000 3.140000 28.700000
17.340000 5.980000 28.700000
17.340000 8.820000 28.700000
17.340000 11.660000 28.700000
17.340000 23.020000 28.700000
17.340000 25.860000 28.700000
17.340000 28.700000 28.700000
17.340000 31.540000 28.700000
17.340000 3.140000 31.540000
17.340000 5.980000 31.540000
17.340000 8.820000 31.540000
17.340000 11.660000 31.540000
17.340000 23.020000 31.540000
17.340000 25.860000 31.540000
17.340000 28.700000 31.540000
17.340000 31.540000 31.540000
17.340000 3.140000 34.380000
17.340000 5.980000 34.380000
17.340000 8.820000 34.380000
17.340000 25.860000 34.380000
17.340000 28.700000 34.380000
17.340000 31.540000 34.380000
17.340000 3.140000 37.220000
17.340000 5.980000 37.220000
17.340000 8.820000 37.220000
17.340000 11.660000 37.220000
17.340000 14.500000 37.220000
17.340000 17.340000 37.220000
17.340000 20.180000 37.220000
17.340000 23.020000 37.220000
17.340000 25.860000 37.220000
17.340000 28.700000 37.220000
17.340000 31.540000 37.220000
17.340000 3.140000 40.060000
17.340000 5.980000 40.060000
17.340000 8.820000 40.060000
17.340000 11.660000 40.060000
17.340000 14.500000 40.060000
17.340000 17.340000 40.060000
17.340000 20.180000 40.060000
17.340000 23.020000 40.060000
17.340000 25.860000 40.060000
17.340000 28.700000 40.060000
17.340000 31.540000 40.060000
17.340000 3.140000 42.900000
17.340000 5.980000 42.900000
17.340000 8.820000 42.900000
17.340000 11.660000 42.900000
17.340000 14.500000 42.900000
17.340000 17.340000 42.900000
17.340000 20.180000 42.900000
17.340000 23.020000 42.900000
17.340000 25.860000 42.900000
17.340000 28.700000 42.900000
17.340000 31.540000 42.900000
17.340000 3.140000 45.740000
17.340000 5.980000 45.740000
17.340000 8.820000 45.740000
17.340000 11.660000 45.740000
17.340000 14.500000 45.740000
17.340000 17.340000 45.740000
17.340000 20.180000 45.740000
17.340000 23.020000 45.740000
17.340000 25.860000 45.740000
17.340000 28.700000 45.740000
17.340000 31.540000 45.740000
20.180000 3.140000 25.860000
20.180000 5.980000 25.860000
20.180000 8.820000 25.860000
20.180000 11.660000 25.860000
20.180000 23.020000 25.860000
20.180000 25.860000 25.860000
20.180000 28.700000 25.860000
20.180000 31.540000 25.860000
20.180000 3.140000 28.700000
20.180000 5.980000 28.700000
20.180000 8.820000 28.700000
20.180000 11.660000 28.700000
20.180000 23.020000 28.700000
20.180000 25.860000 28.700000
20.180000 28.700000 28.700000
20.180000 31.540000 28.700000
20.180000 3.140000 31.540000
20.180000 5.980000 31.540000
20.180000 8.820000 31.540000
20.180000 11.660000 31.540000
20.180000 23.020000 31.540000
20.180000 25.860000 31.540000
20.180000 28.700000 31.540000
20.180000 31.540000 31.540000
20.180000 3.140000 34.380000
20.180000 5.980000 34.380000
20.180000 8.820000 34.380000
20.180000 25.860000 34.380000
20.180000 28.700000 34.380000
20.180000 31.540000 34.380000
20.180000 3.140000 37.220000
20.180000 5.980000 37.220000
20.180000 8.820000 37.220000
20.180000 11.660000 37.220000
20.180000 14.500000 37.220000
20.180000 17.340000 37.220000
20.180000 20.180000 37.220000
20.180000 23.020000 37.220000
20.180000 25.860000 37.220000
20.180000 28.700000 37.220000
20.180000 31.540000 37.220000
20.180000 3.140000 40.060000
20.180000 5.980000 40.060000
20.180000 8.820000 40.060000
20.180000 11.660000 40.060000
20.180000 14.500000 40.060000
20.180000 17.340000 40.060000
20.180000 20.180000 40.060000
20.180000 23.020000 40.060000
20.180000 25.860000 40.060000
20.180000 28.700000 40.060000
20.180000 31.540000 40.060000
20.180000 3.140000 42.900000
20.180000 5.980000 42.900000
20.180000 8.820000 42.900000
20.180000 11.660000 42.900000
20.180000 14.500000 42.900000
20.180000 17.340000 42.900000
20.180000 20.180000 42.900000
20.180000 23.020000 42.900000
20.180000 25.860000 42.900000
20.180000 28.700000 42.900000
20.180000 31.540000 42.900000
20.180000 3.140000 45.740000
20.180000 5.980000 45.740000
20.180000 8.820000 45.740000
20.180000 11.660000 45.740000
20.180000 14.500000 45.740000
20.180000 17.340000 45.740000
20.180000 20.180000 45.740000
20.180000 23.020000 45.740000
20.180000 25.860000 45.740000
20.180000 28.700000 45.740000
20.180000 31.540000 45.740000
23.020000 3.140000 25.860000
23.020000 5.980000 25.860000
23.020000 8.820000 25.860000
23.020000 11.660000 25.860000
23.020000 23.020000 25.860000
23.020000 25.860000 25.860000
23.020000 28.700000 25.860000
23.020000 31.540000 25.860000
23.020000 3.140000 28.700000
23.020000 5.980000 28.700000
23.020000 8.820000 28.700000
23.020000 11.660000 28.700000
23.020000 23.020000 28.700000
23.020000 25.860000 28.700000
23.020000 28.700000 28.700000
23.020000 31.540000 28.700000
23.020000 3.140000 31.540000
23.020000 5.980000 31.540000
23.020000 8.820000 31.540000
23.020000 11.660000 31.540000
23.020000 23.020000 31.540000
23.020000 25.860000 31.540000
23.020000 28.700000 31.540000
23.020000 31.540000 31.540000
23.020000 3.140000 34.380000
23.020000 5.980000 34.380000
23.020000 8.820000 34.380000
23.020000 25.860000 34.380000
23.020000 28.700000 34.380000
23.020000 31.540000 34.380000
23.020000 3.140000 37.220000
23.020000 5.980000 37.220000
23.020000 8.820000 37.220000
23.020000 11.660000 37.220000
23.020000 14.500000 37.220000
23.020000 17.340000 37.220000
23.020000 20.180000 37.220000
23.020000 23.020000 37.220000
23.020000 25.860000 37.220000
23.020000 28.700000 37.220000
23.020000 31.540000 37.220000
23.020000 3.140000 40.060000
23.020000 5.980000 40.060000
23.020000 8.820000 40.060000
23.020000 11.660000 40.060000
23.020000 14.500000 40.060000
23.020000 17.340000 40.060000
23.020000 20.180000 40.060000
23.020000 23.020000 40.060000
23.020000 25.860000 40.060000
23.020000 28.700000 40.060000
23.020000 31.540000 40.060000
23.020000 3.140000 42.900000
23.020000 5.980000 42.900000
23.020000 8.820000 42.900000
23.020000 11.660000 42.900000
23.020000 14.500000 42.900000
23.020000 17.340000 42.900000
23.020000 20.180000 42.900000
23.020000 23.020000 42.900000
23.020000 25.860000 42.900000
23.020000 28.700000 42.900000
23.020000 31.540000 42.900000
23.020000 3.140000 45.740000
23.020000 5.980000 45.740000
23.020000 8.820000 45.740000
23.020000 11.660000 45.740000
23.020000 14.500000 45.740000
23.020000 17.340000 45.740000
23.020000 20.180000 45.740000
23.020000 23.020000 45.740000
23.020000 25.860000 45.740000
23.020000 28.700000 45.740000
23.020000 31.540000 45.740000
25.860000 3.140000 25.860000
25.860000 5.980000 25.860000
25.860000 8.820000 25.860000
25.860000 11.660000 25.860000
25.860000 23.020000 25.860000
25.860000 25.860000 25.860000
25.860000 28.700000 25.860000
25.860000 31.540000 25.860000
25.860000 3.140000 28.700000
25.860000 5.980000 28.700000
25.860000 8.820000 28.700000
25.860000 11.660000 28.700000
25.860000 23.020000 28.700000
25.860000 25.860000 28.700000
25.860000 28.700000 28.700000
25.860000 31.540000 28.700000
25.860000 3.140000 31.540000
25.860000 5.980000 31.540000
25.860000 8.820000 31.540000
25.860000 11.660000 31.540000
25.860000 23.020000 31.540000
25.860000 25.860000 31.540000
25.860000 28.700000 31.540000
25.860000 31.540000 31.540000
25.860000 3.140000 34.380000
25.860000 5.980000 34.380000
25.860000 8.820000 34.380000
25.860000 25.860000 34.380000
25.860000 28.700000 34.380000
25.860000 31.540000 34.380000
25.860000 3.140000 37.220000
25.860000 5.980000 37.220000
25.860000 8.820000 37.220000
25.860000 11.660000 37.220000
25.860000 14.500000 37.220000
25.860000 17.340000 37.220000
25.860000 20.180000 37.220000
25.860000 23.020000 37.220000
25.860000 25.860000 37.220000
25.860000 28.700000 37.220000
25.860000 31.540000 37.220000
25.860000 3.140000 40.060000
25.860000 5.980000 40.060000
25.860000 8.820000 40.060000
25.860000 11.660000 40.060000
25.860000 14.500000 40.060000
25.860000 17.340000 40.060000
25.860000 20.180000 40.060000
25.860000 23.020000 40.060000
25.860000 25.860000 40.060000
25.860000 28.700000 40.060000
25.860000 31.540000 40.060000
25.860000 3.140000 42.900000
25.860000 5.980000 42.900000
25.860000 8.820000 42.900000
25.860000 11.660000 42.900000
25.860000 14.500000 42.900000
25.860000 17.340000 42.900000
25.860000 20.180000 42.900000
25.860000 23.020000 42.900000
25.860000 25.860000 42.900000
25.860000 28.700000 42.900000
25.860000 31.540000 42.900000
25.860000 3.140000 45.740000
25.860000 5.980000 45.740000
25.860000 8.820000 45.740000
25.860000 11.660000 45.740000
25.860000 14.500000 45.740000
25.860000 17.340000 45.740000
25.860000 20.180000 45.740000
25.860000 23.020000 45.740000
25.860000 25.860000 45.740000
25.860000 28.700000 45.740000
25.860000 31.540000 45.740000
28.700000 3.140000 25.860000
28.700000 5.980000 25.860000
28.700000 8.820000 25.860000
28.700000 11.660000 25.860000
28.700000 23.020000 25.860000
28.700000 25.860000 25.860000
28.700000 28.700000 25.860000
28.700000 31.540000 25.860000
28.700000 3.140000 28.700000
28.700000 5.980000 28.700000
28.700000 8.820000 28.700000
28.700000 11.660000 28.700000
28.700000 23.020000 28.700000
28.700000 25.860000 28.700000
28.700000 28.700000 28.700000
28.700000 31.540000 28.700000
28.700000 3.140000 31.540000
28.700000 5.980000 31.540000
28.700000 8.820000 31.540000
28.700000 11.660000 31.540000
28.700000 23.020000 31.540000
28.700000 25.860000 31.540000
28.700000 28.700000 31.540000
28.700000 31.540000 31.540000
28.700000 3.140000 34.380000
28.700000 5.980000 34.380000
28.700000 8.820000 34.380000
28.700000 25.860000 34.380000
28.700000 28.700000 34.380000
28.700000 31.540000 34.380000
28.700000 3.140000 37.220000
28.700000 5.980000 37.220000
28.700000 8.820000 37.220000
28.700000 11.660000 37.220000
28.700000 14.500000 37.220000
28.700000 17.340000 37.220000
28.700000 20.180000 37.220000
28.700000 23.020000 37.220000
28.700000 25.860000 37.220000
28.700000 28.700000 37.220000
28.700000 31.540000 37.220000
28.700000 3.140000 40.060000
28.700000 5.980000 40.060000
28.700000 8.820000 40.060000
28.700000 11.660000 40.060000
28.700000 14.500000 40.060000
28.700000 17.340000 40.060000
28.700000 20.180000 40.060000
28.700000 23.020000 40.060000
28.700000 25.860000 40.060000
28.700000 28.700000 40.060000
28.700000 31.540000 40.060000
28.700000 3.140000 42.900000
28.700000 5.980000 42.900000
28.700000 8.820000 42.900000
28.700000 11.660000 42.900000
28.700000 14.500000 42.900000
28.700000 17.340000 42.900000
28.700000 20.180000 42.900000
28.700000 23.020000 42.900000
28.700000 25.860000 42.900000
28.700000 28.700000 42.900000
28.700000 31.540000 42.900000
28.700000 3.140000 45.740000
28.700000 5.980000 45.740000
28.700000 8.820000 45.740000
28.700000 11.660000 45.740000
28.700000 14.500000 45.740000
28.700000 17.340000 45.740000
28.700000 20.180000 45.740000
28.700000 23.020000 45.740000
28.700000 25.860000 45.740000
28.700000 28.700000 45.740000
28.700000 31.540000 45.740000
31.540000 3.140000 25.860000
31.540000 5.980000 25.860000
31.540000 8.820000 25.860000
31.540000 11.660000 25.860000
31.540000 23.020000 25.860000
31.540000 25.860000 25.860000
31.540000 28.700000 25.860000
31.540000 31.540000 25.860000
31.540000 3.140000 28.700000
31.540000 5.980000 28.700000
31.540000 8.820000 28.700000
31.540000 11.660000 28.700000
31.540000 23.020000 28.700000
31.540000 25.860000 28.700000
31.540000 28.700000 28.700000
31.540000 31.540000 28.700000
31.540000 3.140000 31.540000
31.540000 5.980000 31.540000
31.540000 8.820000 31.540000
31.540000 11.660000 31.540000
31.540000 23.020000 31.540000
31.540000 25.860000 31.540000
31.540000 28.700000 31.540000
31.540000 31.540000 31.540000
31.540000 3.140000 34.380000
31.540000 5.980000 34.380000
31.540000 8.820000 34.380000
31.540000 25.860000 34.380000
31.540000 28.700000 34.380000
31.540000 31.540000 34.380000
31.540000 3.140000 37.220000
31.540000 5.980000 37.220000
31.540000 8.820000 37.220000
31.540000 11.660000 37.220000
31.540000 14.500000 37.220000
31.540000 17.340000 37.220000
31.540000 20.180000 37.220000
31.540000 23.020000 37.220000
31.540000 25.860000 37.220000
31.540000 28.700000 37.220000
31.540000 31.540000 37.220000
31.540000 3.140000 40.060000
31.540000 5.980000 40.060000
31.540000 8.820000 40.060000
31.540000 11.660000 40.060000
31.540000 14.500000 40.060000
31.540000 17.340000 40.060000
31.540000 20.180000 40.060000
31.540000 23.020000 40.060000
31.540000 25.860000 40.060000
31.540000 28.700000 40.060000
31.540000 31.540000 40.060000
31.540000 3.140000 42.900000
31.540000 5.980000 42.900000
31.540000 8.820000 42.900000
31.540000 11.660000 42.900000
31.540000 14.500000 42.900000
31.540000 17.340000 42.900000
31.540000 20.180000 42.900000
31.540000 23.020000 42.900000
31.540000 25.860000 42.900000
31.540000 28.700000 42.900000
31.540000 31.540000 42.900000
31.540000 3.140000 45.740000
31.540000 5.980000 45.740000
31.540000 8.820000 45.740000
31.540000 11.660000 45.740000
31.540000 14.500000 45.740000
31.540000 17.340000 45.740000
31.540000 20.180000 45.740000
31.540000 23.020000 45.740000
31.540000 25.860000 45.740000
31.540000 28.700000 45.740000
31.540000 31.540000 45.740000
34.380000 3.140000 25.860000
34.380000 5.980000 25.860000
34.380000 8.820000 25.860000
34.380000 11.660000 25.860000
34.380000 23.020000 25.860000
34.380000 25.860000 25.860000
34.380000 28.700000 25.860000
34.380000 31.540000 25.860000
34.380000 3.140000 28.700000
34.380000 5.980000 28.700000
34.380000 8.820000 28.700000
34.380000 11.660000 28.700000
34.380000 23.020000 28.700000
34.380000 25.860000 28.700000
34.380000 28.700000 28.700000
34.380000 31.540000 28.700000
34.380000 3.140000 31.540000
34.380000 5.980000 31.540000
34.380000 8.820000 31.540000
34.380000 11.660000 31.540000
34.380000 23.020000 31.540000
34.380000 25.860000 31.540000
34.380000 28.700000 31.540000
34.380000 31.540000 31.540000
34.380000 3.140000 34.380000
34.380000 5.980000 34.380000
34.380000 8.820000 34.380000
34.380000 25.860000 34.380000
34.380000 28.700000 34.380000
34.380000 31.540000 34.380000
34.380000 3.140000 37.220000
34.380000 5.980000 37.220000
34.380000 8.820000 37.220000
34.380000 11.660000 37.220000
34.380000 14.500000 37.220000
34.380000 17.340000 37.220000
34.380000 20.180000 37.220000
34.380000 23.020000 37.220000
34.380000 25.860000 37.220000
34.380000 28.700000 37.220000
34.380000 31.540000 37.220000
34.380000 3.140000 40.060000
34.380000 5.980000 40.060000
34.380000 8.820000 40.060000
34.380000 11.660000 40.060000
34.380000 14.500000 40.060000
34.380000 17.340000 40.060000
34.380000 20.180000 40.060000
34.380000 23.020000 40.060000
34.380000 25.860000 40.060000
34.380000 28.700000 40.060000
34.380000 31.540000 40.060000
34.380000 3.140000 42.900000
34.380000 5.980000 42.900000
34.380000 8.820000 42.900000
34.380000 11.660000 42.900000
34.380000 14.500000 42.900000
34.380000 17.340000 42.900000
34.380000 20.180000 42.900000
34.380000 23.020000 42.900000
34.380000 25.860000 42.900000
34.380000 28.700000 42.900000
34.380000 31.540000 42.900000
34.380000 3.140000 45.740000
34.380000 5.980000 45.740000
34.380000 8.820000 45.740000
34.380000 11.660000 45.740000
34.380000 14.500000 45.740000
34.380000 17.340000 45.740000
34.380000 20.180000 45.740000
34.380000 23.020000 45.740000
34.380000 25.860000 45.740000
34.380000 28.700000 45.740000
34.380000 31.540000 45.740000
37.220000 3.140000 25.860000
37.220000 5.980000 25.860000
37.220000 8.820000 25.860000
37.220000 11.660000 25.860000
37.220000 23.020000 25.860000
37.220000 25.860000 25.860000
37.220000 28.700000 25.860000
37.220000 31.540000 25.860000
37.220000 3.140000 28.700000
37.220000 5.980000 28.700000
37.220000 8.820000 28.700000
37.220000 11.660000 28.700000
37.220000 23.020000 28.700000
37.220000 25.860000 28.700000
37.220000 28.700000 28.700000
37.220000 31.540000 28.700000
37.220000 3.140000 31.540000
37.220000 5.980000 31.540000
37.220000 8.820000 31.540000
37.220000 11.660000 31.540000
37.220000 23.020000 31.540000
37.220000 25.860000 31.540000
37.220000 28.700000 31.540000
37.220000 31.540000 31.540000
37.220000 3.140000 34.380000
37.220000 5.980000 34.380000
37.220000 8.820000 34.380000
37.220000 25.860000 34.380000
37.220000 28.700000 34.380000
37.220000 31.540000 34.380000
37.220000 3.140000 37.220000
37.220000 5.980000 37.220000
37.220000 8.820000 37.220000
37.220000 11.660000 37.220000
37.220000 14.500000 37.220000
37.220000 17.340000 37.220000
37.220000 20.180000 37.220000
37.220000 23.020000 37.220000
37.220000 25.860000 37.220000
37.220000 28.700000 37.220000
37.220000 31.540000 37.220000
37.220000 3.140000 40.060000
37.220000 5.980000 40.060000
37.220000 8.820000 40.060000
37.220000 11.660000 40.060000
37.220000 14.500000 40.060000
37.220000 17.340000 40.060000
37.220000 20.180000 40.060000
37.220000 23.020000 40.060000
37.220000 25.860000 40.060000
37.220000 28.700000 40.060000
37.220000 31.540000 40.060000
37.220000 3.140000 42.900000
37.220000 5.980000 42.900000
37.220000 8.820000 42.900000
37.220000 11.660000 42.900000
37.220000 14.500000 42.900000
37.220000 17.340000 42.900000
37.220000 20.180000 42.900000
37.220000 23.020000 42.900000
37.220000 25.860000 42.900000
37.220000 28.700000 42.900000
37.220000 31.540000 42.900000
37.220000 3.140000 45.740000
37.220000 5.980000 45.740000
37.220000 8.820000 45.740000
37.220000 11.660000 45.740000
37.220000 14.500000 45.740000
37.220000 17.340000 45.740000
37.220000 20.180000 45.740000
37.220000 23.020000 45.740000
37.220000 25.860000 45.740000
37.220000 28.700000 45.740000
37.220000 31.540000 45.740000
40.060000 3.140000 25.860000
40.060000 5.980000 25.860000
40.060000 8.820000 25.860000
40.060000 11.660000 25.860000
40.060000 23.020000 25.860000
40.060000 25.860000 25.860000
40.060000 28.700000 25.860000
40.060000 31.540000 25.860000
40.060000 3.140000 28.700000
40.060000 5.980000 28.700000
40.060000 8.820000 28.700000
40.060000 11.660000 28.700000
40.060000 23.020000 28.700000
40.060000 25.860000 28.700000
40.060000 28.700000 28.700000
40.060000 31.540000 28.700000
40.060000 3.140000 31.540000
40.060000 5.980000 31.540000
40.060000 8.820000 31.540000
40.060000 11.660000 31.540000
40.060000 23.020000 31.540000
40.060000 25.860000 31.540000
40.060000 28.700000 31.540000
40.060000 31.540000 31.540000
40.060000 3.140000 34.380000
40.060000 5.980000 34.380000
40.060000 8.820000 34.380000
40.060000 25.860000 34.380000
40.060000 28.700000 34.380000
40.060000 31.540000 34.380000
40.060000 3.140000 37.220000
40.060000 5.980000 37.220000
40.060000 8.820000 37.220000
40.060000 11.660000 37.220000
40.060000 14.500000 37.220000
40.060000 17.340000 37.220000
40.060000 20.180000 37.220000
40.060000 23.020000 37.220000
40.060000 25.860000 37.220000
40.060000 28.700000 37.220000
40.060000 31.540000 37.220000
40.060000 3.140000 40.060000
40.060000 5.980000 40.060000
40.060000 8.820000 40.060000
40.060000 11.660000 40.060000
40.060000 14.500000 40.060000
40.060000 17.340000 40.060000
40.060000 20.180000 40.060000
40.060000 23.020000 40.060000
40.060000 25.860000 40.060000
40.060000 28.700000 40.060000
40.060000 31.540000 40.060000
40.060000 3.140000 42.900000
40.060000 5.980000 42.900000
40.060000 8.820000 42.900000
40.060000 11.660000 42.900000
40.060000 14.500000 42.900000
40.060000 17.340000 42.900000
40.060000 20.180000 42.900000
40.060000 23.020000 42.900000
40.060000 25.860000 42.900000
40.060000 28.700000 42.900000
40.060000 31.540000 42.900000
40.060000 3.140000 45.740000
40.060000 5.980000 45.740000
40.060000 8.820000 45.740000
40.060000 11.660000 45.740000
40.060000 14.500000 45.740000
40.060000 17.340000 45.740000
40.060000 20.180000 45.740000
40.060000 23.020000 45.740000
40.060000 25.860000 45.740000
40.060000 28.700000 45.740000
40.060000 31.540000 45.740000
42.900000 3.140000 25.860000
42.900000 5.980000 25.860000
42.900000 8.820000 25.860000
42.900000 11.660000 25.860000
42.900000 23.020000 25.860000
42.900000 25.860000 25.860000
42.900000 28.700000 25.860000
42.900000 31.540000 25.860000
42.900000 3.140000 28.700000
42.900000 5.980000 28.700000
42.900000 8.820000 28.700000
42.900000 11.660000 28.700000
42.900000 23.020000 28.700000
42.900000 25.860000 28.700000
42.900000 28.700000 28.700000
42.900000 31.540000 28.700000
42.900000 3.140000 31.540000
42.900000 5.980000 31.540000
42.900000 8.820000 31.540000
42.900000 11.660000 31.540000
42.900000 23.020000 31.540000
42.900000 25.860000 31.540000
42.900000 28.700000 31.540000
42.900000 31.540000 31.540000
42.900000 3.140000 34.380000
42.900000 5.980000 34.380000
42.900000 8.820000 34.380000
42.900000 25.860000 34.380000
42.900000 28.700000 34.380000
42.900000 31.540000 34.380000
42.900000 3.140000 37.220000
42.900000 5.980000 37.220000
42.900000 8.820000 37.220000
42.900000 11.660000 37.220000
42.900000 14.500000 37.220000
42.900000 17.340000 37.220000
42.900000 20.180000 37.220000
42.900000 23.020000 37.220000
42.900000 25.860000 37.220000
42.900000 28.700000 37.220000
42.900000 31.540000 37.220000
42.900000 3.140000 40.060000
42.900000 5.980000 40.060000
42.900000 8.820000 40.060000
42.900000 11.660000 40.060000
42.900000 14.500000 40.060000
42.900000 17.340000 40.060000
42.900000 20.180000 40.060000
42.900000 23.020000 40.060000
42.900000 25.860000 40.060000
42.900000 28.700000 40.060000
42.900000 31.540000 40.060000
42.900000 3.140000 42.900000
42.900000 5.980000 42.900000
42.900000 8.820000 42.900000
42.900000 11.660000 42.900000
42.900000 14.500000 42.900000
42.900000 17.340000 42.900000
42.900000 20.180000 42.900000
42.900000 23.020000 42.900000
42.900000 25.860000 42.900000
42.900000 28.700000 42.900000
42.900000 31.540000 42.900000
42.900000 3.140000 45.740000
42.900000 5.980000 45.740000
42.900000 8.820000 45.740000
42.900000 11.660000 45.740000
42.900000 14.500000 45.740000
42.900000 17.340000 45.740000
42.900000 20.180000 45.740000
42.900000 23.020000 45.740000
42.900000 25.860000 45.740000
42.900000 28.700000 45.740000
42.900000 31.540000 45.740000
45.740000 3.140000 25.860000
45.740000 5.980000 25.860000
45.740000 8.820000 25.860000
45.740000 11.660000 25.860000
45.740000 23.020000 25.860000
45.740000 25.860000 25.860000
45.740000 28.700000 25.860000
45.740000 31.540000 25.860000
45.740000 3.140000 28.700000
45.740000 5.980000 28.700000
45.740000 8.820000 28.700000
45.740000 11.660000 28.700000
45.740000 23.020000 28.700000
45.740000 25.860000 28.700000
45.740000 28.700000 28.700000
45.740000 31.540000 28.700000
45.740000 3.140000 31.540000
45.740000 5.980000 31.540000
45.740000 8.820000 31.540000
45.740000 11.660000 31.540000
45.740000 23.020000 31.540000
45.740000 25.860000 31.540000
45.740000 28.700000 31.540000
45.740000 31.540000 31.540000
45.740000 3.140000 34.380000
45.740000 5.980000 34.380000
45.740000 8.820000 34.380000
45.740000 25.860000 34.380000
45.740000 28.700000 34.380000
45.740000 31.540000 34.380000
45.740000 3.140000 37.220000
45.740000 5.980000 37.220000
45.740000 8.820000 37.220000
45.740000 11.660000 37.220000
45.740000 14.500000 37.220000
45.740000 17.340000 37.220000
45.740000 20.180000 37.220000
45.740000 23.020000 37.220000
45.740000 25.860000 37.220000
45.740000 28.700000 37.220000
45.740000 31.540000 37.220000
45.740000 3.140000 40.060000
45.740000 5.980000 40.060000
45.740000 8.820000 40.060000
45.740000 11.660000 40.060000
45.740000 14.500000 40.060000
45.740000 17.340000 40.060000
45.740000 20.180000 40.060000
45.740000 23.020000 40.060000
45.740000 25.860000 40.060000
45.740000 28.700000 40.060000
45.740000 31.540000 40.060000
45.740000 3.140000 42.900000
45.740000 5.980000 42.900000
45.740000 8.820000 42.900000
45.740000 11.660000 42.900000
45.740000 14.500000 42.900000
45.740000 17.340000 42.900000
45.740000 20.180000 42.900000
45.740000 23.020000 42.900000
45.740000 25.860000 42.900000
45.740000 28.700000 42.900000
45.740000 31.540000 42.900000
45.740000 3.140000 45.740000
45.740000 5.980000 45.740000
45.740000 8.820000 45.740000
45.740000 11.660000 45.740000
45.740000 14.500000 45.740000
45.740000 17.340000 45.740000
45.740000 20.180000 45.740000
45.740000 23.020000 45.740000
45.740000 25.860000 45.740000
45.740000 28.700000 45.740000
45.740000 31.540000 45.740000
48.580000 3.140000 25.860000
48.580000 5.980000 25.860000
48.580000 8.820000 25.860000
48.580000 11.660000 25.860000
48.580000 23.020000 25.860000
48.580000 25.860000 25.860000
48.580000 28.700000 25.860000
48.580000 31.540000 25.860000
48.580000 3.140000 28.700000
48.580000 5.980000 28.700000
48.580000 8.820000 28.700000
48.580000 11.660000 28.700000
48.580000 23.020000 28.700000
48.580000 25.860000 28.700000
48.580000 28.700000 28.700000
48.580000 31.540000 28.700000
48.580000 3.140000 31.540000
48.580000 5.980000 31.540000
48.580000 8.820000 31.540000
48.580000 11.660000 31.540000
48.580000 23.020000 31.540000
48.580000 25.860000 31.540000
48.580000 28.700000 31.540000
48.580000 31.540000 31.540000
48.580000 3.140000 34.380000
48.580000 5.980000 34.380000
48.580000 8.820000 34.380000
48.580000 25.860000 34.380000
48.580000 28.700000 34.380000
48.580000 31.540000 34.380000
48.580000 3.140000 37.220000
48.580000 5.980000 37.220000
48.580000 8.820000 37.220000
48.580000 11.660000 37.220000
48.580000 14.500000 37.220000
48.580000 17.340000 37.220000
48.580000 20.180000 37.220000
48.580000 23.020000 37.220000
48.580000 25.860000 37.220000
48.580000 28.700000 37.220000
48.580000 31.540000 37.220000
48.580000 3.140000 40.060000
48.580000 5.980000 40.060000
48.580000 8.820000 40.060000
48.580000 11.660000 40.060000
48.580000 14.500000 40.060000
48.580000 17.340000 40.060000
48.580000 20.180000 40.060000
48.580000 23.020000 40.060000
48.580000 25.860000 40.060000
48.580000 28.700000 40.060000
48.580000 31.540000 40.060000
48.580000 3.140000 42.900000
48.580000 5.980000 42.900000
48.580000 8.820000 42.900000
48.580000 11.660000 42.900000
48.580000 14.500000 42.900000
48.580000 17.340000 42.900000
48.580000 20.180000 42.900000
48.580000 23.020000 42.900000
48.580000 25.860000 42.900000
48.580000 28.700000 42.900000
48.580000 31.540000 42.900000
48.580000 3.140000 45.740000
48.580000 5.980000 45.740000
48.580000 8.820000 45.740000
48.580000 11.660000 45.740000
48.580000 14.500000 45.740000
48.580000 17.340000 45.740000
48.580000 20.180000 45.740000
48.580000 23.020000 45.740000
48.580000 25.860000 45.740000
48.580000 28.700000 45.740000
48.580000 31.540000 45.740000
51.420000 3.140000 25.860000
51.420000 5.980000 25.860000
51.420000 8.820000 25.860000
51.420000 11.660000 25.860000
51.420000 23.020000 25.860000
51.420000 25.860000 25.860000
51.420000 28.700000 25.860000
51.420000 31.540000 25.860000
51.420000 3.140000 28.700000
51.420000 5.980000 28.700000
51.420000 8.820000 28.700000
51.420000 11.660000 28.700000
51.420000 23.020000 28.700000
51.420000 25.860000 28.700000
51.420000 28.700000 28.700000
51.420000 31.540000 28.700000
51.420000 3.140000 31.540000
51.420000 5.980000 31.540000
51.420000 8.820000 31.540000
51.420000 11.660000 31.540000
51.420000 23.020000 31.540000
51.420000 25.860000 31.540000
51.420000 28.700000 31.540000
51.420000 31.540000 31.540000
51.420000 3.140000 34.380000
51.420000 5.980000 34.380000
51.420000 8.820000 34.380000
51.420000 25.860000 34.380000
51.420000 28.700000 34.380000
51.420000 31.540000 34.380000
51.420000 3.140000 37.220000
51.420000 5.980000 37.220000
51.420000 8.820000 37.220000
51.420000 11.660000 37.220000
51.420000 14.500000 37.220000
51.420000 17.340000 37.220000
51.420000 20.180000 37.220000
51.420000 23.020000 37.220000
51.420000 25.860000 37.220000
51.420000 28.700000 37.220000
51.420000 31.540000 37.220000
51.420000 3.140000 40.060000
51.420000 5.980000 40.060000
51.420000 8.820000 40.060000
51.420000 11.660000 40.060000
51.420000 14.500000 40.060000
51.420000 17.340000 40.060000
51.420000 20.180000 40.060000
51.420000 23.020000 40.060000
51.420000 25.860000 40.060000
51.420000 28.700000 40.060000
51.420000 31.540000 40.060000
51.420000 3.140000 42.900000
51.420000 5.980000 42.900000
51.420000 8.820000 42.900000
51.420000 11.660000 42.900000
51.420000 14.500000 42.900000
51.420000 17.340000 42.900000
51.420000 20.180000 42.900000
51.420000 23.020000 42.900000
51.420000 25.860000 42.900000
51.420000 28.700000 42.900000
51.420000 31.540000 42.900000
51.420000 3.140000 45.740000
51.420000 5.980000 45.740000
51.420000 8.820000 45.740000
51.420000 11.660000 45.740000
51.420000 14.500000 45.740000
51.420000 17.340000 45.740000
51.420000 20.180000 45.740000
51.420000 23.020000 45.740000
51.420000 25.860000 45.740000
51.420000 28.700000 45.740000
51.420000 31.540000 45.740000
54.260000 3.140000 25.860000
54.260000 5.980000 25.860000
54.260000 8.820000 25.860000
54.260000 11.660000 25.860000
54.260000 23.020000 25.860000
54.260000 25.860000 25.860000
54.260000 28.700000 25.860000
54.260000 31.540000 25.860000
54.260000 3.140000 28.700000
54.260000 5.980000 28.700000
54.260000 8.820000 28.700000
54.260000 11.660000 28.700000
54.260000 23.020000 28.700000
54.260000 25.860000 28.700000
54.260000 28.700000 28.700000
54.260000 31.540000 28.700000
54.260000 3.140000 31.540000
54.260000 5.980000 31.540000
54.260000 8.820000 31.540000
54.260000 11.660000 31.540000
54.260000 23.020000 31.540000
54.260000 25.860000 31.540000
54.260000 28.700000 31.540000
54.260000 31.540000 31.540000
54.260000 3.140000 34.380000
54.260000 5.980000 34.380000
54.260000 8.820000 34.380000
54.260000 25.860000 34.380000
54.260000 28.700000 34.380000
54.260000 31.540000 34.380000
54.260000 3.140000 37.220000
54.260000 5.980000 37.220000
54.260000 8.820000 37.220000
54.260000 11.660000 37.220000
54.260000 14.500000 37.220000
54.260000 17.340000 37.220000
54.260000 20.180000 37.220000
54.260000 23.020000 37.220000
54.260000 25.860000 37.220000
54.260000 28.700000 37.220000
54.260000 31.540000 37.220000
54.260000 3.140000 40.060000
54.260000 5.980000 40.060000
54.260000 8.820000 40.060000
54.260000 11.660000 40.060000
54.260000 14.500000 40.060000
54.260000 17.340000 40.060000
54.260000 20.180000 40.060000
54.260000 23.020000 40.060000
54.260000 25.860000 40.060000
54.260000 28.700000 40.060000
54.260000 31.540000 40.060000
54.260000 3.140000 42.900000
54.260000 5.980000 42.900000
54.260000 8.820000 42.900000
54.260000 11.660000 42.900000
54.260000 23.020000 42.900000
54.260000 25.860000 42.900000
54.260000 28.700000 42.900000
54.260000 31.540000 42.900000
54.260000 3.140000 45.740000
54.260000 5.980000 45.740000
54.260000 8.820000 45.740000
54.260000 11.660000 45.740000
54.260000 23.020000 45.740000
54.260000 25.860000 45.740000
54.260000 28.700000 45.740000
54.260000 31.540000 45.740000
