5.980000 3.140000 25.860000
5.980000 5.980000 25.860000
5.980000 8.820000 25.860000
5.980000 11.660000 25.860000
5.980000 23.020000 25.860000
5.980000 25.860000 25.860000
5.980000 28.700000 25.860000
5.980000 31.540000 25.860000
5.980000 3.140000 28.700000
5.980000 5.980000 28.700000
5.980000 8.820000 28.700000
5.980000 11.660000 28.700000
5.980000 23.020000 28.700000
5.980000 25.860000 28.700000
5.980000 28.700000 28.700000
5.980000 31.540000 28.700000
5.980000 3.140000 31.540000
5.980000 5.980000 31.540000
5.980000 8.820000 31.540000
5.980000 11.660000 31.540000
5.980000 23.020000 31.540000
5.980000 25.860000 31.540000
5.980000 28.700000 31.540000
5.980000 31.540000 31.540000
5.980000 3.140000 34.380000
5.980000 5.980000 34.380000
5.980000 8.820000 34.380000
5.980000 25.860000 34.380000
5.980000 28.700000 34.380000
5.980000 31.540000 34.380000
5.980000 3.140000 37.220000
5.980000 5.980000 37.220000
5.980000 8.820000 37.220000
5.980000 11.660000 37.220000
5.980000 14.500000 37.220000
5.980000 17.340000 37.220000
5.980000 20.180000 37.220000
5.980000 23.020000 37.220000
5.980000 25.860000 37.220000
5.980000 28.700000 37.220000
5.980000 31.540000 37.220000
5.980000 3.140000 40.060000
5.980000 5.980000 40.060000
5.980000 8.820000 40.060000
5.980000 11.660000 40.060000
5.980000 14.500000 40.060000
5.980000 17.340000 40.060000
5.980000 20.180000 40.060000
5.980000 23.020000 40.060000
5.980000 25.860000 40.060000
5.980000 28.700000 40.060000
5.980000 31.540000 40.060000
5.980000 3.140000 42.900000
5.980000 5.980000 42.900000
5.980000 8.820000 42.900000
5.980000 11.660000 42.900000
5.980000 14.500000 42.900000
5.980000 17.340000 42.900000
5.980000 20.180000 42.900000
5.980000 23.020000 42.900000
5.980000 25.860000 42.900000
5.980000 28.700000 42.900000
5.980000 31.540000 42.900000
8.820000 3.140000 25.860000
8.820000 5.980000 25.860000
8.820000 8.820000 25.860000
8.820000 11.660000 25.860000
8.820000 23.020000 25.860000
8.820000 25.860000 25.860000
8.820000 28.700000 25.860000
8.820000 31.540000 25.860000
8.820000 3.140000 28.700000
8.820000 5.980000 28.700000
8.820000 8.820000 28.700000
8.820000 11.660000 28.700000
8.820000 23.020000 28.700000
8.820000 25.860000 28.700000
8.820000 28.700000 28.700000
8.820000 31.540000 28.700000
8.820000 3.140000 31.540000
8.820000 5.980000 31.540000
8.820000 8.820000 31.540000
8.820000 11.660000 31.540000
8.820000 23.020000 31.540000
8.820000 25.860000 31.540000
8.820000 28.700000 31.540000
8.820000 31.540000 31.540000
8.820000 3.140000 34.380000
8.820000 5.980000 34.380000
8.820000 8.820000 34.380000
8.820000 25.860000 34.380000
8.820000 28.700000 34.380000
8.820000 31.540000 34.380000
8.820000 3.140000 37.220000
8.820000 5.980000 37.220000
8.820000 8.820000 37.220000
8.820000 11.660000 37.220000
8.820000 14.500000 37.220000
8.820000 17.340000 37.220000
8.820000 20.180000 37.220000
8.820000 23.020000 37.220000
8.820000 25.860000 37.220000
8.820000 28.700000 37.220000
8.820000 31.540000 37.220000
8.820000 3.140000 40.060000
8.820000 5.980000 40.060000
8.820000 8.820000 40.060000
8.820000 11.660000 40.060000
8.820000 14.500000 40.060000
8.820000 17.340000 40.060000
8.820000 20.180000 40.060000
8.820000 23.020000 40.060000
8.820000 25.860000 40.060000
8.820000 28.700000 40.060000
8.820000 31.540000 40.060000
8.820000 3.140000 42.900000
8.820000 5.980000 42.900000
8.820000 8.820000 42.900000
8.820000 11.660000 42.900000
8.820000 14.500000 42.900000
8.820000 17.340000 42.900000
8.820000 20.180000 42.900000
8.820000 23.020000 42.900000
8.820000 25.860000 42.900000
8.820000 28.700000 42.900000
8.820000 31.540000 42.900000
8.820000 14.500000 45.740000
8.820000 17.340000 45.740000
8.820000 20.180000 45.740000
11.660000 3.140000 25.860000
11.660000 5.980000 25.860000
11.660000 8.820000 25.860000
11.660000 11.660000 25.860000
11.660000 23.020000 25.860000
11.660000 25.860000 25.860000
11.660000 28.700000 25.860000
11.660000 31.540000 25.860000
11.660000 3.140000 28.700000
11.660000 5.980000 28.700000
11.660000 8.820000 28.700000
11.660000 11.660000 28.700000
11.660000 23.020000 28.700000
11.660000 25.860000 28.700000
11.660000 28.700000 28.700000
11.660000 31.540000 28.700000
11.660000 3.140000 31.540000
11.660000 5.980000 31.540000
11.660000 8.820000 31.540000
11.660000 11.660000 31.540000
11.660000 23.020000 31.540000
11.660000 25.860000 31.540000
11.660000 28.700000 31.540000
11.660000 31.540000 31.540000
11.660000 3.140000 34.380000
11.660000 5.980000 34.380000
11.660000 8.820000 34.380000
11.660000 25.860000 34.380000
11.660000 28.700000 34.380000
11.660000 31.540000 34.380000
11.660000 3.140000 37.220000
11.660000 5.980000 37.220000
11.660000 8.820000 37.220000
11.660000 11.660000 37.220000
11.660000 14.500000 37.220000
11.660000 17.340000 37.220000
11.660000 20.180000 37.220000
11.660000 23.020000 37.220000
11.660000 25.860000 37.220000
11.660000 28.700000 37.220000
11.660000 31.540000 37.220000
11.660000 3.140000 40.060000
11.660000 5.980000 40.060000
11.660000 8.820000 40.060000
11.660000 11.660000 40.060000
11.660000 14.500000 40.060000
11.660000 17.340000 40.060000
11.660000 20.180000 40.060000
11.660000 23.020000 40.060000
11.660000 25.860000 40.060000
11.660000 28.700000 40.060000
11.660000 31.540000 40.060000
11.660000 3.140000 42.900000
11.660000 5.980000 42.900000
11.660000 8.820000 42.900000
11.660000 11.660000 42.900000
11.660000 14.500000 42.900000
11.660000 17.340000 42.900000
11.660000 20.180000 42.900000
11.660000 23.020000 42.900000
11.660000 25.860000 42.900000
11.660000 28.700000 42.900000
11.660000 31.540000 42.900000
11.660000 14.500000 45.740000
11.660000 17.340000 45.740000
11.660000 20.180000 45.740000
14.500000 14.500000 42.900000
14.500000 17.340000 42.900000
14.500000 20.180000 42.900000
14.500000 14.500000 45.740000
14.500000 17.340000 45.740000
14.500000 20.180000 45.740000
