-19.580000 8.820000 0.300000
-19.580000 11.660000 0.300000
-19.580000 14.500000 0.300000
-19.580000 17.340000 0.300000
-19.580000 20.180000 0.300000
-19.580000 23.020000 0.300000
-19.580000 25.860000 0.300000
-19.580000 8.820000 3.140000
-19.580000 11.660000 3.140000
-19.580000 14.500000 3.140000
-19.580000 17.340000 3.140000
-19.580000 20.180000 3.140000
-19.580000 23.020000 3.140000
-19.580000 25.860000 3.140000
-19.580000 8.820000 5.980000
-19.580000 11.660000 5.980000
-19.580000 14.500000 5.980000
-19.580000 17.340000 5.980000
-19.580000 20.180000 5.980000
-19.580000 23.020000 5.980000
-19.580000 25.860000 5.980000
-19.580000 8.820000 8.820000
-19.580000 11.660000 8.820000
-19.580000 14.500000 8.820000
-19.580000 17.340000 8.820000
-19.580000 20.180000 8.820000
-19.580000 23.020000 8.820000
-19.580000 25.860000 8.820000
-19.580000 8.820000 11.660000
-19.580000 11.660000 11.660000
-19.580000 14.500000 11.660000
-19.580000 17.340000 11.660000
-19.580000 20.180000 11.660000
-19.580000 23.020000 11.660000
-19.580000 25.860000 11.660000
-19.580000 8.820000 14.500000
-19.580000 11.660000 14.500000
-19.580000 14.500000 14.500000
-19.580000 17.340000 14.500000
-19.580000 20.180000 14.500000
-19.580000 23.020000 14.500000
-19.580000 25.860000 14.500000
-19.580000 8.820000 17.340000
-19.580000 11.660000 17.340000
-19.580000 14.500000 17.340000
-19.580000 17.340000 17.340000
-19.580000 20.180000 17.340000
-19.580000 23.020000 17.340000
-19.580000 25.860000 17.340000
-16.740000 8.820000 0.300000
-16.740000 11.660000 0.300000
-16.740000 14.500000 0.300000
-16.740000 17.340000 0.300000
-16.740000 20.180000 0.300000
-16.740000 23.020000 0.300000
-16.740000 25.860000 0.300000
-16.740000 8.820000 3.140000
-16.740000 11.660000 3.140000
-16.740000 14.500000 3.140000
-16.740000 17.340000 3.140000
-16.740000 20.180000 3.140000
-16.740000 23.020000 3.140000
-16.740000 25.860000 3.140000
-16.740000 8.820000 5.980000
-16.740000 11.660000 5.980000
-16.740000 14.500000 5.980000
-16.740000 17.340000 5.980000
-16.740000 20.180000 5.980000
-16.740000 23.020000 5.980000
-16.740000 25.860000 5.980000
-16.740000 8.820000 8.820000
-16.740000 11.660000 8.820000
-16.740000 14.500000 8.820000
-16.740000 17.340000 8.820000
-16.740000 20.180000 8.820000
-16.740000 23.020000 8.820000
-16.740000 25.860000 8.820000
-16.740000 8.820000 11.660000
-16.740000 11.660000 11.660000
-16.740000 14.500000 11.660000
-16.740000 17.340000 11.660000
-16.740000 20.180000 11.660000
-16.740000 23.020000 11.660000
-16.740000 25.860000 11.660000
-16.740000 8.820000 14.500000
-16.740000 11.660000 14.500000
-16.740000 14.500000 14.500000
-16.740000 17.340000 14.500000
-16.740000 20.180000 14.500000
-16.740000 23.020000 14.500000
-16.740000 25.860000 14.500000
-16.740000 8.820000 17.340000
-16.740000 11.660000 17.340000
-16.740000 14.500000 17.340000
-16.740000 17.340000 17.340000
-16.740000 20.180000 17.340000
-16.740000 23.020000 17.340000
-16.740000 25.860000 17.340000
-13.900000 8.820000 0.300000
-13.900000 11.660000 0.300000
-13.900000 14.500000 0.300000
-13.900000 17.340000 0.300000
-13.900000 20.180000 0.300000
-13.900000 23.020000 0.300000
-13.900000 25.860000 0.300000
-13.900000 8.820000 3.140000
-13.900000 11.660000 3.140000
-13.900000 14.500000 3.140000
-13.900000 17.340000 3.140000
-13.900000 20.180000 3.140000
-13.900000 23.020000 3.140000
-13.900000 25.860000 3.140000
-13.900000 8.820000 5.980000
-13.900000 11.660000 5.980000
-13.900000 14.500000 5.980000
-13.900000 17.340000 5.980000
-13.900000 20.180000 5.980000
-13.900000 23.020000 5.980000
-13.900000 25.860000 5.980000
-13.900000 8.820000 8.820000
-13.900000 11.660000 8.820000
-13.900000 14.500000 8.820000
-13.900000 17.340000 8.820000
-13.900000 20.180000 8.820000
-13.900000 23.020000 8.820000
-13.900000 25.860000 8.820000
-13.900000 8.820000 11.660000
-13.900000 11.660000 11.660000
-13.900000 14.500000 11.660000
-13.900000 17.340000 11.660000
-13.900000 20.180000 11.660000
-13.900000 23.020000 11.660000
-13.900000 25.860000 11.660000
-13.900000 8.820000 14.500000
-13.900000 11.660000 14.500000
-13.900000 14.500000 14.500000
-13.900000 17.340000 14.500000
-13.900000 20.180000 14.500000
-13.900000 23.020000 14.500000
-13.900000 25.860000 14.500000
-13.900000 8.820000 17.340000
-13.900000 11.660000 17.340000
-13.900000 14.500000 17.340000
-13.900000 17.340000 17.340000
-13.900000 20.180000 17.340000
-13.900000 23.020000 17.340000
-13.900000 25.860000 17.340000
-11.060000 8.820000 0.300000
-11.060000 11.660000 0.300000
-11.060000 14.500000 0.300000
-11.060000 17.340000 0.300000
-11.060000 20.180000 0.300000
-11.060000 23.020000 0.300000
-11.060000 25.860000 0.300000
-11.060000 8.820000 3.140000
-11.060000 11.660000 3.140000
-11.060000 14.500000 3.140000
-11.060000 17.340000 3.140000
-11.060000 20.180000 3.140000
-11.060000 23.020000 3.140000
-11.060000 25.860000 3.140000
-11.060000 8.820000 5.980000
-11.060000 11.660000 5.980000
-11.060000 14.500000 5.980000
-11.060000 17.340000 5.980000
-11.060000 20.180000 5.980000
-11.060000 23.020000 5.980000
-11.060000 25.860000 5.980000
-11.060000 8.820000 8.820000
-11.060000 11.660000 8.820000
-11.060000 14.500000 8.820000
-11.060000 17.340000 8.820000
-11.060000 20.180000 8.820000
-11.060000 23.020000 8.820000
-11.060000 25.860000 8.820000
-11.060000 8.820000 11.660000
-11.060000 11.660000 11.660000
-11.060000 14.500000 11.660000
-11.060000 17.340000 11.660000
-11.060000 20.180000 11.660000
-11.060000 23.020000 11.660000
-11.060000 25.860000 11.660000
-11.060000 8.820000 14.500000
-11.060000 11.660000 14.500000
-11.060000 14.500000 14.500000
-11.060000 17.340000 14.500000
-11.060000 20.180000 14.500000
-11.060000 23.020000 14.500000
-11.060000 25.860000 14.500000
-11.060000 8.820000 17.340000
-11.060000 11.660000 17.340000
-11.060000 14.500000 17.340000
-11.060000 17.340000 17.340000
-11.060000 20.180000 17.340000
-11.060000 23.020000 17.340000
-11.060000 25.860000 17.340000
-8.220000 8.820000 0.300000
-8.220000 11.660000 0.300000
-8.220000 14.500000 0.300000
-8.220000 17.340000 0.300000
-8.220000 20.180000 0.300000
-8.220000 23.020000 0.300000
-8.220000 25.860000 0.300000
-8.220000 8.820000 3.140000
-8.220000 11.660000 3.140000
-8.220000 14.500000 3.140000
-8.220000 17.340000 3.140000
-8.220000 20.180000 3.140000
-8.220000 23.020000 3.140000
-8.220000 25.860000 3.140000
-8.220000 8.820000 5.980000
-8.220000 11.660000 5.980000
-8.220000 14.500000 5.980000
-8.220000 17.340000 5.980000
-8.220000 20.180000 5.980000
-8.220000 23.020000 5.980000
-8.220000 25.860000 5.980000
-8.220000 8.820000 8.820000
-8.220000 11.660000 8.820000
-8.220000 14.500000 8.820000
-8.220000 17.340000 8.820000
-8.220000 20.180000 8.820000
-8.220000 23.020000 8.820000
-8.220000 25.860000 8.820000
-8.220000 8.820000 11.660000
-8.220000 11.660000 11.660000
-8.220000 14.500000 11.660000
-8.220000 17.340000 11.660000
-8.220000 20.180000 11.660000
-8.220000 23.020000 11.660000
-8.220000 25.860000 11.660000
-8.220000 8.820000 14.500000
-8.220000 11.660000 14.500000
-8.220000 14.500000 14.500000
-8.220000 17.340000 14.500000
-8.220000 20.180000 14.500000
-8.220000 23.020000 14.500000
-8.220000 25.860000 14.500000
-8.220000 8.820000 17.340000
-8.220000 11.660000 17.340000
-8.220000 14.500000 17.340000
-8.220000 17.340000 17.340000
-8.220000 20.180000 17.340000
-8.220000 23.020000 17.340000
-8.220000 25.860000 17.340000
-5.380000 8.820000 0.300000
-5.380000 11.660000 0.300000
-5.380000 14.500000 0.300000
-5.380000 17.340000 0.300000
-5.380000 20.180000 0.300000
-5.380000 23.020000 0.300000
-5.380000 25.860000 0.300000
-5.380000 8.820000 3.140000
-5.380000 11.660000 3.140000
-5.380000 14.500000 3.140000
-5.380000 17.340000 3.140000
-5.380000 20.180000 3.140000
-5.380000 23.020000 3.140000
-5.380000 25.860000 3.140000
-5.380000 8.820000 5.980000
-5.380000 11.660000 5.980000
-5.380000 14.500000 5.980000
-5.380000 17.340000 5.980000
-5.380000 20.180000 5.980000
-5.380000 23.020000 5.980000
-5.380000 25.860000 5.980000
-5.380000 8.820000 8.820000
-5.380000 11.660000 8.820000
-5.380000 14.500000 8.820000
-5.380000 17.340000 8.820000
-5.380000 20.180000 8.820000
-5.380000 23.020000 8.820000
-5.380000 25.860000 8.820000
-5.380000 8.820000 11.660000
-5.380000 11.660000 11.660000
-5.380000 14.500000 11.660000
-5.380000 17.340000 11.660000
-5.380000 20.180000 11.660000
-5.380000 23.020000 11.660000
-5.380000 25.860000 11.660000
-5.380000 8.820000 14.500000
-5.380000 11.660000 14.500000
-5.380000 14.500000 14.500000
-5.380000 17.340000 14.500000
-5.380000 20.180000 14.500000
-5.380000 23.020000 14.500000
-5.380000 25.860000 14.500000
-5.380000 8.820000 17.340000
-5.380000 11.660000 17.340000
-5.380000 14.500000 17.340000
-5.380000 17.340000 17.340000
-5.380000 20.180000 17.340000
-5.380000 23.020000 17.340000
-5.380000 25.860000 17.340000
-2.540000 8.820000 0.300000
-2.540000 11.660000 0.300000
-2.540000 14.500000 0.300000
-2.540000 17.340000 0.300000
-2.540000 20.180000 0.300000
-2.540000 23.020000 0.300000
-2.540000 25.860000 0.300000
-2.540000 8.820000 3.140000
-2.540000 11.660000 3.140000
-2.540000 14.500000 3.140000
-2.540000 17.340000 3.140000
-2.540000 20.180000 3.140000
-2.540000 23.020000 3.140000
-2.540000 25.860000 3.140000
-2.540000 8.820000 5.980000
-2.540000 11.660000 5.980000
-2.540000 14.500000 5.980000
-2.540000 17.340000 5.980000
-2.540000 20.180000 5.980000
-2.540000 23.020000 5.980000
-2.540000 25.860000 5.980000
-2.540000 8.820000 8.820000
-2.540000 11.660000 8.820000
-2.540000 14.500000 8.820000
-2.540000 17.340000 8.820000
-2.540000 20.180000 8.820000
-2.540000 23.020000 8.820000
-2.540000 25.860000 8.820000
-2.540000 8.820000 11.660000
-2.540000 11.660000 11.660000
-2.540000 14.500000 11.660000
-2.540000 17.340000 11.660000
-2.540000 20.180000 11.660000
-2.540000 23.020000 11.660000
-2.540000 25.860000 11.660000
-2.540000 8.820000 14.500000
-2.540000 11.660000 14.500000
-2.540000 14.500000 14.500000
-2.540000 17.340000 14.500000
-2.540000 20.180000 14.500000
-2.540000 23.020000 14.500000
-2.540000 25.860000 14.500000
-2.540000 8.820000 17.340000
-2.540000 11.660000 17.340000
-2.540000 14.500000 17.340000
-2.540000 17.340000 17.340000
-2.540000 20.180000 17.340000
-2.540000 23.020000 17.340000
-2.540000 25.860000 17.340000
0.300000 8.820000 0.300000
0.300000 11.660000 0.300000
0.300000 14.500000 0.300000
0.300000 17.340000 0.300000
0.300000 20.180000 0.300000
0.300000 23.020000 0.300000
0.300000 25.860000 0.300000
0.300000 8.820000 3.140000
0.300000 11.660000 3.140000
0.300000 14.500000 3.140000
0.300000 17.340000 3.140000
0.300000 20.180000 3.140000
0.300000 23.020000 3.140000
0.300000 25.860000 3.140000
0.300000 8.820000 5.980000
0.300000 11.660000 5.980000
0.300000 14.500000 5.980000
0.300000 17.340000 5.980000
0.300000 20.180000 5.980000
0.300000 23.020000 5.980000
0.300000 25.860000 5.980000
0.300000 8.820000 8.820000
0.300000 11.660000 8.820000
0.300000 14.500000 8.820000
0.300000 17.340000 8.820000
0.300000 20.180000 8.820000
0.300000 23.020000 8.820000
0.300000 25.860000 8.820000
0.300000 8.820000 11.660000
0.300000 11.660000 11.660000
0.300000 14.500000 11.660000
0.300000 17.340000 11.660000
0.300000 20.180000 11.660000
0.300000 23.020000 11.660000
0.300000 25.860000 11.660000
0.300000 8.820000 14.500000
0.300000 11.660000 14.500000
0.300000 14.500000 14.500000
0.300000 17.340000 14.500000
0.300000 20.180000 14.500000
0.300000 23.020000 14.500000
0.300000 25.860000 14.500000
0.300000 8.820000 17.340000
0.300000 11.660000 17.340000
0.300000 14.500000 17.340000
0.300000 17.340000 17.340000
0.300000 20.180000 17.340000
0.300000 23.020000 17.340000
0.300000 25.860000 17.340000
3.140000 8.820000 0.300000
3.140000 11.660000 0.300000
3.140000 14.500000 0.300000
3.140000 17.340000 0.300000
3.140000 20.180000 0.300000
3.140000 23.020000 0.300000
3.140000 25.860000 0.300000
3.140000 8.820000 3.140000
3.140000 11.660000 3.140000
3.140000 14.500000 3.140000
3.140000 17.340000 3.140000
3.140000 20.180000 3.140000
3.140000 23.020000 3.140000
3.140000 25.860000 3.140000
3.140000 8.820000 5.980000
3.140000 11.660000 5.980000
3.140000 14.500000 5.980000
3.140000 17.340000 5.980000
3.140000 20.180000 5.980000
3.140000 23.020000 5.980000
3.140000 25.860000 5.980000
3.140000 8.820000 8.820000
3.140000 11.660000 8.820000
3.140000 14.500000 8.820000
3.140000 17.340000 8.820000
3.140000 20.180000 8.820000
3.140000 23.020000 8.820000
3.140000 25.860000 8.820000
3.140000 8.820000 11.660000
3.140000 11.660000 11.660000
3.140000 14.500000 11.660000
3.140000 17.340000 11.660000
3.140000 20.180000 11.660000
3.140000 23.020000 11.660000
3.140000 25.860000 11.660000
3.140000 8.820000 14.500000
3.140000 11.660000 14.500000
3.140000 14.500000 14.500000
3.140000 17.340000 14.500000
3.140000 20.180000 14.500000
3.140000 23.020000 14.500000
3.140000 25.860000 14.500000
3.140000 8.820000 17.340000
3.140000 11.660000 17.340000
3.140000 14.500000 17.340000
3.140000 17.340000 17.340000
3.140000 20.180000 17.340000
3.140000 23.020000 17.340000
3.140000 25.860000 17.340000
5.980000 8.820000 0.300000
5.980000 11.660000 0.300000
5.980000 14.500000 0.300000
5.980000 17.340000 0.300000
5.980000 20.180000 0.300000
5.980000 23.020000 0.300000
5.980000 25.860000 0.300000
5.980000 8.820000 3.140000
5.980000 11.660000 3.140000
5.980000 14.500000 3.140000
5.980000 17.340000 3.140000
5.980000 20.180000 3.140000
5.980000 23.020000 3.140000
5.980000 25.860000 3.140000
5.980000 8.820000 5.980000
5.980000 11.660000 5.980000
5.980000 14.500000 5.980000
5.980000 17.340000 5.980000
5.980000 20.180000 5.980000
5.980000 23.020000 5.980000
5.980000 25.860000 5.980000
5.980000 8.820000 8.820000
5.980000 11.660000 8.820000
5.980000 14.500000 8.820000
5.980000 17.340000 8.820000
5.980000 20.180000 8.820000
5.980000 23.020000 8.820000
5.980000 25.860000 8.820000
5.980000 8.820000 11.660000
5.980000 11.660000 11.660000
5.980000 14.500000 11.660000
5.980000 17.340000 11.660000
5.980000 20.180000 11.660000
5.980000 23.020000 11.660000
5.980000 25.860000 11.660000
5.980000 8.820000 14.500000
5.980000 11.660000 14.500000
5.980000 14.500000 14.500000
5.980000 17.340000 14.500000
5.980000 20.180000 14.500000
5.980000 23.020000 14.500000
5.980000 25.860000 14.500000
5.980000 8.820000 17.340000
5.980000 11.660000 17.340000
5.980000 14.500000 17.340000
5.980000 17.340000 17.340000
5.980000 20.180000 17.340000
5.980000 23.020000 17.340000
5.980000 25.860000 17.340000
8.820000 8.820000 0.300000
8.820000 11.660000 0.300000
8.820000 14.500000 0.300000
8.820000 17.340000 0.300000
8.820000 20.180000 0.300000
8.820000 23.020000 0.300000
8.820000 25.860000 0.300000
8.820000 8.820000 3.140000
8.820000 11.660000 3.140000
8.820000 14.500000 3.140000
8.820000 17.340000 3.140000
8.820000 20.180000 3.140000
8.820000 23.020000 3.140000
8.820000 25.860000 3.140000
8.820000 8.820000 5.980000
8.820000 11.660000 5.980000
8.820000 14.500000 5.980000
8.820000 17.340000 5.980000
8.820000 20.180000 5.980000
8.820000 23.020000 5.980000
8.820000 25.860000 5.980000
8.820000 8.820000 8.820000
8.820000 11.660000 8.820000
8.820000 14.500000 8.820000
8.820000 17.340000 8.820000
8.820000 20.180000 8.820000
8.820000 23.020000 8.820000
8.820000 25.860000 8.820000
8.820000 8.820000 11.660000
8.820000 11.660000 11.660000
8.820000 14.500000 11.660000
8.820000 17.340000 11.660000
8.820000 20.180000 11.660000
8.820000 23.020000 11.660000
8.820000 25.860000 11.660000
8.820000 8.820000 14.500000
8.820000 11.660000 14.500000
8.820000 14.500000 14.500000
8.820000 17.340000 14.500000
8.820000 20.180000 14.500000
8.820000 23.020000 14.500000
8.820000 25.860000 14.500000
8.820000 8.820000 17.340000
8.820000 11.660000 17.340000
8.820000 14.500000 17.340000
8.820000 17.340000 17.340000
8.820000 20.180000 17.340000
8.820000 23.020000 17.340000
8.820000 25.860000 17.340000
11.660000 8.820000 0.300000
11.660000 11.660000 0.300000
11.660000 14.500000 0.300000
11.660000 17.340000 0.300000
11.660000 20.180000 0.300000
11.660000 23.020000 0.300000
11.660000 25.860000 0.300000
11.660000 8.820000 3.140000
11.660000 11.660000 3.140000
11.660000 14.500000 3.140000
11.660000 17.340000 3.140000
11.660000 20.180000 3.140000
11.660000 23.020000 3.140000
11.660000 25.860000 3.140000
11.660000 8.820000 5.980000
11.660000 11.660000 5.980000
11.660000 14.500000 5.980000
11.660000 17.340000 5.980000
11.660000 20.180000 5.980000
11.660000 23.020000 5.980000
11.660000 25.860000 5.980000
11.660000 8.820000 8.820000
11.660000 11.660000 8.820000
11.660000 14.500000 8.820000
11.660000 17.340000 8.820000
11.660000 20.180000 8.820000
11.660000 23.020000 8.820000
11.660000 25.860000 8.820000
11.660000 8.820000 11.660000
11.660000 11.660000 11.660000
11.660000 14.500000 11.660000
11.660000 17.340000 11.660000
11.660000 20.180000 11.660000
11.660000 23.020000 11.660000
11.660000 25.860000 11.660000
11.660000 8.820000 14.500000
11.660000 11.660000 14.500000
11.660000 14.500000 14.500000
11.660000 17.340000 14.500000
11.660000 20.180000 14.500000
11.660000 23.020000 14.500000
11.660000 25.860000 14.500000
11.660000 8.820000 17.340000
11.660000 11.660000 17.340000
11.660000 14.500000 17.340000
11.660000 17.340000 17.340000
11.660000 20.180000 17.340000
11.660000 23.020000 17.340000
11.660000 25.860000 17.340000
14.500000 8.820000 0.300000
14.500000 11.660000 0.300000
14.500000 14.500000 0.300000
14.500000 17.340000 0.300000
14.500000 20.180000 0.300000
14.500000 23.020000 0.300000
14.500000 25.860000 0.300000
14.500000 8.820000 3.140000
14.500000 11.660000 3.140000
14.500000 14.500000 3.140000
14.500000 17.340000 3.140000
14.500000 20.180000 3.140000
14.500000 23.020000 3.140000
14.500000 25.860000 3.140000
14.500000 8.820000 5.980000
14.500000 11.660000 5.980000
14.500000 14.500000 5.980000
14.500000 17.340000 5.980000
14.500000 20.180000 5.980000
14.500000 23.020000 5.980000
14.500000 25.860000 5.980000
14.500000 8.820000 8.820000
14.500000 11.660000 8.820000
14.500000 14.500000 8.820000
14.500000 17.340000 8.820000
14.500000 20.180000 8.820000
14.500000 23.020000 8.820000
14.500000 25.860000 8.820000
14.500000 8.820000 11.660000
14.500000 11.660000 11.660000
14.500000 14.500000 11.660000
14.500000 17.340000 11.660000
14.500000 20.180000 11.660000
14.500000 23.020000 11.660000
14.500000 25.860000 11.660000
14.500000 8.820000 14.500000
14.500000 11.660000 14.500000
14.500000 14.500000 14.500000
14.500000 17.340000 14.500000
14.500000 20.180000 14.500000
14.500000 23.020000 14.500000
14.500000 25.860000 14.500000
14.500000 8.820000 17.340000
14.500000 11.660000 17.340000
14.500000 14.500000 17.340000
14.500000 17.340000 17.340000
14.500000 20.180000 17.340000
14.500000 23.020000 17.340000
14.500000 25.860000 17.340000
17.340000 8.820000 0.300000
17.340000 11.660000 0.300000
17.340000 14.500000 0.300000
17.340000 17.340000 0.300000
17.340000 20.180000 0.300000
17.340000 23.020000 0.300000
17.340000 25.860000 0.300000
17.340000 8.820000 3.140000
17.340000 11.660000 3.140000
17.340000 14.500000 3.140000
17.340000 17.340000 3.140000
17.340000 20.180000 3.140000
17.340000 23.020000 3.140000
17.340000 25.860000 3.140000
17.340000 8.820000 5.980000
17.340000 11.660000 5.980000
17.340000 14.500000 5.980000
17.340000 17.340000 5.980000
17.340000 20.180000 5.980000
17.340000 23.020000 5.980000
17.340000 25.860000 5.980000
17.340000 8.820000 8.820000
17.340000 11.660000 8.820000
17.340000 14.500000 8.820000
17.340000 17.340000 8.820000
17.340000 20.180000 8.820000
17.340000 23.020000 8.820000
17.340000 25.860000 8.820000
17.340000 8.820000 11.660000
17.340000 11.660000 11.660000
17.340000 14.500000 11.660000
17.340000 17.340000 11.660000
17.340000 20.180000 11.660000
17.340000 23.020000 11.660000
17.340000 25.860000 11.660000
17.340000 8.820000 14.500000
17.340000 11.660000 14.500000
17.340000 14.500000 14.500000
17.340000 17.340000 14.500000
17.340000 20.180000 14.500000
17.340000 23.020000 14.500000
17.340000 25.860000 14.500000
17.340000 8.820000 17.340000
17.340000 11.660000 17.340000
17.340000 14.500000 17.340000
17.340000 17.340000 17.340000
17.340000 20.180000 17.340000
17.340000 23.020000 17.340000
17.340000 25.860000 17.340000
20.180000 8.820000 0.300000
20.180000 11.660000 0.300000
20.180000 14.500000 0.300000
20.180000 17.340000 0.300000
20.180000 20.180000 0.300000
20.180000 23.020000 0.300000
20.180000 25.860000 0.300000
20.180000 8.820000 3.140000
20.180000 11.660000 3.140000
20.180000 14.500000 3.140000
20.180000 17.340000 3.140000
20.180000 20.180000 3.140000
20.180000 23.020000 3.140000
20.180000 25.860000 3.140000
20.180000 8.820000 5.980000
20.180000 11.660000 5.980000
20.180000 14.500000 5.980000
20.180000 17.340000 5.980000
20.180000 20.180000 5.980000
20.180000 23.020000 5.980000
20.180000 25.860000 5.980000
20.180000 8.820000 8.820000
20.180000 11.660000 8.820000
20.180000 14.500000 8.820000
20.180000 17.340000 8.820000
20.180000 20.180000 8.820000
20.180000 23.020000 8.820000
20.180000 25.860000 8.820000
20.180000 8.820000 11.660000
20.180000 11.660000 11.660000
20.180000 14.500000 11.660000
20.180000 17.340000 11.660000
20.180000 20.180000 11.660000
20.180000 23.020000 11.660000
20.180000 25.860000 11.660000
20.180000 8.820000 14.500000
20.180000 11.660000 14.500000
20.180000 14.500000 14.500000
20.180000 17.340000 14.500000
20.180000 20.180000 14.500000
20.180000 23.020000 14.500000
20.180000 25.860000 14.500000
20.180000 8.820000 17.340000
20.180000 11.660000 17.340000
20.180000 14.500000 17.340000
20.180000 17.340000 17.340000
20.180000 20.180000 17.340000
20.180000 23.020000 17.340000
20.180000 25.860000 17.340000
23.020000 8.820000 0.300000
23.020000 11.660000 0.300000
23.020000 14.500000 0.300000
23.020000 17.340000 0.300000
23.020000 20.180000 0.300000
23.020000 23.020000 0.300000
23.020000 25.860000 0.300000
23.020000 8.820000 3.140000
23.020000 11.660000 3.140000
23.020000 14.500000 3.140000
23.020000 17.340000 3.140000
23.020000 20.180000 3.140000
23.020000 23.020000 3.140000
23.020000 25.860000 3.140000
23.020000 8.820000 5.980000
23.020000 11.660000 5.980000
23.020000 14.500000 5.980000
23.020000 17.340000 5.980000
23.020000 20.180000 5.980000
23.020000 23.020000 5.980000
23.020000 25.860000 5.980000
23.020000 8.820000 8.820000
23.020000 11.660000 8.820000
23.020000 14.500000 8.820000
23.020000 17.340000 8.820000
23.020000 20.180000 8.820000
23.020000 23.020000 8.820000
23.020000 25.860000 8.820000
23.020000 8.820000 11.660000
23.020000 11.660000 11.660000
23.020000 14.500000 11.660000
23.020000 17.340000 11.660000
23.020000 20.180000 11.660000
23.020000 23.020000 11.660000
23.020000 25.860000 11.660000
23.020000 8.820000 14.500000
23.020000 11.660000 14.500000
23.020000 14.500000 14.500000
23.020000 17.340000 14.500000
23.020000 20.180000 14.500000
23.020000 23.020000 14.500000
23.020000 25.860000 14.500000
23.020000 8.820000 17.340000
23.020000 11.660000 17.340000
23.020000 14.500000 17.340000
23.020000 17.340000 17.340000
23.020000 20.180000 17.340000
23.020000 23.020000 17.340000
23.020000 25.860000 17.340000
25.860000 8.820000 0.300000
25.860000 11.660000 0.300000
25.860000 14.500000 0.300000
25.860000 17.340000 0.300000
25.860000 20.180000 0.300000
25.860000 23.020000 0.300000
25.860000 25.860000 0.300000
25.860000 8.820000 3.140000
25.860000 11.660000 3.140000
25.860000 14.500000 3.140000
25.860000 17.340000 3.140000
25.860000 20.180000 3.140000
25.860000 23.020000 3.140000
25.860000 25.860000 3.140000
25.860000 8.820000 5.980000
25.860000 11.660000 5.980000
25.860000 14.500000 5.980000
25.860000 17.340000 5.980000
25.860000 20.180000 5.980000
25.860000 23.020000 5.980000
25.860000 25.860000 5.980000
25.860000 8.820000 8.820000
25.860000 11.660000 8.820000
25.860000 14.500000 8.820000
25.860000 17.340000 8.820000
25.860000 20.180000 8.820000
25.860000 23.020000 8.820000
25.860000 25.860000 8.820000
25.860000 8.820000 11.660000
25.860000 11.660000 11.660000
25.860000 14.500000 11.660000
25.860000 17.340000 11.660000
25.860000 20.180000 11.660000
25.860000 23.020000 11.660000
25.860000 25.860000 11.660000
25.860000 8.820000 14.500000
25.860000 11.660000 14.500000
25.860000 14.500000 14.500000
25.860000 17.340000 14.500000
25.860000 20.180000 14.500000
25.860000 23.020000 14.500000
25.860000 25.860000 14.500000
25.860000 8.820000 17.340000
25.860000 11.660000 17.340000
25.860000 14.500000 17.340000
25.860000 17.340000 17.340000
25.860000 20.180000 17.340000
25.860000 23.020000 17.340000
25.860000 25.860000 17.340000
28.700000 8.820000 0.300000
28.700000 11.660000 0.300000
28.700000 14.500000 0.300000
28.700000 17.340000 0.300000
28.700000 20.180000 0.300000
28.700000 23.020000 0.300000
28.700000 25.860000 0.300000
28.700000 8.820000 3.140000
28.700000 11.660000 3.140000
28.700000 14.500000 3.140000
28.700000 17.340000 3.140000
28.700000 20.180000 3.140000
28.700000 23.020000 3.140000
28.700000 25.860000 3.140000
28.700000 8.820000 5.980000
28.700000 11.660000 5.980000
28.700000 14.500000 5.980000
28.700000 17.340000 5.980000
28.700000 20.180000 5.980000
28.700000 23.020000 5.980000
28.700000 25.860000 5.980000
28.700000 8.820000 8.820000
28.700000 11.660000 8.820000
28.700000 14.500000 8.820000
28.700000 17.340000 8.820000
28.700000 20.180000 8.820000
28.700000 23.020000 8.820000
28.700000 25.860000 8.820000
28.700000 8.820000 11.660000
28.700000 11.660000 11.660000
28.700000 14.500000 11.660000
28.700000 17.340000 11.660000
28.700000 20.180000 11.660000
28.700000 23.020000 11.660000
28.700000 25.860000 11.660000
28.700000 8.820000 14.500000
28.700000 11.660000 14.500000
28.700000 14.500000 14.500000
28.700000 17.340000 14.500000
28.700000 20.180000 14.500000
28.700000 23.020000 14.500000
28.700000 25.860000 14.500000
28.700000 8.820000 17.340000
28.700000 11.660000 17.340000
28.700000 14.500000 17.340000
28.700000 17.340000 17.340000
28.700000 20.180000 17.340000
28.700000 23.020000 17.340000
28.700000 25.860000 17.340000
31.540000 8.820000 0.300000
31.540000 11.660000 0.300000
31.540000 14.500000 0.300000
31.540000 17.340000 0.300000
31.540000 20.180000 0.300000
31.540000 23.020000 0.300000
31.540000 25.860000 0.300000
31.540000 8.820000 3.140000
31.540000 11.660000 3.140000
31.540000 14.500000 3.140000
31.540000 17.340000 3.140000
31.540000 20.180000 3.140000
31.540000 23.020000 3.140000
31.540000 25.860000 3.140000
31.540000 8.820000 5.980000
31.540000 11.660000 5.980000
31.540000 14.500000 5.980000
31.540000 17.340000 5.980000
31.540000 20.180000 5.980000
31.540000 23.020000 5.980000
31.540000 25.860000 5.980000
31.540000 8.820000 8.820000
31.540000 11.660000 8.820000
31.540000 14.500000 8.820000
31.540000 17.340000 8.820000
31.540000 20.180000 8.820000
31.540000 23.020000 8.820000
31.540000 25.860000 8.820000
31.540000 8.820000 11.660000
31.540000 11.660000 11.660000
31.540000 14.500000 11.660000
31.540000 17.340000 11.660000
31.540000 20.180000 11.660000
31.540000 23.020000 11.660000
31.540000 25.860000 11.660000
31.540000 8.820000 14.500000
31.540000 11.660000 14.500000
31.540000 14.500000 14.500000
31.540000 17.340000 14.500000
31.540000 20.180000 14.500000
31.540000 23.020000 14.500000
31.540000 25.860000 14.500000
31.540000 8.820000 17.340000
31.540000 11.660000 17.340000
31.540000 14.500000 17.340000
31.540000 17.340000 17.340000
31.540000 20.180000 17.340000
31.540000 23.020000 17.340000
31.540000 25.860000 17.340000
34.380000 8.820000 0.300000
34.380000 11.660000 0.300000
34.380000 14.500000 0.300000
34.380000 17.340000 0.300000
34.380000 20.180000 0.300000
34.380000 23.020000 0.300000
34.380000 25.860000 0.300000
34.380000 8.820000 3.140000
34.380000 11.660000 3.140000
34.380000 14.500000 3.140000
34.380000 17.340000 3.140000
34.380000 20.180000 3.140000
34.380000 23.020000 3.140000
34.380000 25.860000 3.140000
34.380000 8.820000 5.980000
34.380000 11.660000 5.980000
34.380000 14.500000 5.980000
34.380000 17.340000 5.980000
34.380000 20.180000 5.980000
34.380000 23.020000 5.980000
34.380000 25.860000 5.980000
34.380000 8.820000 8.820000
34.380000 11.660000 8.820000
34.380000 14.500000 8.820000
34.380000 17.340000 8.820000
34.380000 20.180000 8.820000
34.380000 23.020000 8.820000
34.380000 25.860000 8.820000
34.380000 8.820000 11.660000
34.380000 11.660000 11.660000
34.380000 14.500000 11.660000
34.380000 17.340000 11.660000
34.380000 20.180000 11.660000
34.380000 23.020000 11.660000
34.380000 25.860000 11.660000
34.380000 8.820000 14.500000
34.380000 11.660000 14.500000
34.380000 14.500000 14.500000
34.380000 17.340000 14.500000
34.380000 20.180000 14.500000
34.380000 23.020000 14.500000
34.380000 25.860000 14.500000
34.380000 8.820000 17.340000
34.380000 11.660000 17.340000
34.380000 14.500000 17.340000
34.380000 17.340000 17.340000
34.380000 20.180000 17.340000
34.380000 23.020000 17.340000
34.380000 25.860000 17.340000
37.220000 8.820000 0.300000
37.220000 11.660000 0.300000
37.220000 14.500000 0.300000
37.220000 17.340000 0.300000
37.220000 20.180000 0.300000
37.220000 23.020000 0.300000
37.220000 25.860000 0.300000
37.220000 8.820000 3.140000
37.220000 11.660000 3.140000
37.220000 14.500000 3.140000
37.220000 17.340000 3.140000
37.220000 20.180000 3.140000
37.220000 23.020000 3.140000
37.220000 25.860000 3.140000
37.220000 8.820000 5.980000
37.220000 11.660000 5.980000
37.220000 14.500000 5.980000
37.220000 17.340000 5.980000
37.220000 20.180000 5.980000
37.220000 23.020000 5.980000
37.220000 25.860000 5.980000
37.220000 8.820000 8.820000
37.220000 11.660000 8.820000
37.220000 14.500000 8.820000
37.220000 17.340000 8.820000
37.220000 20.180000 8.820000
37.220000 23.020000 8.820000
37.220000 25.860000 8.820000
37.220000 8.820000 11.660000
37.220000 11.660000 11.660000
37.220000 14.500000 11.660000
37.220000 17.340000 11.660000
37.220000 20.180000 11.660000
37.220000 23.020000 11.660000
37.220000 25.860000 11.660000
37.220000 8.820000 14.500000
37.220000 11.660000 14.500000
37.220000 14.500000 14.500000
37.220000 17.340000 14.500000
37.220000 20.180000 14.500000
37.220000 23.020000 14.500000
37.220000 25.860000 14.500000
37.220000 8.820000 17.340000
37.220000 11.660000 17.340000
37.220000 14.500000 17.340000
37.220000 17.340000 17.340000
37.220000 20.180000 17.340000
37.220000 23.020000 17.340000
37.220000 25.860000 17.340000
40.060000 8.820000 0.300000
40.060000 11.660000 0.300000
40.060000 14.500000 0.300000
40.060000 17.340000 0.300000
40.060000 20.180000 0.300000
40.060000 23.020000 0.300000
40.060000 25.860000 0.300000
40.060000 8.820000 3.140000
40.060000 11.660000 3.140000
40.060000 14.500000 3.140000
40.060000 17.340000 3.140000
40.060000 20.180000 3.140000
40.060000 23.020000 3.140000
40.060000 25.860000 3.140000
40.060000 8.820000 5.980000
40.060000 11.660000 5.980000
40.060000 14.500000 5.980000
40.060000 17.340000 5.980000
40.060000 20.180000 5.980000
40.060000 23.020000 5.980000
40.060000 25.860000 5.980000
40.060000 8.820000 8.820000
40.060000 11.660000 8.820000
40.060000 14.500000 8.820000
40.060000 17.340000 8.820000
40.060000 20.180000 8.820000
40.060000 23.020000 8.820000
40.060000 25.860000 8.820000
40.060000 8.820000 11.660000
40.060000 11.660000 11.660000
40.060000 14.500000 11.660000
40.060000 17.340000 11.660000
40.060000 20.180000 11.660000
40.060000 23.020000 11.660000
40.060000 25.860000 11.660000
40.060000 8.820000 14.500000
40.060000 11.660000 14.500000
40.060000 14.500000 14.500000
40.060000 17.340000 14.500000
40.060000 20.180000 14.500000
40.060000 23.020000 14.500000
40.060000 25.860000 14.500000
40.060000 8.820000 17.340000
40.060000 11.660000 17.340000
40.060000 14.500000 17.340000
40.060000 17.340000 17.340000
40.060000 20.180000 17.340000
40.060000 23.020000 17.340000
40.060000 25.860000 17.340000
42.900000 8.820000 0.300000
42.900000 11.660000 0.300000
42.900000 14.500000 0.300000
42.900000 17.340000 0.300000
42.900000 20.180000 0.300000
42.900000 23.020000 0.300000
42.900000 25.860000 0.300000
42.900000 8.820000 3.140000
42.900000 11.660000 3.140000
42.900000 14.500000 3.140000
42.900000 17.340000 3.140000
42.900000 20.180000 3.140000
42.900000 23.020000 3.140000
42.900000 25.860000 3.140000
42.900000 8.820000 5.980000
42.900000 11.660000 5.980000
42.900000 14.500000 5.980000
42.900000 17.340000 5.980000
42.900000 20.180000 5.980000
42.900000 23.020000 5.980000
42.900000 25.860000 5.980000
42.900000 8.820000 8.820000
42.900000 11.660000 8.820000
42.900000 14.500000 8.820000
42.900000 17.340000 8.820000
42.900000 20.180000 8.820000
42.900000 23.020000 8.820000
42.900000 25.860000 8.820000
42.900000 8.820000 11.660000
42.900000 11.660000 11.660000
42.900000 14.500000 11.660000
42.900000 17.340000 11.660000
42.900000 20.180000 11.660000
42.900000 23.020000 11.660000
42.900000 25.860000 11.660000
42.900000 8.820000 14.500000
42.900000 11.660000 14.500000
42.900000 14.500000 14.500000
42.900000 17.340000 14.500000
42.900000 20.180000 14.500000
42.900000 23.020000 14.500000
42.900000 25.860000 14.500000
42.900000 8.820000 17.340000
42.900000 11.660000 17.340000
42.900000 14.500000 17.340000
42.900000 17.340000 17.340000
42.900000 20.180000 17.340000
42.900000 23.020000 17.340000
42.900000 25.860000 17.340000
45.740000 8.820000 0.300000
45.740000 11.660000 0.300000
45.740000 14.500000 0.300000
45.740000 17.340000 0.300000
45.740000 20.180000 0.300000
45.740000 23.020000 0.300000
45.740000 25.860000 0.300000
45.740000 8.820000 3.140000
45.740000 11.660000 3.140000
45.740000 14.500000 3.140000
45.740000 17.340000 3.140000
45.740000 20.180000 3.140000
45.740000 23.020000 3.140000
45.740000 25.860000 3.140000
45.740000 8.820000 5.980000
45.740000 11.660000 5.980000
45.740000 14.500000 5.980000
45.740000 17.340000 5.980000
45.740000 20.180000 5.980000
45.740000 23.020000 5.980000
45.740000 25.860000 5.980000
45.740000 8.820000 8.820000
45.740000 11.660000 8.820000
45.740000 14.500000 8.820000
45.740000 17.340000 8.820000
45.740000 20.180000 8.820000
45.740000 23.020000 8.820000
45.740000 25.860000 8.820000
45.740000 8.820000 11.660000
45.740000 11.660000 11.660000
45.740000 14.500000 11.660000
45.740000 17.340000 11.660000
45.740000 20.180000 11.660000
45.740000 23.020000 11.660000
45.740000 25.860000 11.660000
45.740000 8.820000 14.500000
45.740000 11.660000 14.500000
45.740000 14.500000 14.500000
45.740000 17.340000 14.500000
45.740000 20.180000 14.500000
45.740000 23.020000 14.500000
45.740000 25.860000 14.500000
45.740000 8.820000 17.340000
45.740000 11.660000 17.340000
45.740000 14.500000 17.340000
45.740000 17.340000 17.340000
45.740000 20.180000 17.340000
45.740000 23.020000 17.340000
45.740000 25.860000 17.340000
48.580000 8.820000 0.300000
48.580000 11.660000 0.300000
48.580000 14.500000 0.300000
48.580000 17.340000 0.300000
48.580000 20.180000 0.300000
48.580000 23.020000 0.300000
48.580000 25.860000 0.300000
48.580000 8.820000 3.140000
48.580000 11.660000 3.140000
48.580000 14.500000 3.140000
48.580000 17.340000 3.140000
48.580000 20.180000 3.140000
48.580000 23.020000 3.140000
48.580000 25.860000 3.140000
48.580000 8.820000 5.980000
48.580000 11.660000 5.980000
48.580000 14.500000 5.980000
48.580000 17.340000 5.980000
48.580000 20.180000 5.980000
48.580000 23.020000 5.980000
48.580000 25.860000 5.980000
48.580000 8.820000 8.820000
48.580000 11.660000 8.820000
48.580000 14.500000 8.820000
48.580000 17.340000 8.820000
48.580000 20.180000 8.820000
48.580000 23.020000 8.820000
48.580000 25.860000 8.820000
48.580000 8.820000 11.660000
48.580000 11.660000 11.660000
48.580000 14.500000 11.660000
48.580000 17.340000 11.660000
48.580000 20.180000 11.660000
48.580000 23.020000 11.660000
48.580000 25.860000 11.660000
48.580000 8.820000 14.500000
48.580000 11.660000 14.500000
48.580000 14.500000 14.500000
48.580000 17.340000 14.500000
48.580000 20.180000 14.500000
48.580000 23.020000 14.500000
48.580000 25.860000 14.500000
48.580000 8.820000 17.340000
48.580000 11.660000 17.340000
48.580000 14.500000 17.340000
48.580000 17.340000 17.340000
48.580000 20.180000 17.340000
48.580000 23.020000 17.340000
48.580000 25.860000 17.340000
51.420000 8.820000 0.300000
51.420000 11.660000 0.300000
51.420000 14.500000 0.300000
51.420000 17.340000 0.300000
51.420000 20.180000 0.300000
51.420000 23.020000 0.300000
51.420000 25.860000 0.300000
51.420000 8.820000 3.140000
51.420000 11.660000 3.140000
51.420000 14.500000 3.140000
51.420000 17.340000 3.140000
51.420000 20.180000 3.140000
51.420000 23.020000 3.140000
51.420000 25.860000 3.140000
51.420000 8.820000 5.980000
51.420000 11.660000 5.980000
51.420000 14.500000 5.980000
51.420000 17.340000 5.980000
51.420000 20.180000 5.980000
51.420000 23.020000 5.980000
51.420000 25.860000 5.980000
51.420000 8.820000 8.820000
51.420000 11.660000 8.820000
51.420000 14.500000 8.820000
51.420000 17.340000 8.820000
51.420000 20.180000 8.820000
51.420000 23.020000 8.820000
51.420000 25.860000 8.820000
51.420000 8.820000 11.660000
51.420000 11.660000 11.660000
51.420000 14.500000 11.660000
51.420000 17.340000 11.660000
51.420000 20.180000 11.660000
51.420000 23.020000 11.660000
51.420000 25.860000 11.660000
51.420000 8.820000 14.500000
51.420000 11.660000 14.500000
51.420000 14.500000 14.500000
51.420000 17.340000 14.500000
51.420000 20.180000 14.500000
51.420000 23.020000 14.500000
51.420000 25.860000 14.500000
51.420000 8.820000 17.340000
51.420000 11.660000 17.340000
51.420000 14.500000 17.340000
51.420000 17.340000 17.340000
51.420000 20.180000 17.340000
51.420000 23.020000 17.340000
51.420000 25.860000 17.340000
54.260000 8.820000 0.300000
54.260000 11.660000 0.300000
54.260000 14.500000 0.300000
54.260000 17.340000 0.300000
54.260000 20.180000 0.300000
54.260000 23.020000 0.300000
54.260000 25.860000 0.300000
54.260000 8.820000 3.140000
54.260000 11.660000 3.140000
54.260000 14.500000 3.140000
54.260000 17.340000 3.140000
54.260000 20.180000 3.140000
54.260000 23.020000 3.140000
54.260000 25.860000 3.140000
54.260000 8.820000 5.980000
54.260000 11.660000 5.980000
54.260000 14.500000 5.980000
54.260000 17.340000 5.980000
54.260000 20.180000 5.980000
54.260000 23.020000 5.980000
54.260000 25.860000 5.980000
54.260000 8.820000 8.820000
54.260000 11.660000 8.820000
54.260000 14.500000 8.820000
54.260000 17.340000 8.820000
54.260000 20.180000 8.820000
54.260000 23.020000 8.820000
54.260000 25.860000 8.820000
54.260000 8.820000 11.660000
54.260000 11.660000 11.660000
54.260000 14.500000 11.660000
54.260000 17.340000 11.660000
54.260000 20.180000 11.660000
54.260000 23.020000 11.660000
54.260000 25.860000 11.660000
54.260000 8.820000 14.500000
54.260000 11.660000 14.500000
54.260000 14.500000 14.500000
54.260000 17.340000 14.500000
54.260000 20.180000 14.500000
54.260000 23.020000 14.500000
54.260000 25.860000 14.500000
54.260000 8.820000 17.340000
54.260000 11.660000 17.340000
54.260000 14.500000 17.340000
54.260000 17.340000 17.340000
54.260000 20.180000 17.340000
54.260000 23.020000 17.340000
54.260000 25.860000 17.340000
57.100000 8.820000 0.300000
57.100000 11.660000 0.300000
57.100000 14.500000 0.300000
57.100000 17.340000 0.300000
57.100000 20.180000 0.300000
57.100000 23.020000 0.300000
57.100000 25.860000 0.300000
57.100000 8.820000 3.140000
57.100000 11.660000 3.140000
57.100000 14.500000 3.140000
57.100000 17.340000 3.140000
57.100000 20.180000 3.140000
57.100000 23.020000 3.140000
57.100000 25.860000 3.140000
57.100000 8.820000 5.980000
57.100000 11.660000 5.980000
57.100000 14.500000 5.980000
57.100000 17.340000 5.980000
57.100000 20.180000 5.980000
57.100000 23.020000 5.980000
57.100000 25.860000 5.980000
57.100000 8.820000 8.820000
57.100000 11.660000 8.820000
57.100000 14.500000 8.820000
57.100000 17.340000 8.820000
57.100000 20.180000 8.820000
57.100000 23.020000 8.820000
57.100000 25.860000 8.820000
57.100000 8.820000 11.660000
57.100000 11.660000 11.660000
57.100000 14.500000 11.660000
57.100000 17.340000 11.660000
57.100000 20.180000 11.660000
57.100000 23.020000 11.660000
57.100000 25.860000 11.660000
57.100000 8.820000 14.500000
57.100000 11.660000 14.500000
57.100000 14.500000 14.500000
57.100000 17.340000 14.500000
57.100000 20.180000 14.500000
57.100000 23.020000 14.500000
57.100000 25.860000 14.500000
57.100000 8.820000 17.340000
57.100000 11.660000 17.340000
57.100000 14.500000 17.340000
57.100000 17.340000 17.340000
57.100000 20.180000 17.340000
57.100000 23.020000 17.340000
57.100000 25.860000 17.340000
59.940000 8.820000 0.300000
59.940000 11.660000 0.300000
59.940000 14.500000 0.300000
59.940000 17.340000 0.300000
59.940000 20.180000 0.300000
59.940000 23.020000 0.300000
59.940000 25.860000 0.300000
59.940000 8.820000 3.140000
59.940000 11.660000 3.140000
59.940000 14.500000 3.140000
59.940000 17.340000 3.140000
59.940000 20.180000 3.140000
59.940000 23.020000 3.140000
59.940000 25.860000 3.140000
59.940000 8.820000 5.980000
59.940000 11.660000 5.980000
59.940000 14.500000 5.980000
59.940000 17.340000 5.980000
59.940000 20.180000 5.980000
59.940000 23.020000 5.980000
59.940000 25.860000 5.980000
59.940000 8.820000 8.820000
59.940000 11.660000 8.820000
59.940000 14.500000 8.820000
59.940000 17.340000 8.820000
59.940000 20.180000 8.820000
59.940000 23.020000 8.820000
59.940000 25.860000 8.820000
59.940000 8.820000 11.660000
59.940000 11.660000 11.660000
59.940000 14.500000 11.660000
59.940000 17.340000 11.660000
59.940000 20.180000 11.660000
59.940000 23.020000 11.660000
59.940000 25.860000 11.660000
59.940000 8.820000 14.500000
59.940000 11.660000 14.500000
59.940000 14.500000 14.500000
59.940000 17.340000 14.500000
59.940000 20.180000 14.500000
59.940000 23.020000 14.500000
59.940000 25.860000 14.500000
59.940000 8.820000 17.340000
59.940000 11.660000 17.340000
59.940000 14.500000 17.340000
59.940000 17.340000 17.340000
59.940000 20.180000 17.340000
59.940000 23.020000 17.340000
59.940000 25.860000 17.340000
62.780000 8.820000 0.300000
62.780000 11.660000 0.300000
62.780000 14.500000 0.300000
62.780000 17.340000 0.300000
62.780000 20.180000 0.300000
62.780000 23.020000 0.300000
62.780000 25.860000 0.300000
62.780000 8.820000 3.140000
62.780000 11.660000 3.140000
62.780000 14.500000 3.140000
62.780000 17.340000 3.140000
62.780000 20.180000 3.140000
62.780000 23.020000 3.140000
62.780000 25.860000 3.140000
62.780000 8.820000 5.980000
62.780000 11.660000 5.980000
62.780000 14.500000 5.980000
62.780000 17.340000 5.980000
62.780000 20.180000 5.980000
62.780000 23.020000 5.980000
62.780000 25.860000 5.980000
62.780000 8.820000 8.820000
62.780000 11.660000 8.820000
62.780000 14.500000 8.820000
62.780000 17.340000 8.820000
62.780000 20.180000 8.820000
62.780000 23.020000 8.820000
62.780000 25.860000 8.820000
62.780000 8.820000 11.660000
62.780000 11.660000 11.660000
62.780000 14.500000 11.660000
62.780000 17.340000 11.660000
62.780000 20.180000 11.660000
62.780000 23.020000 11.660000
62.780000 25.860000 11.660000
62.780000 8.820000 14.500000
62.780000 11.660000 14.500000
62.780000 14.500000 14.500000
62.780000 17.340000 14.500000
62.780000 20.180000 14.500000
62.780000 23.020000 14.500000
62.780000 25.860000 14.500000
62.780000 8.820000 17.340000
62.780000 11.660000 17.340000
62.780000 14.500000 17.340000
62.780000 17.340000 17.340000
62.780000 20.180000 17.340000
62.780000 23.020000 17.340000
62.780000 25.860000 17.340000
65.620000 8.820000 0.300000
65.620000 11.660000 0.300000
65.620000 14.500000 0.300000
65.620000 17.340000 0.300000
65.620000 20.180000 0.300000
65.620000 23.020000 0.300000
65.620000 25.860000 0.300000
65.620000 8.820000 3.140000
65.620000 11.660000 3.140000
65.620000 14.500000 3.140000
65.620000 17.340000 3.140000
65.620000 20.180000 3.140000
65.620000 23.020000 3.140000
65.620000 25.860000 3.140000
65.620000 8.820000 5.980000
65.620000 11.660000 5.980000
65.620000 14.500000 5.980000
65.620000 17.340000 5.980000
65.620000 20.180000 5.980000
65.620000 23.020000 5.980000
65.620000 25.860000 5.980000
65.620000 8.820000 8.820000
65.620000 11.660000 8.820000
65.620000 14.500000 8.820000
65.620000 17.340000 8.820000
65.620000 20.180000 8.820000
65.620000 23.020000 8.820000
65.620000 25.860000 8.820000
65.620000 8.820000 11.660000
65.620000 11.660000 11.660000
65.620000 14.500000 11.660000
65.620000 17.340000 11.660000
65.620000 20.180000 11.660000
65.620000 23.020000 11.660000
65.620000 25.860000 11.660000
65.620000 8.820000 14.500000
65.620000 11.660000 14.500000
65.620000 14.500000 14.500000
65.620000 17.340000 14.500000
65.620000 20.180000 14.500000
65.620000 23.020000 14.500000
65.620000 25.860000 14.500000
65.620000 8.820000 17.340000
65.620000 11.660000 17.340000
65.620000 14.500000 17.340000
65.620000 17.340000 17.340000
65.620000 20.180000 17.340000
65.620000 23.020000 17.340000
65.620000 25.860000 17.340000
68.460000 8.820000 0.300000
68.460000 11.660000 0.300000
68.460000 14.500000 0.300000
68.460000 17.340000 0.300000
68.460000 20.180000 0.300000
68.460000 23.020000 0.300000
68.460000 25.860000 0.300000
68.460000 8.820000 3.140000
68.460000 11.660000 3.140000
68.460000 14.500000 3.140000
68.460000 17.340000 3.140000
68.460000 20.180000 3.140000
68.460000 23.020000 3.140000
68.460000 25.860000 3.140000
68.460000 8.820000 5.980000
68.460000 11.660000 5.980000
68.460000 14.500000 5.980000
68.460000 17.340000 5.980000
68.460000 20.180000 5.980000
68.460000 23.020000 5.980000
68.460000 25.860000 5.980000
68.460000 8.820000 8.820000
68.460000 11.660000 8.820000
68.460000 14.500000 8.820000
68.460000 17.340000 8.820000
68.460000 20.180000 8.820000
68.460000 23.020000 8.820000
68.460000 25.860000 8.820000
68.460000 8.820000 11.660000
68.460000 11.660000 11.660000
68.460000 14.500000 11.660000
68.460000 17.340000 11.660000
68.460000 20.180000 11.660000
68.460000 23.020000 11.660000
68.460000 25.860000 11.660000
68.460000 8.820000 14.500000
68.460000 11.660000 14.500000
68.460000 14.500000 14.500000
68.460000 17.340000 14.500000
68.460000 20.180000 14.500000
68.460000 23.020000 14.500000
68.460000 25.860000 14.500000
68.460000 8.820000 17.340000
68.460000 11.660000 17.340000
68.460000 14.500000 17.340000
68.460000 17.340000 17.340000
68.460000 20.180000 17.340000
68.460000 23.020000 17.340000
68.460000 25.860000 17.340000
71.300000 8.820000 0.300000
71.300000 11.660000 0.300000
71.300000 14.500000 0.300000
71.300000 17.340000 0.300000
71.300000 20.180000 0.300000
71.300000 23.020000 0.300000
71.300000 25.860000 0.300000
71.300000 8.820000 3.140000
71.300000 11.660000 3.140000
71.300000 14.500000 3.140000
71.300000 17.340000 3.140000
71.300000 20.180000 3.140000
71.300000 23.020000 3.140000
71.300000 25.860000 3.140000
71.300000 8.820000 5.980000
71.300000 11.660000 5.980000
71.300000 14.500000 5.980000
71.300000 17.340000 5.980000
71.300000 20.180000 5.980000
71.300000 23.020000 5.980000
71.300000 25.860000 5.980000
71.300000 8.820000 8.820000
71.300000 11.660000 8.820000
71.300000 14.500000 8.820000
71.300000 17.340000 8.820000
71.300000 20.180000 8.820000
71.300000 23.020000 8.820000
71.300000 25.860000 8.820000
71.300000 8.820000 11.660000
71.300000 11.660000 11.660000
71.300000 14.500000 11.660000
71.300000 17.340000 11.660000
71.300000 20.180000 11.660000
71.300000 23.020000 11.660000
71.300000 25.860000 11.660000
71.300000 8.820000 14.500000
71.300000 11.660000 14.500000
71.300000 14.500000 14.500000
71.300000 17.340000 14.500000
71.300000 20.180000 14.500000
71.300000 23.020000 14.500000
71.300000 25.860000 14.500000
71.300000 8.820000 17.340000
71.300000 11.660000 17.340000
71.300000 14.500000 17.340000
71.300000 17.340000 17.340000
71.300000 20.180000 17.340000
71.300000 23.020000 17.340000
71.300000 25.860000 17.340000
74.140000 8.820000 0.300000
74.140000 11.660000 0.300000
74.140000 14.500000 0.300000
74.140000 17.340000 0.300000
74.140000 20.180000 0.300000
74.140000 23.020000 0.300000
74.140000 25.860000 0.300000
74.140000 8.820000 3.140000
74.140000 11.660000 3.140000
74.140000 14.500000 3.140000
74.140000 17.340000 3.140000
74.140000 20.180000 3.140000
74.140000 23.020000 3.140000
74.140000 25.860000 3.140000
74.140000 8.820000 5.980000
74.140000 11.660000 5.980000
74.140000 14.500000 5.980000
74.140000 17.340000 5.980000
74.140000 20.180000 5.980000
74.140000 23.020000 5.980000
74.140000 25.860000 5.980000
74.140000 8.820000 8.820000
74.140000 11.660000 8.820000
74.140000 14.500000 8.820000
74.140000 17.340000 8.820000
74.140000 20.180000 8.820000
74.140000 23.020000 8.820000
74.140000 25.860000 8.820000
74.140000 8.820000 11.660000
74.140000 11.660000 11.660000
74.140000 14.500000 11.660000
74.140000 17.340000 11.660000
74.140000 20.180000 11.660000
74.140000 23.020000 11.660000
74.140000 25.860000 11.660000
74.140000 8.820000 14.500000
74.140000 11.660000 14.500000
74.140000 14.500000 14.500000
74.140000 17.340000 14.500000
74.140000 20.180000 14.500000
74.140000 23.020000 14.500000
74.140000 25.860000 14.500000
74.140000 8.820000 17.340000
74.140000 11.660000 17.340000
74.140000 14.500000 17.340000
74.140000 17.340000 17.340000
74.140000 20.180000 17.340000
74.140000 23.020000 17.340000
74.140000 25.860000 17.340000
76.980000 8.820000 0.300000
76.980000 11.660000 0.300000
76.980000 14.500000 0.300000
76.980000 17.340000 0.300000
76.980000 20.180000 0.300000
76.980000 23.020000 0.300000
76.980000 25.860000 0.300000
76.980000 8.820000 3.140000
76.980000 11.660000 3.140000
76.980000 14.500000 3.140000
76.980000 17.340000 3.140000
76.980000 20.180000 3.140000
76.980000 23.020000 3.140000
76.980000 25.860000 3.140000
76.980000 8.820000 5.980000
76.980000 11.660000 5.980000
76.980000 14.500000 5.980000
76.980000 17.340000 5.980000
76.980000 20.180000 5.980000
76.980000 23.020000 5.980000
76.980000 25.860000 5.980000
76.980000 8.820000 8.820000
76.980000 11.660000 8.820000
76.980000 14.500000 8.820000
76.980000 17.340000 8.820000
76.980000 20.180000 8.820000
76.980000 23.020000 8.820000
76.980000 25.860000 8.820000
76.980000 8.820000 11.660000
76.980000 11.660000 11.660000
76.980000 14.500000 11.660000
76.980000 17.340000 11.660000
76.980000 20.180000 11.660000
76.980000 23.020000 11.660000
76.980000 25.860000 11.660000
76.980000 8.820000 14.500000
76.980000 11.660000 14.500000
76.980000 14.500000 14.500000
76.980000 17.340000 14.500000
76.980000 20.180000 14.500000
76.980000 23.020000 14.500000
76.980000 25.860000 14.500000
76.980000 8.820000 17.340000
76.980000 11.660000 17.340000
76.980000 14.500000 17.340000
76.980000 17.340000 17.340000
76.980000 20.180000 17.340000
76.980000 23.020000 17.340000
76.980000 25.860000 17.340000
79.820000 8.820000 0.300000
79.820000 11.660000 0.300000
79.820000 14.500000 0.300000
79.820000 17.340000 0.300000
79.820000 20.180000 0.300000
79.820000 23.020000 0.300000
79.820000 25.860000 0.300000
79.820000 8.820000 3.140000
79.820000 11.660000 3.140000
79.820000 14.500000 3.140000
79.820000 17.340000 3.140000
79.820000 20.180000 3.140000
79.820000 23.020000 3.140000
79.820000 25.860000 3.140000
79.820000 8.820000 5.980000
79.820000 11.660000 5.980000
79.820000 14.500000 5.980000
79.820000 17.340000 5.980000
79.820000 20.180000 5.980000
79.820000 23.020000 5.980000
79.820000 25.860000 5.980000
79.820000 8.820000 8.820000
79.820000 11.660000 8.820000
79.820000 14.500000 8.820000
79.820000 17.340000 8.820000
79.820000 20.180000 8.820000
79.820000 23.020000 8.820000
79.820000 25.860000 8.820000
79.820000 8.820000 11.660000
79.820000 11.660000 11.660000
79.820000 14.500000 11.660000
79.820000 17.340000 11.660000
79.820000 20.180000 11.660000
79.820000 23.020000 11.660000
79.820000 25.860000 11.660000
79.820000 8.820000 14.500000
79.820000 11.660000 14.500000
79.820000 14.500000 14.500000
79.820000 17.340000 14.500000
79.820000 20.180000 14.500000
79.820000 23.020000 14.500000
79.820000 25.860000 14.500000
79.820000 8.820000 17.340000
79.820000 11.660000 17.340000
79.820000 14.500000 17.340000
79.820000 17.340000 17.340000
79.820000 20.180000 17.340000
79.820000 23.020000 17.340000
79.820000 25.860000 17.340000
82.660000 8.820000 0.300000
82.660000 11.660000 0.300000
82.660000 14.500000 0.300000
82.660000 17.340000 0.300000
82.660000 20.180000 0.300000
82.660000 23.020000 0.300000
82.660000 25.860000 0.300000
82.660000 8.820000 3.140000
82.660000 11.660000 3.140000
82.660000 14.500000 3.140000
82.660000 17.340000 3.140000
82.660000 20.180000 3.140000
82.660000 23.020000 3.140000
82.660000 25.860000 3.140000
82.660000 8.820000 5.980000
82.660000 11.660000 5.980000
82.660000 14.500000 5.980000
82.660000 17.340000 5.980000
82.660000 20.180000 5.980000
82.660000 23.020000 5.980000
82.660000 25.860000 5.980000
82.660000 8.820000 8.820000
82.660000 11.660000 8.820000
82.660000 14.500000 8.820000
82.660000 17.340000 8.820000
82.660000 20.180000 8.820000
82.660000 23.020000 8.820000
82.660000 25.860000 8.820000
82.660000 8.820000 11.660000
82.660000 11.660000 11.660000
82.660000 14.500000 11.660000
82.660000 17.340000 11.660000
82.660000 20.180000 11.660000
82.660000 23.020000 11.660000
82.660000 25.860000 11.660000
82.660000 8.820000 14.500000
82.660000 11.660000 14.500000
82.660000 14.500000 14.500000
82.660000 17.340000 14.500000
82.660000 20.180000 14.500000
82.660000 23.020000 14.500000
82.660000 25.860000 14.500000
82.660000 8.820000 17.340000
82.660000 11.660000 17.340000
82.660000 14.500000 17.340000
82.660000 17.340000 17.340000
82.660000 20.180000 17.340000
82.660000 23.020000 17.340000
82.660000 25.860000 17.340000
85.500000 8.820000 0.300000
85.500000 11.660000 0.300000
85.500000 14.500000 0.300000
85.500000 17.340000 0.300000
85.500000 20.180000 0.300000
85.500000 23.020000 0.300000
85.500000 25.860000 0.300000
85.500000 8.820000 3.140000
85.500000 11.660000 3.140000
85.500000 14.500000 3.140000
85.500000 17.340000 3.140000
85.500000 20.180000 3.140000
85.500000 23.020000 3.140000
85.500000 25.860000 3.140000
85.500000 8.820000 5.980000
85.500000 11.660000 5.980000
85.500000 14.500000 5.980000
85.500000 17.340000 5.980000
85.500000 20.180000 5.980000
85.500000 23.020000 5.980000
85.500000 25.860000 5.980000
85.500000 8.820000 8.820000
85.500000 11.660000 8.820000
85.500000 14.500000 8.820000
85.500000 17.340000 8.820000
85.500000 20.180000 8.820000
85.500000 23.020000 8.820000
85.500000 25.860000 8.820000
85.500000 8.820000 11.660000
85.500000 11.660000 11.660000
85.500000 14.500000 11.660000
85.500000 17.340000 11.660000
85.500000 20.180000 11.660000
85.500000 23.020000 11.660000
85.500000 25.860000 11.660000
85.500000 8.820000 14.500000
85.500000 11.660000 14.500000
85.500000 14.500000 14.500000
85.500000 17.340000 14.500000
85.500000 20.180000 14.500000
85.500000 23.020000 14.500000
85.500000 25.860000 14.500000
85.500000 8.820000 17.340000
85.500000 11.660000 17.340000
85.500000 14.500000 17.340000
85.500000 17.340000 17.340000
85.500000 20.180000 17.340000
85.500000 23.020000 17.340000
85.500000 25.860000 17.340000
88.340000 8.820000 0.300000
88.340000 11.660000 0.300000
88.340000 14.500000 0.300000
88.340000 17.340000 0.300000
88.340000 20.180000 0.300000
88.340000 23.020000 0.300000
88.340000 25.860000 0.300000
88.340000 8.820000 3.140000
88.340000 11.660000 3.140000
88.340000 14.500000 3.140000
88.340000 17.340000 3.140000
88.340000 20.180000 3.140000
88.340000 23.020000 3.140000
88.340000 25.860000 3.140000
88.340000 8.820000 5.980000
88.340000 11.660000 5.980000
88.340000 14.500000 5.980000
88.340000 17.340000 5.980000
88.340000 20.180000 5.980000
88.340000 23.020000 5.980000
88.340000 25.860000 5.980000
88.340000 8.820000 8.820000
88.340000 11.660000 8.820000
88.340000 14.500000 8.820000
88.340000 17.340000 8.820000
88.340000 20.180000 8.820000
88.340000 23.020000 8.820000
88.340000 25.860000 8.820000
88.340000 8.820000 11.660000
88.340000 11.660000 11.660000
88.340000 14.500000 11.660000
88.340000 17.340000 11.660000
88.340000 20.180000 11.660000
88.340000 23.020000 11.660000
88.340000 25.860000 11.660000
88.340000 8.820000 14.500000
88.340000 11.660000 14.500000
88.340000 14.500000 14.500000
88.340000 17.340000 14.500000
88.340000 20.180000 14.500000
88.340000 23.020000 14.500000
88.340000 25.860000 14.500000
88.340000 8.820000 17.340000
88.340000 11.660000 17.340000
88.340000 14.500000 17.340000
88.340000 17.340000 17.340000
88.340000 20.180000 17.340000
88.340000 23.020000 17.340000
88.340000 25.860000 17.340000
