11.660000 -2.540000 59.940000
11.660000 0.300000 59.940000
11.660000 3.140000 59.940000
11.660000 5.980000 59.940000
11.660000 8.820000 59.940000
11.660000 11.660000 59.940000
11.660000 14.500000 59.940000
11.660000 17.340000 59.940000
11.660000 20.180000 59.940000
11.660000 23.020000 59.940000
11.660000 25.860000 59.940000
11.660000 28.700000 59.940000
11.660000 31.540000 59.940000
11.660000 34.380000 59.940000
11.660000 37.220000 59.940000
11.660000 -2.540000 62.780000
11.660000 0.300000 62.780000
11.660000 3.140000 62.780000
11.660000 5.980000 62.780000
11.660000 8.820000 62.780000
11.660000 11.660000 62.780000
11.660000 14.500000 62.780000
11.660000 17.340000 62.780000
11.660000 20.180000 62.780000
11.660000 23.020000 62.780000
11.660000 25.860000 62.780000
11.660000 28.700000 62.780000
11.660000 31.540000 62.780000
11.660000 34.380000 62.780000
11.660000 37.220000 62.780000
11.660000 -2.540000 65.620000
11.660000 0.300000 65.620000
11.660000 3.140000 65.620000
11.660000 5.980000 65.620000
11.660000 8.820000 65.620000
11.660000 11.660000 65.620000
11.660000 14.500000 65.620000
11.660000 17.340000 65.620000
11.660000 20.180000 65.620000
11.660000 23.020000 65.620000
11.660000 25.860000 65.620000
11.660000 28.700000 65.620000
11.660000 31.540000 65.620000
11.660000 34.380000 65.620000
11.660000 37.220000 65.620000
14.500000 -2.540000 59.940000
14.500000 0.300000 59.940000
14.500000 3.140000 59.940000
14.500000 5.980000 59.940000
14.500000 8.820000 59.940000
14.500000 11.660000 59.940000
14.500000 14.500000 59.940000
14.500000 17.340000 59.940000
14.500000 20.180000 59.940000
14.500000 23.020000 59.940000
14.500000 25.860000 59.940000
14.500000 28.700000 59.940000
14.500000 31.540000 59.940000
14.500000 34.380000 59.940000
14.500000 37.220000 59.940000
14.500000 -2.540000 62.780000
14.500000 0.300000 62.780000
14.500000 3.140000 62.780000
14.500000 5.980000 62.780000
14.500000 8.820000 62.780000
14.500000 11.660000 62.780000
14.500000 14.500000 62.780000
14.500000 17.340000 62.780000
14.500000 20.180000 62.780000
14.500000 23.020000 62.780000
14.500000 25.860000 62.780000
14.500000 28.700000 62.780000
14.500000 31.540000 62.780000
14.500000 34.380000 62.780000
14.500000 37.220000 62.780000
14.500000 -2.540000 65.620000
14.500000 0.300000 65.620000
14.500000 3.140000 65.620000
14.500000 5.980000 65.620000
14.500000 8.820000 65.620000
14.500000 11.660000 65.620000
14.500000 14.500000 65.620000
14.500000 17.340000 65.620000
14.500000 20.180000 65.620000
14.500000 23.020000 65.620000
14.500000 25.860000 65.620000
14.500000 28.700000 65.620000
14.500000 31.540000 65.620000
14.500000 34.380000 65.620000
14.500000 37.220000 65.620000
17.340000 -2.540000 48.580000
17.340000 0.300000 48.580000
17.340000 3.140000 48.580000
17.340000 5.980000 48.580000
17.340000 8.820000 48.580000
17.340000 11.660000 48.580000
17.340000 14.500000 48.580000
17.340000 17.340000 48.580000
17.340000 20.180000 48.580000
17.340000 23.020000 48.580000
17.340000 25.860000 48.580000
17.340000 28.700000 48.580000
17.340000 31.540000 48.580000
17.340000 34.380000 48.580000
17.340000 37.220000 48.580000
17.340000 -2.540000 51.420000
17.340000 0.300000 51.420000
17.340000 3.140000 51.420000
17.340000 5.980000 51.420000
17.340000 8.820000 51.420000
17.340000 11.660000 51.420000
17.340000 14.500000 51.420000
17.340000 17.340000 51.420000
17.340000 20.180000 51.420000
17.340000 23.020000 51.420000
17.340000 25.860000 51.420000
17.340000 28.700000 51.420000
17.340000 31.540000 51.420000
17.340000 34.380000 51.420000
17.340000 37.220000 51.420000
17.340000 -2.540000 54.260000
17.340000 0.300000 54.260000
17.340000 3.140000 54.260000
17.340000 5.980000 54.260000
17.340000 8.820000 54.260000
17.340000 11.660000 54.260000
17.340000 14.500000 54.260000
17.340000 17.340000 54.260000
17.340000 20.180000 54.260000
17.340000 23.020000 54.260000
17.340000 25.860000 54.260000
17.340000 28.700000 54.260000
17.340000 31.540000 54.260000
17.340000 34.380000 54.260000
17.340000 37.220000 54.260000
17.340000 -2.540000 57.100000
17.340000 0.300000 57.100000
17.340000 3.140000 57.100000
17.340000 5.980000 57.100000
17.340000 8.820000 57.100000
17.340000 11.660000 57.100000
17.340000 14.500000 57.100000
17.340000 17.340000 57.100000
17.340000 20.180000 57.100000
17.340000 23.020000 57.100000
17.340000 25.860000 57.100000
17.340000 28.700000 57.100000
17.340000 31.540000 57.100000
17.340000 34.380000 57.100000
17.340000 37.220000 57.100000
17.340000 -2.540000 59.940000
17.340000 0.300000 59.940000
17.340000 3.140000 59.940000
17.340000 5.980000 59.940000
17.340000 8.820000 59.940000
17.340000 11.660000 59.940000
17.340000 14.500000 59.940000
17.340000 17.340000 59.940000
17.340000 20.180000 59.940000
17.340000 23.020000 59.940000
17.340000 25.860000 59.940000
17.340000 28.700000 59.940000
17.340000 31.540000 59.940000
17.340000 34.380000 59.940000
17.340000 37.220000 59.940000
17.340000 -2.540000 62.780000
17.340000 0.300000 62.780000
17.340000 3.140000 62.780000
17.340000 5.980000 62.780000
17.340000 8.820000 62.780000
17.340000 11.660000 62.780000
17.340000 14.500000 62.780000
17.340000 17.340000 62.780000
17.340000 20.180000 62.780000
17.340000 23.020000 62.780000
17.340000 25.860000 62.780000
17.340000 28.700000 62.780000
17.340000 31.540000 62.780000
17.340000 34.380000 62.780000
17.340000 37.220000 62.780000
17.340000 -2.540000 65.620000
17.340000 0.300000 65.620000
17.340000 3.140000 65.620000
17.340000 5.980000 65.620000
17.340000 8.820000 65.620000
17.340000 11.660000 65.620000
17.340000 14.500000 65.620000
17.340000 17.340000 65.620000
17.340000 20.180000 65.620000
17.340000 23.020000 65.620000
17.340000 25.860000 65.620000
17.340000 28.700000 65.620000
17.340000 31.540000 65.620000
17.340000 34.380000 65.620000
17.340000 37.220000 65.620000
20.180000 -2.540000 48.580000
20.180000 0.300000 48.580000
20.180000 3.140000 48.580000
20.180000 5.980000 48.580000
20.180000 8.820000 48.580000
20.180000 11.660000 48.580000
20.180000 14.500000 48.580000
20.180000 17.340000 48.580000
20.180000 20.180000 48.580000
20.180000 23.020000 48.580000
20.180000 25.860000 48.580000
20.180000 28.700000 48.580000
20.180000 31.540000 48.580000
20.180000 34.380000 48.580000
20.180000 37.220000 48.580000
20.180000 -2.540000 51.420000
20.180000 0.300000 51.420000
20.180000 3.140000 51.420000
20.180000 5.980000 51.420000
20.180000 8.820000 51.420000
20.180000 11.660000 51.420000
20.180000 14.500000 51.420000
20.180000 17.340000 51.420000
20.180000 20.180000 51.420000
20.180000 23.020000 51.420000
20.180000 25.860000 51.420000
20.180000 28.700000 51.420000
20.180000 31.540000 51.420000
20.180000 34.380000 51.420000
20.180000 37.220000 51.420000
20.180000 -2.540000 54.260000
20.180000 0.300000 54.260000
20.180000 3.140000 54.260000
20.180000 5.980000 54.260000
20.180000 8.820000 54.260000
20.180000 11.660000 54.260000
20.180000 14.500000 54.260000
20.180000 17.340000 54.260000
20.180000 20.180000 54.260000
20.180000 23.020000 54.260000
20.180000 25.860000 54.260000
20.180000 28.700000 54.260000
20.180000 31.540000 54.260000
20.180000 34.380000 54.260000
20.180000 37.220000 54.260000
20.180000 -2.540000 57.100000
20.180000 0.300000 57.100000
20.180000 3.140000 57.100000
20.180000 5.980000 57.100000
20.180000 8.820000 57.100000
20.180000 11.660000 57.100000
20.180000 14.500000 57.100000
20.180000 17.340000 57.100000
20.180000 20.180000 57.100000
20.180000 23.020000 57.100000
20.180000 25.860000 57.100000
20.180000 28.700000 57.100000
20.180000 31.540000 57.100000
20.180000 34.380000 57.100000
20.180000 37.220000 57.100000
20.180000 -2.540000 59.940000
20.180000 0.300000 59.940000
20.180000 3.140000 59.940000
20.180000 5.980000 59.940000
20.180000 8.820000 59.940000
20.180000 11.660000 59.940000
20.180000 14.500000 59.940000
20.180000 17.340000 59.940000
20.180000 20.180000 59.940000
20.180000 23.020000 59.940000
20.180000 25.860000 59.940000
20.180000 28.700000 59.940000
20.180000 31.540000 59.940000
20.180000 34.380000 59.940000
20.180000 37.220000 59.940000
20.180000 -2.540000 62.780000
20.180000 0.300000 62.780000
20.180000 3.140000 62.780000
20.180000 5.980000 62.780000
20.180000 8.820000 62.780000
20.180000 11.660000 62.780000
20.180000 14.500000 62.780000
20.180000 17.340000 62.780000
20.180000 20.180000 62.780000
20.180000 23.020000 62.780000
20.180000 25.860000 62.780000
20.180000 28.700000 62.780000
20.180000 31.540000 62.780000
20.180000 34.380000 62.780000
20.180000 37.220000 62.780000
20.180000 -2.540000 65.620000
20.180000 0.300000 65.620000
20.180000 3.140000 65.620000
20.180000 5.980000 65.620000
20.180000 8.820000 65.620000
20.180000 11.660000 65.620000
20.180000 14.500000 65.620000
20.180000 17.340000 65.620000
20.180000 20.180000 65.620000
20.180000 23.020000 65.620000
20.180000 25.860000 65.620000
20.180000 28.700000 65.620000
20.180000 31.540000 65.620000
20.180000 34.380000 65.620000
20.180000 37.220000 65.620000
23.020000 -2.540000 48.580000
23.020000 0.300000 48.580000
23.020000 3.140000 48.580000
23.020000 5.980000 48.580000
23.020000 8.820000 48.580000
23.020000 11.660000 48.580000
23.020000 14.500000 48.580000
23.020000 17.340000 48.580000
23.020000 20.180000 48.580000
23.020000 23.020000 48.580000
23.020000 25.860000 48.580000
23.020000 28.700000 48.580000
23.020000 31.540000 48.580000
23.020000 34.380000 48.580000
23.020000 37.220000 48.580000
23.020000 -2.540000 51.420000
23.020000 0.300000 51.420000
23.020000 3.140000 51.420000
23.020000 5.980000 51.420000
23.020000 8.820000 51.420000
23.020000 11.660000 51.420000
23.020000 14.500000 51.420000
23.020000 17.340000 51.420000
23.020000 20.180000 51.420000
23.020000 23.020000 51.420000
23.020000 25.860000 51.420000
23.020000 28.700000 51.420000
23.020000 31.540000 51.420000
23.020000 34.380000 51.420000
23.020000 37.220000 51.420000
23.020000 -2.540000 54.260000
23.020000 0.300000 54.260000
23.020000 3.140000 54.260000
23.020000 5.980000 54.260000
23.020000 8.820000 54.260000
23.020000 11.660000 54.260000
23.020000 14.500000 54.260000
23.020000 17.340000 54.260000
23.020000 20.180000 54.260000
23.020000 23.020000 54.260000
23.020000 25.860000 54.260000
23.020000 28.700000 54.260000
23.020000 31.540000 54.260000
23.020000 34.380000 54.260000
23.020000 37.220000 54.260000
23.020000 -2.540000 57.100000
23.020000 0.300000 57.100000
23.020000 3.140000 57.100000
23.020000 5.980000 57.100000
23.020000 8.820000 57.100000
23.020000 11.660000 57.100000
23.020000 14.500000 57.100000
23.020000 17.340000 57.100000
23.020000 20.180000 57.100000
23.020000 23.020000 57.100000
23.020000 25.860000 57.100000
23.020000 28.700000 57.100000
23.020000 31.540000 57.100000
23.020000 34.380000 57.100000
23.020000 37.220000 57.100000
23.020000 -2.540000 59.940000
23.020000 0.300000 59.940000
23.020000 3.140000 59.940000
23.020000 5.980000 59.940000
23.020000 8.820000 59.940000
23.020000 11.660000 59.940000
23.020000 14.500000 59.940000
23.020000 17.340000 59.940000
23.020000 20.180000 59.940000
23.020000 23.020000 59.940000
23.020000 25.860000 59.940000
23.020000 28.700000 59.940000
23.020000 31.540000 59.940000
23.020000 34.380000 59.940000
23.020000 37.220000 59.940000
23.020000 -2.540000 62.780000
23.020000 0.300000 62.780000
23.020000 3.140000 62.780000
23.020000 5.980000 62.780000
23.020000 8.820000 62.780000
23.020000 11.660000 62.780000
23.020000 14.500000 62.780000
23.020000 17.340000 62.780000
23.020000 20.180000 62.780000
23.020000 23.020000 62.780000
23.020000 25.860000 62.780000
23.020000 28.700000 62.780000
23.020000 31.540000 62.780000
23.020000 34.380000 62.780000
23.020000 37.220000 62.780000
23.020000 -2.540000 65.620000
23.020000 0.300000 65.620000
23.020000 3.140000 65.620000
23.020000 5.980000 65.620000
23.020000 8.820000 65.620000
23.020000 11.660000 65.620000
23.020000 14.500000 65.620000
23.020000 17.340000 65.620000
23.020000 20.180000 65.620000
23.020000 23.020000 65.620000
23.020000 25.860000 65.620000
23.020000 28.700000 65.620000
23.020000 31.540000 65.620000
23.020000 34.380000 65.620000
23.020000 37.220000 65.620000
25.860000 -2.540000 48.580000
25.860000 0.300000 48.580000
25.860000 3.140000 48.580000
25.860000 5.980000 48.580000
25.860000 8.820000 48.580000
25.860000 11.660000 48.580000
25.860000 14.500000 48.580000
25.860000 17.340000 48.580000
25.860000 20.180000 48.580000
25.860000 23.020000 48.580000
25.860000 25.860000 48.580000
25.860000 28.700000 48.580000
25.860000 31.540000 48.580000
25.860000 34.380000 48.580000
25.860000 37.220000 48.580000
25.860000 -2.540000 51.420000
25.860000 0.300000 51.420000
25.860000 3.140000 51.420000
25.860000 5.980000 51.420000
25.860000 8.820000 51.420000
25.860000 11.660000 51.420000
25.860000 14.500000 51.420000
25.860000 17.340000 51.420000
25.860000 20.180000 51.420000
25.860000 23.020000 51.420000
25.860000 25.860000 51.420000
25.860000 28.700000 51.420000
25.860000 31.540000 51.420000
25.860000 34.380000 51.420000
25.860000 37.220000 51.420000
25.860000 -2.540000 54.260000
25.860000 0.300000 54.260000
25.860000 3.140000 54.260000
25.860000 5.980000 54.260000
25.860000 8.820000 54.260000
25.860000 11.660000 54.260000
25.860000 14.500000 54.260000
25.860000 17.340000 54.260000
25.860000 20.180000 54.260000
25.860000 23.020000 54.260000
25.860000 25.860000 54.260000
25.860000 28.700000 54.260000
25.860000 31.540000 54.260000
25.860000 34.380000 54.260000
25.860000 37.220000 54.260000
25.860000 -2.540000 57.100000
25.860000 0.300000 57.100000
25.860000 3.140000 57.100000
25.860000 5.980000 57.100000
25.860000 8.820000 57.100000
25.860000 11.660000 57.100000
25.860000 14.500000 57.100000
25.860000 17.340000 57.100000
25.860000 20.180000 57.100000
25.860000 23.020000 57.100000
25.860000 25.860000 57.100000
25.860000 28.700000 57.100000
25.860000 31.540000 57.100000
25.860000 34.380000 57.100000
25.860000 37.220000 57.100000
25.860000 -2.540000 59.940000
25.860000 0.300000 59.940000
25.860000 3.140000 59.940000
25.860000 5.980000 59.940000
25.860000 8.820000 59.940000
25.860000 11.660000 59.940000
25.860000 14.500000 59.940000
25.860000 17.340000 59.940000
25.860000 20.180000 59.940000
25.860000 23.020000 59.940000
25.860000 25.860000 59.940000
25.860000 28.700000 59.940000
25.860000 31.540000 59.940000
25.860000 34.380000 59.940000
25.860000 37.220000 59.940000
25.860000 -2.540000 62.780000
25.860000 0.300000 62.780000
25.860000 3.140000 62.780000
25.860000 5.980000 62.780000
25.860000 8.820000 62.780000
25.860000 11.660000 62.780000
25.860000 14.500000 62.780000
25.860000 17.340000 62.780000
25.860000 20.180000 62.780000
25.860000 23.020000 62.780000
25.860000 25.860000 62.780000
25.860000 28.700000 62.780000
25.860000 31.540000 62.780000
25.860000 34.380000 62.780000
25.860000 37.220000 62.780000
25.860000 -2.540000 65.620000
25.860000 0.300000 65.620000
25.860000 3.140000 65.620000
25.860000 5.980000 65.620000
25.860000 8.820000 65.620000
25.860000 11.660000 65.620000
25.860000 14.500000 65.620000
25.860000 17.340000 65.620000
25.860000 20.180000 65.620000
25.860000 23.020000 65.620000
25.860000 25.860000 65.620000
25.860000 28.700000 65.620000
25.860000 31.540000 65.620000
25.860000 34.380000 65.620000
25.860000 37.220000 65.620000
28.700000 -2.540000 48.580000
28.700000 0.300000 48.580000
28.700000 3.140000 48.580000
28.700000 5.980000 48.580000
28.700000 8.820000 48.580000
28.700000 11.660000 48.580000
28.700000 14.500000 48.580000
28.700000 17.340000 48.580000
28.700000 20.180000 48.580000
28.700000 23.020000 48.580000
28.700000 25.860000 48.580000
28.700000 28.700000 48.580000
28.700000 31.540000 48.580000
28.700000 34.380000 48.580000
28.700000 37.220000 48.580000
28.700000 -2.540000 51.420000
28.700000 0.300000 51.420000
28.700000 3.140000 51.420000
28.700000 5.980000 51.420000
28.700000 8.820000 51.420000
28.700000 11.660000 51.420000
28.700000 14.500000 51.420000
28.700000 17.340000 51.420000
28.700000 20.180000 51.420000
28.700000 23.020000 51.420000
28.700000 25.860000 51.420000
28.700000 28.700000 51.420000
28.700000 31.540000 51.420000
28.700000 34.380000 51.420000
28.700000 37.220000 51.420000
28.700000 -2.540000 54.260000
28.700000 0.300000 54.260000
28.700000 3.140000 54.260000
28.700000 5.980000 54.260000
28.700000 8.820000 54.260000
28.700000 11.660000 54.260000
28.700000 14.500000 54.260000
28.700000 17.340000 54.260000
28.700000 20.180000 54.260000
28.700000 23.020000 54.260000
28.700000 25.860000 54.260000
28.700000 28.700000 54.260000
28.700000 31.540000 54.260000
28.700000 34.380000 54.260000
28.700000 37.220000 54.260000
28.700000 -2.540000 57.100000
28.700000 0.300000 57.100000
28.700000 3.140000 57.100000
28.700000 5.980000 57.100000
28.700000 8.820000 57.100000
28.700000 11.660000 57.100000
28.700000 14.500000 57.100000
28.700000 17.340000 57.100000
28.700000 20.180000 57.100000
28.700000 23.020000 57.100000
28.700000 25.860000 57.100000
28.700000 28.700000 57.100000
28.700000 31.540000 57.100000
28.700000 34.380000 57.100000
28.700000 37.220000 57.100000
28.700000 -2.540000 59.940000
28.700000 0.300000 59.940000
28.700000 3.140000 59.940000
28.700000 5.980000 59.940000
28.700000 8.820000 59.940000
28.700000 11.660000 59.940000
28.700000 14.500000 59.940000
28.700000 17.340000 59.940000
28.700000 20.180000 59.940000
28.700000 23.020000 59.940000
28.700000 25.860000 59.940000
28.700000 28.700000 59.940000
28.700000 31.540000 59.940000
28.700000 34.380000 59.940000
28.700000 37.220000 59.940000
28.700000 -2.540000 62.780000
28.700000 0.300000 62.780000
28.700000 3.140000 62.780000
28.700000 5.980000 62.780000
28.700000 8.820000 62.780000
28.700000 11.660000 62.780000
28.700000 14.500000 62.780000
28.700000 17.340000 62.780000
28.700000 20.180000 62.780000
28.700000 23.020000 62.780000
28.700000 25.860000 62.780000
28.700000 28.700000 62.780000
28.700000 31.540000 62.780000
28.700000 34.380000 62.780000
28.700000 37.220000 62.780000
28.700000 -2.540000 65.620000
28.700000 0.300000 65.620000
28.700000 3.140000 65.620000
28.700000 5.980000 65.620000
28.700000 8.820000 65.620000
28.700000 11.660000 65.620000
28.700000 14.500000 65.620000
28.700000 17.340000 65.620000
28.700000 20.180000 65.620000
28.700000 23.020000 65.620000
28.700000 25.860000 65.620000
28.700000 28.700000 65.620000
28.700000 31.540000 65.620000
28.700000 34.380000 65.620000
28.700000 37.220000 65.620000
31.540000 -2.540000 48.580000
31.540000 0.300000 48.580000
31.540000 3.140000 48.580000
31.540000 5.980000 48.580000
31.540000 8.820000 48.580000
31.540000 11.660000 48.580000
31.540000 14.500000 48.580000
31.540000 17.340000 48.580000
31.540000 20.180000 48.580000
31.540000 23.020000 48.580000
31.540000 25.860000 48.580000
31.540000 28.700000 48.580000
31.540000 31.540000 48.580000
31.540000 34.380000 48.580000
31.540000 37.220000 48.580000
31.540000 -2.540000 51.420000
31.540000 0.300000 51.420000
31.540000 3.140000 51.420000
31.540000 5.980000 51.420000
31.540000 8.820000 51.420000
31.540000 11.660000 51.420000
31.540000 14.500000 51.420000
31.540000 17.340000 51.420000
31.540000 20.180000 51.420000
31.540000 23.020000 51.420000
31.540000 25.860000 51.420000
31.540000 28.700000 51.420000
31.540000 31.540000 51.420000
31.540000 34.380000 51.420000
31.540000 37.220000 51.420000
31.540000 -2.540000 54.260000
31.540000 0.300000 54.260000
31.540000 3.140000 54.260000
31.540000 5.980000 54.260000
31.540000 8.820000 54.260000
31.540000 11.660000 54.260000
31.540000 14.500000 54.260000
31.540000 17.340000 54.260000
31.540000 20.180000 54.260000
31.540000 23.020000 54.260000
31.540000 25.860000 54.260000
31.540000 28.700000 54.260000
31.540000 31.540000 54.260000
31.540000 34.380000 54.260000
31.540000 37.220000 54.260000
31.540000 -2.540000 57.100000
31.540000 0.300000 57.100000
31.540000 3.140000 57.100000
31.540000 5.980000 57.100000
31.540000 8.820000 57.100000
31.540000 11.660000 57.100000
31.540000 14.500000 57.100000
31.540000 17.340000 57.100000
31.540000 20.180000 57.100000
31.540000 23.020000 57.100000
31.540000 25.860000 57.100000
31.540000 28.700000 57.100000
31.540000 31.540000 57.100000
31.540000 34.380000 57.100000
31.540000 37.220000 57.100000
31.540000 -2.540000 59.940000
31.540000 0.300000 59.940000
31.540000 3.140000 59.940000
31.540000 5.980000 59.940000
31.540000 8.820000 59.940000
31.540000 11.660000 59.940000
31.540000 14.500000 59.940000
31.540000 17.340000 59.940000
31.540000 20.180000 59.940000
31.540000 23.020000 59.940000
31.540000 25.860000 59.940000
31.540000 28.700000 59.940000
31.540000 31.540000 59.940000
31.540000 34.380000 59.940000
31.540000 37.220000 59.940000
31.540000 -2.540000 62.780000
31.540000 0.300000 62.780000
31.540000 3.140000 62.780000
31.540000 5.980000 62.780000
31.540000 8.820000 62.780000
31.540000 11.660000 62.780000
31.540000 14.500000 62.780000
31.540000 17.340000 62.780000
31.540000 20.180000 62.780000
31.540000 23.020000 62.780000
31.540000 25.860000 62.780000
31.540000 28.700000 62.780000
31.540000 31.540000 62.780000
31.540000 34.380000 62.780000
31.540000 37.220000 62.780000
31.540000 -2.540000 65.620000
31.540000 0.300000 65.620000
31.540000 3.140000 65.620000
31.540000 5.980000 65.620000
31.540000 8.820000 65.620000
31.540000 11.660000 65.620000
31.540000 14.500000 65.620000
31.540000 17.340000 65.620000
31.540000 20.180000 65.620000
31.540000 23.020000 65.620000
31.540000 25.860000 65.620000
31.540000 28.700000 65.620000
31.540000 31.540000 65.620000
31.540000 34.380000 65.620000
31.540000 37.220000 65.620000
34.380000 -2.540000 48.580000
34.380000 0.300000 48.580000
34.380000 3.140000 48.580000
34.380000 5.980000 48.580000
34.380000 8.820000 48.580000
34.380000 11.660000 48.580000
34.380000 14.500000 48.580000
34.380000 17.340000 48.580000
34.380000 20.180000 48.580000
34.380000 23.020000 48.580000
34.380000 25.860000 48.580000
34.380000 28.700000 48.580000
34.380000 31.540000 48.580000
34.380000 34.380000 48.580000
34.380000 37.220000 48.580000
34.380000 -2.540000 51.420000
34.380000 0.300000 51.420000
34.380000 3.140000 51.420000
34.380000 5.980000 51.420000
34.380000 8.820000 51.420000
34.380000 11.660000 51.420000
34.380000 14.500000 51.420000
34.380000 17.340000 51.420000
34.380000 20.180000 51.420000
34.380000 23.020000 51.420000
34.380000 25.860000 51.420000
34.380000 28.700000 51.420000
34.380000 31.540000 51.420000
34.380000 34.380000 51.420000
34.380000 37.220000 51.420000
34.380000 -2.540000 54.260000
34.380000 0.300000 54.260000
34.380000 3.140000 54.260000
34.380000 5.980000 54.260000
34.380000 8.820000 54.260000
34.380000 11.660000 54.260000
34.380000 14.500000 54.260000
34.380000 17.340000 54.260000
34.380000 20.180000 54.260000
34.380000 23.020000 54.260000
34.380000 25.860000 54.260000
34.380000 28.700000 54.260000
34.380000 31.540000 54.260000
34.380000 34.380000 54.260000
34.380000 37.220000 54.260000
34.380000 -2.540000 57.100000
34.380000 0.300000 57.100000
34.380000 3.140000 57.100000
34.380000 5.980000 57.100000
34.380000 8.820000 57.100000
34.380000 11.660000 57.100000
34.380000 14.500000 57.100000
34.380000 17.340000 57.100000
34.380000 20.180000 57.100000
34.380000 23.020000 57.100000
34.380000 25.860000 57.100000
34.380000 28.700000 57.100000
34.380000 31.540000 57.100000
34.380000 34.380000 57.100000
34.380000 37.220000 57.100000
34.380000 -2.540000 59.940000
34.380000 0.300000 59.940000
34.380000 3.140000 59.940000
34.380000 5.980000 59.940000
34.380000 8.820000 59.940000
34.380000 11.660000 59.940000
34.380000 14.500000 59.940000
34.380000 17.340000 59.940000
34.380000 20.180000 59.940000
34.380000 23.020000 59.940000
34.380000 25.860000 59.940000
34.380000 28.700000 59.940000
34.380000 31.540000 59.940000
34.380000 34.380000 59.940000
34.380000 37.220000 59.940000
34.380000 -2.540000 62.780000
34.380000 0.300000 62.780000
34.380000 3.140000 62.780000
34.380000 5.980000 62.780000
34.380000 8.820000 62.780000
34.380000 11.660000 62.780000
34.380000 14.500000 62.780000
34.380000 17.340000 62.780000
34.380000 20.180000 62.780000
34.380000 23.020000 62.780000
34.380000 25.860000 62.780000
34.380000 28.700000 62.780000
34.380000 31.540000 62.780000
34.380000 34.380000 62.780000
34.380000 37.220000 62.780000
34.380000 -2.540000 65.620000
34.380000 0.300000 65.620000
34.380000 3.140000 65.620000
34.380000 5.980000 65.620000
34.380000 8.820000 65.620000
34.380000 11.660000 65.620000
34.380000 14.500000 65.620000
34.380000 17.340000 65.620000
34.380000 20.180000 65.620000
34.380000 23.020000 65.620000
34.380000 25.860000 65.620000
34.380000 28.700000 65.620000
34.380000 31.540000 65.620000
34.380000 34.380000 65.620000
34.380000 37.220000 65.620000
37.220000 -2.540000 48.580000
37.220000 0.300000 48.580000
37.220000 3.140000 48.580000
37.220000 5.980000 48.580000
37.220000 8.820000 48.580000
37.220000 11.660000 48.580000
37.220000 14.500000 48.580000
37.220000 17.340000 48.580000
37.220000 20.180000 48.580000
37.220000 23.020000 48.580000
37.220000 25.860000 48.580000
37.220000 28.700000 48.580000
37.220000 31.540000 48.580000
37.220000 34.380000 48.580000
37.220000 37.220000 48.580000
37.220000 -2.540000 51.420000
37.220000 0.300000 51.420000
37.220000 3.140000 51.420000
37.220000 5.980000 51.420000
37.220000 8.820000 51.420000
37.220000 11.660000 51.420000
37.220000 14.500000 51.420000
37.220000 17.340000 51.420000
37.220000 20.180000 51.420000
37.220000 23.020000 51.420000
37.220000 25.860000 51.420000
37.220000 28.700000 51.420000
37.220000 31.540000 51.420000
37.220000 34.380000 51.420000
37.220000 37.220000 51.420000
37.220000 -2.540000 54.260000
37.220000 0.300000 54.260000
37.220000 3.140000 54.260000
37.220000 5.980000 54.260000
37.220000 8.820000 54.260000
37.220000 11.660000 54.260000
37.220000 14.500000 54.260000
37.220000 17.340000 54.260000
37.220000 20.180000 54.260000
37.220000 23.020000 54.260000
37.220000 25.860000 54.260000
37.220000 28.700000 54.260000
37.220000 31.540000 54.260000
37.220000 34.380000 54.260000
37.220000 37.220000 54.260000
37.220000 -2.540000 57.100000
37.220000 0.300000 57.100000
37.220000 3.140000 57.100000
37.220000 5.980000 57.100000
37.220000 8.820000 57.100000
37.220000 11.660000 57.100000
37.220000 14.500000 57.100000
37.220000 17.340000 57.100000
37.220000 20.180000 57.100000
37.220000 23.020000 57.100000
37.220000 25.860000 57.100000
37.220000 28.700000 57.100000
37.220000 31.540000 57.100000
37.220000 34.380000 57.100000
37.220000 37.220000 57.100000
37.220000 -2.540000 59.940000
37.220000 0.300000 59.940000
37.220000 3.140000 59.940000
37.220000 5.980000 59.940000
37.220000 8.820000 59.940000
37.220000 11.660000 59.940000
37.220000 14.500000 59.940000
37.220000 17.340000 59.940000
37.220000 20.180000 59.940000
37.220000 23.020000 59.940000
37.220000 25.860000 59.940000
37.220000 28.700000 59.940000
37.220000 31.540000 59.940000
37.220000 34.380000 59.940000
37.220000 37.220000 59.940000
37.220000 -2.540000 62.780000
37.220000 0.300000 62.780000
37.220000 3.140000 62.780000
37.220000 5.980000 62.780000
37.220000 8.820000 62.780000
37.220000 11.660000 62.780000
37.220000 14.500000 62.780000
37.220000 17.340000 62.780000
37.220000 20.180000 62.780000
37.220000 23.020000 62.780000
37.220000 25.860000 62.780000
37.220000 28.700000 62.780000
37.220000 31.540000 62.780000
37.220000 34.380000 62.780000
37.220000 37.220000 62.780000
37.220000 -2.540000 65.620000
37.220000 0.300000 65.620000
37.220000 3.140000 65.620000
37.220000 5.980000 65.620000
37.220000 8.820000 65.620000
37.220000 11.660000 65.620000
37.220000 14.500000 65.620000
37.220000 17.340000 65.620000
37.220000 20.180000 65.620000
37.220000 23.020000 65.620000
37.220000 25.860000 65.620000
37.220000 28.700000 65.620000
37.220000 31.540000 65.620000
37.220000 34.380000 65.620000
37.220000 37.220000 65.620000
40.060000 -2.540000 48.580000
40.060000 0.300000 48.580000
40.060000 3.140000 48.580000
40.060000 5.980000 48.580000
40.060000 8.820000 48.580000
40.060000 11.660000 48.580000
40.060000 14.500000 48.580000
40.060000 17.340000 48.580000
40.060000 20.180000 48.580000
40.060000 23.020000 48.580000
40.060000 25.860000 48.580000
40.060000 28.700000 48.580000
40.060000 31.540000 48.580000
40.060000 34.380000 48.580000
40.060000 37.220000 48.580000
40.060000 -2.540000 51.420000
40.060000 0.300000 51.420000
40.060000 3.140000 51.420000
40.060000 5.980000 51.420000
40.060000 8.820000 51.420000
40.060000 11.660000 51.420000
40.060000 14.500000 51.420000
40.060000 17.340000 51.420000
40.060000 20.180000 51.420000
40.060000 23.020000 51.420000
40.060000 25.860000 51.420000
40.060000 28.700000 51.420000
40.060000 31.540000 51.420000
40.060000 34.380000 51.420000
40.060000 37.220000 51.420000
40.060000 -2.540000 54.260000
40.060000 0.300000 54.260000
40.060000 3.140000 54.260000
40.060000 5.980000 54.260000
40.060000 8.820000 54.260000
40.060000 11.660000 54.260000
40.060000 14.500000 54.260000
40.060000 17.340000 54.260000
40.060000 20.180000 54.260000
40.060000 23.020000 54.260000
40.060000 25.860000 54.260000
40.060000 28.700000 54.260000
40.060000 31.540000 54.260000
40.060000 34.380000 54.260000
40.060000 37.220000 54.260000
40.060000 -2.540000 57.100000
40.060000 0.300000 57.100000
40.060000 3.140000 57.100000
40.060000 5.980000 57.100000
40.060000 8.820000 57.100000
40.060000 11.660000 57.100000
40.060000 14.500000 57.100000
40.060000 17.340000 57.100000
40.060000 20.180000 57.100000
40.060000 23.020000 57.100000
40.060000 25.860000 57.100000
40.060000 28.700000 57.100000
40.060000 31.540000 57.100000
40.060000 34.380000 57.100000
40.060000 37.220000 57.100000
40.060000 -2.540000 59.940000
40.060000 0.300000 59.940000
40.060000 3.140000 59.940000
40.060000 5.980000 59.940000
40.060000 8.820000 59.940000
40.060000 11.660000 59.940000
40.060000 14.500000 59.940000
40.060000 17.340000 59.940000
40.060000 20.180000 59.940000
40.060000 23.020000 59.940000
40.060000 25.860000 59.940000
40.060000 28.700000 59.940000
40.060000 31.540000 59.940000
40.060000 34.380000 59.940000
40.060000 37.220000 59.940000
40.060000 -2.540000 62.780000
40.060000 0.300000 62.780000
40.060000 3.140000 62.780000
40.060000 5.980000 62.780000
40.060000 8.820000 62.780000
40.060000 11.660000 62.780000
40.060000 14.500000 62.780000
40.060000 17.340000 62.780000
40.060000 20.180000 62.780000
40.060000 23.020000 62.780000
40.060000 25.860000 62.780000
40.060000 28.700000 62.780000
40.060000 31.540000 62.780000
40.060000 34.380000 62.780000
40.060000 37.220000 62.780000
40.060000 -2.540000 65.620000
40.060000 0.300000 65.620000
40.060000 3.140000 65.620000
40.060000 5.980000 65.620000
40.060000 8.820000 65.620000
40.060000 11.660000 65.620000
40.060000 14.500000 65.620000
40.060000 17.340000 65.620000
40.060000 20.180000 65.620000
40.060000 23.020000 65.620000
40.060000 25.860000 65.620000
40.060000 28.700000 65.620000
40.060000 31.540000 65.620000
40.060000 34.380000 65.620000
40.060000 37.220000 65.620000
42.900000 -2.540000 48.580000
42.900000 0.300000 48.580000
42.900000 3.140000 48.580000
42.900000 5.980000 48.580000
42.900000 8.820000 48.580000
42.900000 11.660000 48.580000
42.900000 14.500000 48.580000
42.900000 17.340000 48.580000
42.900000 20.180000 48.580000
42.900000 23.020000 48.580000
42.900000 25.860000 48.580000
42.900000 28.700000 48.580000
42.900000 31.540000 48.580000
42.900000 34.380000 48.580000
42.900000 37.220000 48.580000
42.900000 -2.540000 51.420000
42.900000 0.300000 51.420000
42.900000 3.140000 51.420000
42.900000 5.980000 51.420000
42.900000 8.820000 51.420000
42.900000 11.660000 51.420000
42.900000 14.500000 51.420000
42.900000 17.340000 51.420000
42.900000 20.180000 51.420000
42.900000 23.020000 51.420000
42.900000 25.860000 51.420000
42.900000 28.700000 51.420000
42.900000 31.540000 51.420000
42.900000 34.380000 51.420000
42.900000 37.220000 51.420000
42.900000 -2.540000 54.260000
42.900000 0.300000 54.260000
42.900000 3.140000 54.260000
42.900000 5.980000 54.260000
42.900000 8.820000 54.260000
42.900000 11.660000 54.260000
42.900000 14.500000 54.260000
42.900000 17.340000 54.260000
42.900000 20.180000 54.260000
42.900000 23.020000 54.260000
42.900000 25.860000 54.260000
42.900000 28.700000 54.260000
42.900000 31.540000 54.260000
42.900000 34.380000 54.260000
42.900000 37.220000 54.260000
42.900000 -2.540000 57.100000
42.900000 0.300000 57.100000
42.900000 3.140000 57.100000
42.900000 5.980000 57.100000
42.900000 8.820000 57.100000
42.900000 11.660000 57.100000
42.900000 14.500000 57.100000
42.900000 17.340000 57.100000
42.900000 20.180000 57.100000
42.900000 23.020000 57.100000
42.900000 25.860000 57.100000
42.900000 28.700000 57.100000
42.900000 31.540000 57.100000
42.900000 34.380000 57.100000
42.900000 37.220000 57.100000
42.900000 -2.540000 59.940000
42.900000 0.300000 59.940000
42.900000 3.140000 59.940000
42.900000 5.980000 59.940000
42.900000 8.820000 59.940000
42.900000 11.660000 59.940000
42.900000 14.500000 59.940000
42.900000 17.340000 59.940000
42.900000 20.180000 59.940000
42.900000 23.020000 59.940000
42.900000 25.860000 59.940000
42.900000 28.700000 59.940000
42.900000 31.540000 59.940000
42.900000 34.380000 59.940000
42.900000 37.220000 59.940000
42.900000 -2.540000 62.780000
42.900000 0.300000 62.780000
42.900000 3.140000 62.780000
42.900000 5.980000 62.780000
42.900000 8.820000 62.780000
42.900000 11.660000 62.780000
42.900000 14.500000 62.780000
42.900000 17.340000 62.780000
42.900000 20.180000 62.780000
42.900000 23.020000 62.780000
42.900000 25.860000 62.780000
42.900000 28.700000 62.780000
42.900000 31.540000 62.780000
42.900000 34.380000 62.780000
42.900000 37.220000 62.780000
42.900000 -2.540000 65.620000
42.900000 0.300000 65.620000
42.900000 3.140000 65.620000
42.900000 5.980000 65.620000
42.900000 8.820000 65.620000
42.900000 11.660000 65.620000
42.900000 14.500000 65.620000
42.900000 17.340000 65.620000
42.900000 20.180000 65.620000
42.900000 23.020000 65.620000
42.900000 25.860000 65.620000
42.900000 28.700000 65.620000
42.900000 31.540000 65.620000
42.900000 34.380000 65.620000
42.900000 37.220000 65.620000
45.740000 -2.540000 48.580000
45.740000 0.300000 48.580000
45.740000 3.140000 48.580000
45.740000 5.980000 48.580000
45.740000 8.820000 48.580000
45.740000 11.660000 48.580000
45.740000 14.500000 48.580000
45.740000 17.340000 48.580000
45.740000 20.180000 48.580000
45.740000 23.020000 48.580000
45.740000 25.860000 48.580000
45.740000 28.700000 48.580000
45.740000 31.540000 48.580000
45.740000 34.380000 48.580000
45.740000 37.220000 48.580000
45.740000 -2.540000 51.420000
45.740000 0.300000 51.420000
45.740000 3.140000 51.420000
45.740000 5.980000 51.420000
45.740000 8.820000 51.420000
45.740000 11.660000 51.420000
45.740000 14.500000 51.420000
45.740000 17.340000 51.420000
45.740000 20.180000 51.420000
45.740000 23.020000 51.420000
45.740000 25.860000 51.420000
45.740000 28.700000 51.420000
45.740000 31.540000 51.420000
45.740000 34.380000 51.420000
45.740000 37.220000 51.420000
45.740000 -2.540000 54.260000
45.740000 0.300000 54.260000
45.740000 3.140000 54.260000
45.740000 5.980000 54.260000
45.740000 8.820000 54.260000
45.740000 11.660000 54.260000
45.740000 14.500000 54.260000
45.740000 17.340000 54.260000
45.740000 20.180000 54.260000
45.740000 23.020000 54.260000
45.740000 25.860000 54.260000
45.740000 28.700000 54.260000
45.740000 31.540000 54.260000
45.740000 34.380000 54.260000
45.740000 37.220000 54.260000
45.740000 -2.540000 57.100000
45.740000 0.300000 57.100000
45.740000 3.140000 57.100000
45.740000 5.980000 57.100000
45.740000 8.820000 57.100000
45.740000 11.660000 57.100000
45.740000 14.500000 57.100000
45.740000 17.340000 57.100000
45.740000 20.180000 57.100000
45.740000 23.020000 57.100000
45.740000 25.860000 57.100000
45.740000 28.700000 57.100000
45.740000 31.540000 57.100000
45.740000 34.380000 57.100000
45.740000 37.220000 57.100000
45.740000 -2.540000 59.940000
45.740000 0.300000 59.940000
45.740000 3.140000 59.940000
45.740000 5.980000 59.940000
45.740000 8.820000 59.940000
45.740000 11.660000 59.940000
45.740000 14.500000 59.940000
45.740000 17.340000 59.940000
45.740000 20.180000 59.940000
45.740000 23.020000 59.940000
45.740000 25.860000 59.940000
45.740000 28.700000 59.940000
45.740000 31.540000 59.940000
45.740000 34.380000 59.940000
45.740000 37.220000 59.940000
45.740000 -2.540000 62.780000
45.740000 0.300000 62.780000
45.740000 3.140000 62.780000
45.740000 5.980000 62.780000
45.740000 8.820000 62.780000
45.740000 11.660000 62.780000
45.740000 14.500000 62.780000
45.740000 17.340000 62.780000
45.740000 20.180000 62.780000
45.740000 23.020000 62.780000
45.740000 25.860000 62.780000
45.740000 28.700000 62.780000
45.740000 31.540000 62.780000
45.740000 34.380000 62.780000
45.740000 37.220000 62.780000
45.740000 -2.540000 65.620000
45.740000 0.300000 65.620000
45.740000 3.140000 65.620000
45.740000 5.980000 65.620000
45.740000 8.820000 65.620000
45.740000 11.660000 65.620000
45.740000 14.500000 65.620000
45.740000 17.340000 65.620000
45.740000 20.180000 65.620000
45.740000 23.020000 65.620000
45.740000 25.860000 65.620000
45.740000 28.700000 65.620000
45.740000 31.540000 65.620000
45.740000 34.380000 65.620000
45.740000 37.220000 65.620000
48.580000 -2.540000 48.580000
48.580000 0.300000 48.580000
48.580000 3.140000 48.580000
48.580000 5.980000 48.580000
48.580000 8.820000 48.580000
48.580000 11.660000 48.580000
48.580000 14.500000 48.580000
48.580000 17.340000 48.580000
48.580000 20.180000 48.580000
48.580000 23.020000 48.580000
48.580000 25.860000 48.580000
48.580000 28.700000 48.580000
48.580000 31.540000 48.580000
48.580000 34.380000 48.580000
48.580000 37.220000 48.580000
48.580000 -2.540000 51.420000
48.580000 0.300000 51.420000
48.580000 3.140000 51.420000
48.580000 5.980000 51.420000
48.580000 8.820000 51.420000
48.580000 11.660000 51.420000
48.580000 14.500000 51.420000
48.580000 17.340000 51.420000
48.580000 20.180000 51.420000
48.580000 23.020000 51.420000
48.580000 25.860000 51.420000
48.580000 28.700000 51.420000
48.580000 31.540000 51.420000
48.580000 34.380000 51.420000
48.580000 37.220000 51.420000
48.580000 -2.540000 54.260000
48.580000 0.300000 54.260000
48.580000 3.140000 54.260000
48.580000 5.980000 54.260000
48.580000 8.820000 54.260000
48.580000 11.660000 54.260000
48.580000 14.500000 54.260000
48.580000 17.340000 54.260000
48.580000 20.180000 54.260000
48.580000 23.020000 54.260000
48.580000 25.860000 54.260000
48.580000 28.700000 54.260000
48.580000 31.540000 54.260000
48.580000 34.380000 54.260000
48.580000 37.220000 54.260000
48.580000 -2.540000 57.100000
48.580000 0.300000 57.100000
48.580000 3.140000 57.100000
48.580000 5.980000 57.100000
48.580000 8.820000 57.100000
48.580000 11.660000 57.100000
48.580000 14.500000 57.100000
48.580000 17.340000 57.100000
48.580000 20.180000 57.100000
48.580000 23.020000 57.100000
48.580000 25.860000 57.100000
48.580000 28.700000 57.100000
48.580000 31.540000 57.100000
48.580000 34.380000 57.100000
48.580000 37.220000 57.100000
48.580000 -2.540000 59.940000
48.580000 0.300000 59.940000
48.580000 3.140000 59.940000
48.580000 5.980000 59.940000
48.580000 8.820000 59.940000
48.580000 11.660000 59.940000
48.580000 14.500000 59.940000
48.580000 17.340000 59.940000
48.580000 20.180000 59.940000
48.580000 23.020000 59.940000
48.580000 25.860000 59.940000
48.580000 28.700000 59.940000
48.580000 31.540000 59.940000
48.580000 34.380000 59.940000
48.580000 37.220000 59.940000
48.580000 -2.540000 62.780000
48.580000 0.300000 62.780000
48.580000 3.140000 62.780000
48.580000 5.980000 62.780000
48.580000 8.820000 62.780000
48.580000 11.660000 62.780000
48.580000 14.500000 62.780000
48.580000 17.340000 62.780000
48.580000 20.180000 62.780000
48.580000 23.020000 62.780000
48.580000 25.860000 62.780000
48.580000 28.700000 62.780000
48.580000 31.540000 62.780000
48.580000 34.380000 62.780000
48.580000 37.220000 62.780000
48.580000 -2.540000 65.620000
48.580000 0.300000 65.620000
48.580000 3.140000 65.620000
48.580000 5.980000 65.620000
48.580000 8.820000 65.620000
48.580000 11.660000 65.620000
48.580000 14.500000 65.620000
48.580000 17.340000 65.620000
48.580000 20.180000 65.620000
48.580000 23.020000 65.620000
48.580000 25.860000 65.620000
48.580000 28.700000 65.620000
48.580000 31.540000 65.620000
48.580000 34.380000 65.620000
48.580000 37.220000 65.620000
51.420000 -2.540000 48.580000
51.420000 0.300000 48.580000
51.420000 3.140000 48.580000
51.420000 5.980000 48.580000
51.420000 8.820000 48.580000
51.420000 11.660000 48.580000
51.420000 14.500000 48.580000
51.420000 17.340000 48.580000
51.420000 20.180000 48.580000
51.420000 23.020000 48.580000
51.420000 25.860000 48.580000
51.420000 28.700000 48.580000
51.420000 31.540000 48.580000
51.420000 34.380000 48.580000
51.420000 37.220000 48.580000
51.420000 -2.540000 51.420000
51.420000 0.300000 51.420000
51.420000 3.140000 51.420000
51.420000 5.980000 51.420000
51.420000 8.820000 51.420000
51.420000 11.660000 51.420000
51.420000 14.500000 51.420000
51.420000 17.340000 51.420000
51.420000 20.180000 51.420000
51.420000 23.020000 51.420000
51.420000 25.860000 51.420000
51.420000 28.700000 51.420000
51.420000 31.540000 51.420000
51.420000 34.380000 51.420000
51.420000 37.220000 51.420000
51.420000 -2.540000 54.260000
51.420000 0.300000 54.260000
51.420000 3.140000 54.260000
51.420000 5.980000 54.260000
51.420000 8.820000 54.260000
51.420000 11.660000 54.260000
51.420000 14.500000 54.260000
51.420000 17.340000 54.260000
51.420000 20.180000 54.260000
51.420000 23.020000 54.260000
51.420000 25.860000 54.260000
51.420000 28.700000 54.260000
51.420000 31.540000 54.260000
51.420000 34.380000 54.260000
51.420000 37.220000 54.260000
51.420000 -2.540000 57.100000
51.420000 0.300000 57.100000
51.420000 3.140000 57.100000
51.420000 5.980000 57.100000
51.420000 8.820000 57.100000
51.420000 11.660000 57.100000
51.420000 14.500000 57.100000
51.420000 17.340000 57.100000
51.420000 20.180000 57.100000
51.420000 23.020000 57.100000
51.420000 25.860000 57.100000
51.420000 28.700000 57.100000
51.420000 31.540000 57.100000
51.420000 34.380000 57.100000
51.420000 37.220000 57.100000
51.420000 -2.540000 59.940000
51.420000 0.300000 59.940000
51.420000 3.140000 59.940000
51.420000 5.980000 59.940000
51.420000 8.820000 59.940000
51.420000 11.660000 59.940000
51.420000 14.500000 59.940000
51.420000 17.340000 59.940000
51.420000 20.180000 59.940000
51.420000 23.020000 59.940000
51.420000 25.860000 59.940000
51.420000 28.700000 59.940000
51.420000 31.540000 59.940000
51.420000 34.380000 59.940000
51.420000 37.220000 59.940000
51.420000 -2.540000 62.780000
51.420000 0.300000 62.780000
51.420000 3.140000 62.780000
51.420000 5.980000 62.780000
51.420000 8.820000 62.780000
51.420000 11.660000 62.780000
51.420000 14.500000 62.780000
51.420000 17.340000 62.780000
51.420000 20.180000 62.780000
51.420000 23.020000 62.780000
51.420000 25.860000 62.780000
51.420000 28.700000 62.780000
51.420000 31.540000 62.780000
51.420000 34.380000 62.780000
51.420000 37.220000 62.780000
51.420000 -2.540000 65.620000
51.420000 0.300000 65.620000
51.420000 3.140000 65.620000
51.420000 5.980000 65.620000
51.420000 8.820000 65.620000
51.420000 11.660000 65.620000
51.420000 14.500000 65.620000
51.420000 17.340000 65.620000
51.420000 20.180000 65.620000
51.420000 23.020000 65.620000
51.420000 25.860000 65.620000
51.420000 28.700000 65.620000
51.420000 31.540000 65.620000
51.420000 34.380000 65.620000
51.420000 37.220000 65.620000
54.260000 -2.540000 48.580000
54.260000 0.300000 48.580000
54.260000 3.140000 48.580000
54.260000 5.980000 48.580000
54.260000 8.820000 48.580000
54.260000 11.660000 48.580000
54.260000 14.500000 48.580000
54.260000 17.340000 48.580000
54.260000 20.180000 48.580000
54.260000 23.020000 48.580000
54.260000 25.860000 48.580000
54.260000 28.700000 48.580000
54.260000 31.540000 48.580000
54.260000 34.380000 48.580000
54.260000 37.220000 48.580000
54.260000 -2.540000 51.420000
54.260000 0.300000 51.420000
54.260000 3.140000 51.420000
54.260000 5.980000 51.420000
54.260000 8.820000 51.420000
54.260000 11.660000 51.420000
54.260000 14.500000 51.420000
54.260000 17.340000 51.420000
54.260000 20.180000 51.420000
54.260000 23.020000 51.420000
54.260000 25.860000 51.420000
54.260000 28.700000 51.420000
54.260000 31.540000 51.420000
54.260000 34.380000 51.420000
54.260000 37.220000 51.420000
54.260000 -2.540000 54.260000
54.260000 0.300000 54.260000
54.260000 3.140000 54.260000
54.260000 5.980000 54.260000
54.260000 8.820000 54.260000
54.260000 11.660000 54.260000
54.260000 14.500000 54.260000
54.260000 17.340000 54.260000
54.260000 20.180000 54.260000
54.260000 23.020000 54.260000
54.260000 25.860000 54.260000
54.260000 28.700000 54.260000
54.260000 31.540000 54.260000
54.260000 34.380000 54.260000
54.260000 37.220000 54.260000
54.260000 -2.540000 57.100000
54.260000 0.300000 57.100000
54.260000 3.140000 57.100000
54.260000 5.980000 57.100000
54.260000 8.820000 57.100000
54.260000 11.660000 57.100000
54.260000 14.500000 57.100000
54.260000 17.340000 57.100000
54.260000 20.180000 57.100000
54.260000 23.020000 57.100000
54.260000 25.860000 57.100000
54.260000 28.700000 57.100000
54.260000 31.540000 57.100000
54.260000 34.380000 57.100000
54.260000 37.220000 57.100000
54.260000 -2.540000 59.940000
54.260000 0.300000 59.940000
54.260000 3.140000 59.940000
54.260000 5.980000 59.940000
54.260000 8.820000 59.940000
54.260000 11.660000 59.940000
54.260000 14.500000 59.940000
54.260000 17.340000 59.940000
54.260000 20.180000 59.940000
54.260000 23.020000 59.940000
54.260000 25.860000 59.940000
54.260000 28.700000 59.940000
54.260000 31.540000 59.940000
54.260000 34.380000 59.940000
54.260000 37.220000 59.940000
54.260000 -2.540000 62.780000
54.260000 0.300000 62.780000
54.260000 3.140000 62.780000
54.260000 5.980000 62.780000
54.260000 8.820000 62.780000
54.260000 11.660000 62.780000
54.260000 14.500000 62.780000
54.260000 17.340000 62.780000
54.260000 20.180000 62.780000
54.260000 23.020000 62.780000
54.260000 25.860000 62.780000
54.260000 28.700000 62.780000
54.260000 31.540000 62.780000
54.260000 34.380000 62.780000
54.260000 37.220000 62.780000
54.260000 -2.540000 65.620000
54.260000 0.300000 65.620000
54.260000 3.140000 65.620000
54.260000 5.980000 65.620000
54.260000 8.820000 65.620000
54.260000 11.660000 65.620000
54.260000 14.500000 65.620000
54.260000 17.340000 65.620000
54.260000 20.180000 65.620000
54.260000 23.020000 65.620000
54.260000 25.860000 65.620000
54.260000 28.700000 65.620000
54.260000 31.540000 65.620000
54.260000 34.380000 65.620000
54.260000 37.220000 65.620000
57.100000 -2.540000 59.940000
57.100000 0.300000 59.940000
57.100000 3.140000 59.940000
57.100000 5.980000 59.940000
57.100000 8.820000 59.940000
57.100000 11.660000 59.940000
57.100000 14.500000 59.940000
57.100000 17.340000 59.940000
57.100000 20.180000 59.940000
57.100000 23.020000 59.940000
57.100000 25.860000 59.940000
57.100000 28.700000 59.940000
57.100000 31.540000 59.940000
57.100000 34.380000 59.940000
57.100000 37.220000 59.940000
57.100000 -2.540000 62.780000
57.100000 0.300000 62.780000
57.100000 3.140000 62.780000
57.100000 5.980000 62.780000
57.100000 8.820000 62.780000
57.100000 11.660000 62.780000
57.100000 14.500000 62.780000
57.100000 17.340000 62.780000
57.100000 20.180000 62.780000
57.100000 23.020000 62.780000
57.100000 25.860000 62.780000
57.100000 28.700000 62.780000
57.100000 31.540000 62.780000
57.100000 34.380000 62.780000
57.100000 37.220000 62.780000
57.100000 -2.540000 65.620000
57.100000 0.300000 65.620000
57.100000 3.140000 65.620000
57.100000 5.980000 65.620000
57.100000 8.820000 65.620000
57.100000 11.660000 65.620000
57.100000 14.500000 65.620000
57.100000 17.340000 65.620000
57.100000 20.180000 65.620000
57.100000 23.020000 65.620000
57.100000 25.860000 65.620000
57.100000 28.700000 65.620000
57.100000 31.540000 65.620000
57.100000 34.380000 65.620000
57.100000 37.220000 65.620000
59.940000 -2.540000 59.940000
59.940000 0.300000 59.940000
59.940000 3.140000 59.940000
59.940000 5.980000 59.940000
59.940000 8.820000 59.940000
59.940000 11.660000 59.940000
59.940000 14.500000 59.940000
59.940000 17.340000 59.940000
59.940000 20.180000 59.940000
59.940000 23.020000 59.940000
59.940000 25.860000 59.940000
59.940000 28.700000 59.940000
59.940000 31.540000 59.940000
59.940000 34.380000 59.940000
59.940000 37.220000 59.940000
59.940000 -2.540000 62.780000
59.940000 0.300000 62.780000
59.940000 3.140000 62.780000
59.940000 5.980000 62.780000
59.940000 8.820000 62.780000
59.940000 11.660000 62.780000
59.940000 14.500000 62.780000
59.940000 17.340000 62.780000
59.940000 20.180000 62.780000
59.940000 23.020000 62.780000
59.940000 25.860000 62.780000
59.940000 28.700000 62.780000
59.940000 31.540000 62.780000
59.940000 34.380000 62.780000
59.940000 37.220000 62.780000
59.940000 -2.540000 65.620000
59.940000 0.300000 65.620000
59.940000 3.140000 65.620000
59.940000 5.980000 65.620000
59.940000 8.820000 65.620000
59.940000 11.660000 65.620000
59.940000 14.500000 65.620000
59.940000 17.340000 65.620000
59.940000 20.180000 65.620000
59.940000 23.020000 65.620000
59.940000 25.860000 65.620000
59.940000 28.700000 65.620000
59.940000 31.540000 65.620000
59.940000 34.380000 65.620000
59.940000 37.220000 65.620000
