54.260000 14.500000 42.900000
54.260000 17.340000 42.900000
54.260000 20.180000 42.900000
54.260000 14.500000 45.740000
54.260000 17.340000 45.740000
54.260000 20.180000 45.740000
57.100000 3.140000 25.860000
57.100000 5.980000 25.860000
57.100000 8.820000 25.860000
57.100000 11.660000 25.860000
57.100000 23.020000 25.860000
57.100000 25.860000 25.860000
57.100000 28.700000 25.860000
57.100000 31.540000 25.860000
57.100000 3.140000 28.700000
57.100000 5.980000 28.700000
57.100000 8.820000 28.700000
57.100000 11.660000 28.700000
57.100000 23.020000 28.700000
57.100000 25.860000 28.700000
57.100000 28.700000 28.700000
57.100000 31.540000 28.700000
57.100000 3.140000 31.540000
57.100000 5.980000 31.540000
57.100000 8.820000 31.540000
57.100000 11.660000 31.540000
57.100000 23.020000 31.540000
57.100000 25.860000 31.540000
57.100000 28.700000 31.540000
57.100000 31.540000 31.540000
57.100000 3.140000 34.380000
57.100000 5.980000 34.380000
57.100000 8.820000 34.380000
57.100000 25.860000 34.380000
57.100000 28.700000 34.380000
57.100000 31.540000 34.380000
57.100000 3.140000 37.220000
57.100000 5.980000 37.220000
57.100000 8.820000 37.220000
57.100000 11.660000 37.220000
57.100000 14.500000 37.220000
57.100000 17.340000 37.220000
57.100000 20.180000 37.220000
57.100000 23.020000 37.220000
57.100000 25.860000 37.220000
57.100000 28.700000 37.220000
57.100000 31.540000 37.220000
57.100000 3.140000 40.060000
57.100000 5.980000 40.060000
57.100000 8.820000 40.060000
57.100000 11.660000 40.060000
57.100000 14.500000 40.060000
57.100000 17.340000 40.060000
57.100000 20.180000 40.060000
57.100000 23.020000 40.060000
57.100000 25.860000 40.060000
57.100000 28.700000 40.060000
57.100000 31.540000 40.060000
57.100000 3.140000 42.900000
57.100000 5.980000 42.900000
57.100000 8.820000 42.900000
57.100000 11.660000 42.900000
57.100000 14.500000 42.900000
57.100000 17.340000 42.900000
57.100000 20.180000 42.900000
57.100000 23.020000 42.900000
57.100000 25.860000 42.900000
57.100000 28.700000 42.900000
57.100000 31.540000 42.900000
57.100000 14.500000 45.740000
57.100000 17.340000 45.740000
57.100000 20.180000 45.740000
59.940000 3.140000 25.860000
59.940000 5.980000 25.860000
59.940000 8.820000 25.860000
59.940000 11.660000 25.860000
59.940000 23.020000 25.860000
59.940000 25.860000 25.860000
59.940000 28.700000 25.860000
59.940000 31.540000 25.860000
59.940000 3.140000 28.700000
59.940000 5.980000 28.700000
59.940000 8.820000 28.700000
59.940000 11.660000 28.700000
59.940000 23.020000 28.700000
59.940000 25.860000 28.700000
59.940000 28.700000 28.700000
59.940000 31.540000 28.700000
59.940000 3.140000 31.540000
59.940000 5.980000 31.540000
59.940000 8.820000 31.540000
59.940000 11.660000 31.540000
59.940000 23.020000 31.540000
59.940000 25.860000 31.540000
59.940000 28.700000 31.540000
59.940000 31.540000 31.540000
59.940000 3.140000 34.380000
59.940000 5.980000 34.380000
59.940000 8.820000 34.380000
59.940000 25.860000 34.380000
59.940000 28.700000 34.380000
59.940000 31.540000 34.380000
59.940000 3.140000 37.220000
59.940000 5.980000 37.220000
59.940000 8.820000 37.220000
59.940000 11.660000 37.220000
59.940000 14.500000 37.220000
59.940000 17.340000 37.220000
59.940000 20.180000 37.220000
59.940000 23.020000 37.220000
59.940000 25.860000 37.220000
59.940000 28.700000 37.220000
59.940000 31.540000 37.220000
59.940000 3.140000 40.060000
59.940000 5.980000 40.060000
59.940000 8.820000 40.060000
59.940000 11.660000 40.060000
59.940000 14.500000 40.060000
59.940000 17.340000 40.060000
59.940000 20.180000 40.060000
59.940000 23.020000 40.060000
59.940000 25.860000 40.060000
59.940000 28.700000 40.060000
59.940000 31.540000 40.060000
59.940000 3.140000 42.900000
59.940000 5.980000 42.900000
59.940000 8.820000 42.900000
59.940000 11.660000 42.900000
59.940000 14.500000 42.900000
59.940000 17.340000 42.900000
59.940000 20.180000 42.900000
59.940000 23.020000 42.900000
59.940000 25.860000 42.900000
59.940000 28.700000 42.900000
59.940000 31.540000 42.900000
59.940000 14.500000 45.740000
59.940000 17.340000 45.740000
59.940000 20.180000 45.740000
62.780000 3.140000 25.860000
62.780000 5.980000 25.860000
62.780000 8.820000 25.860000
62.780000 11.660000 25.860000
62.780000 23.020000 25.860000
62.780000 25.860000 25.860000
62.780000 28.700000 25.860000
62.780000 31.540000 25.860000
62.780000 3.140000 28.700000
62.780000 5.980000 28.700000
62.780000 8.820000 28.700000
62.780000 11.660000 28.700000
62.780000 23.020000 28.700000
62.780000 25.860000 28.700000
62.780000 28.700000 28.700000
62.780000 31.540000 28.700000
62.780000 3.140000 31.540000
62.780000 5.980000 31.540000
62.780000 8.820000 31.540000
62.780000 11.660000 31.540000
62.780000 23.020000 31.540000
62.780000 25.860000 31.540000
62.780000 28.700000 31.540000
62.780000 31.540000 31.540000
62.780000 3.140000 34.380000
62.780000 5.980000 34.380000
62.780000 8.820000 34.380000
62.780000 25.860000 34.380000
62.780000 28.700000 34.380000
62.780000 31.540000 34.380000
62.780000 3.140000 37.220000
62.780000 5.980000 37.220000
62.780000 8.820000 37.220000
62.780000 11.660000 37.220000
62.780000 14.500000 37.220000
62.780000 17.340000 37.220000
62.780000 20.180000 37.220000
62.780000 23.020000 37.220000
62.780000 25.860000 37.220000
62.780000 28.700000 37.220000
62.780000 31.540000 37.220000
62.780000 3.140000 40.060000
62.780000 5.980000 40.060000
62.780000 8.820000 40.060000
62.780000 11.660000 40.060000
62.780000 14.500000 40.060000
62.780000 17.340000 40.060000
62.780000 20.180000 40.060000
62.780000 23.020000 40.060000
62.780000 25.860000 40.060000
62.780000 28.700000 40.060000
62.780000 31.540000 40.060000
62.780000 3.140000 42.900000
62.780000 5.980000 42.900000
62.780000 8.820000 42.900000
62.780000 11.660000 42.900000
62.780000 14.500000 42.900000
62.780000 17.340000 42.900000
62.780000 20.180000 42.900000
62.780000 23.020000 42.900000
62.780000 25.860000 42.900000
62.780000 28.700000 42.900000
62.780000 31.540000 42.900000
