11.660000 -2.540000 68.460000
11.660000 0.300000 68.460000
11.660000 3.140000 68.460000
11.660000 5.980000 68.460000
11.660000 8.820000 68.460000
11.660000 11.660000 68.460000
11.660000 14.500000 68.460000
11.660000 17.340000 68.460000
11.660000 20.180000 68.460000
11.660000 23.020000 68.460000
11.660000 25.860000 68.460000
11.660000 28.700000 68.460000
11.660000 31.540000 68.460000
11.660000 34.380000 68.460000
11.660000 37.220000 68.460000
11.660000 -2.540000 71.300000
11.660000 0.300000 71.300000
11.660000 3.140000 71.300000
11.660000 5.980000 71.300000
11.660000 8.820000 71.300000
11.660000 11.660000 71.300000
11.660000 14.500000 71.300000
11.660000 17.340000 71.300000
11.660000 20.180000 71.300000
11.660000 23.020000 71.300000
11.660000 25.860000 71.300000
11.660000 28.700000 71.300000
11.660000 31.540000 71.300000
11.660000 34.380000 71.300000
11.660000 37.220000 71.300000
11.660000 -2.540000 74.140000
11.660000 0.300000 74.140000
11.660000 3.140000 74.140000
11.660000 5.980000 74.140000
11.660000 8.820000 74.140000
11.660000 11.660000 74.140000
11.660000 14.500000 74.140000
11.660000 17.340000 74.140000
11.660000 20.180000 74.140000
11.660000 23.020000 74.140000
11.660000 25.860000 74.140000
11.660000 28.700000 74.140000
11.660000 31.540000 74.140000
11.660000 34.380000 74.140000
11.660000 37.220000 74.140000
11.660000 -2.540000 76.980000
11.660000 0.300000 76.980000
11.660000 3.140000 76.980000
11.660000 5.980000 76.980000
11.660000 8.820000 76.980000
11.660000 11.660000 76.980000
11.660000 14.500000 76.980000
11.660000 17.340000 76.980000
11.660000 20.180000 76.980000
11.660000 23.020000 76.980000
11.660000 25.860000 76.980000
11.660000 28.700000 76.980000
11.660000 31.540000 76.980000
11.660000 34.380000 76.980000
11.660000 37.220000 76.980000
11.660000 -2.540000 79.820000
11.660000 0.300000 79.820000
11.660000 3.140000 79.820000
11.660000 5.980000 79.820000
11.660000 8.820000 79.820000
11.660000 11.660000 79.820000
11.660000 14.500000 79.820000
11.660000 17.340000 79.820000
11.660000 20.180000 79.820000
11.660000 23.020000 79.820000
11.660000 25.860000 79.820000
11.660000 28.700000 79.820000
11.660000 31.540000 79.820000
11.660000 34.380000 79.820000
11.660000 37.220000 79.820000
11.660000 -2.540000 82.660000
11.660000 0.300000 82.660000
11.660000 3.140000 82.660000
11.660000 5.980000 82.660000
11.660000 8.820000 82.660000
11.660000 11.660000 82.660000
11.660000 14.500000 82.660000
11.660000 17.340000 82.660000
11.660000 20.180000 82.660000
11.660000 23.020000 82.660000
11.660000 25.860000 82.660000
11.660000 28.700000 82.660000
11.660000 31.540000 82.660000
11.660000 34.380000 82.660000
11.660000 37.220000 82.660000
11.660000 -2.540000 85.500000
11.660000 0.300000 85.500000
11.660000 3.140000 85.500000
11.660000 5.980000 85.500000
11.660000 8.820000 85.500000
11.660000 11.660000 85.500000
11.660000 14.500000 85.500000
11.660000 17.340000 85.500000
11.660000 20.180000 85.500000
11.660000 23.020000 85.500000
11.660000 25.860000 85.500000
11.660000 28.700000 85.500000
11.660000 31.540000 85.500000
11.660000 34.380000 85.500000
11.660000 37.220000 85.500000
11.660000 -2.540000 88.340000
11.660000 0.300000 88.340000
11.660000 3.140000 88.340000
11.660000 5.980000 88.340000
11.660000 8.820000 88.340000
11.660000 11.660000 88.340000
11.660000 14.500000 88.340000
11.660000 17.340000 88.340000
11.660000 20.180000 88.340000
11.660000 23.020000 88.340000
11.660000 25.860000 88.340000
11.660000 28.700000 88.340000
11.660000 31.540000 88.340000
11.660000 34.380000 88.340000
11.660000 37.220000 88.340000
11.660000 -2.540000 91.180000
11.660000 0.300000 91.180000
11.660000 3.140000 91.180000
11.660000 5.980000 91.180000
11.660000 8.820000 91.180000
11.660000 11.660000 91.180000
11.660000 14.500000 91.180000
11.660000 17.340000 91.180000
11.660000 20.180000 91.180000
11.660000 23.020000 91.180000
11.660000 25.860000 91.180000
11.660000 28.700000 91.180000
11.660000 31.540000 91.180000
11.660000 34.380000 91.180000
11.660000 37.220000 91.180000
11.660000 -2.540000 94.020000
11.660000 0.300000 94.020000
11.660000 3.140000 94.020000
11.660000 5.980000 94.020000
11.660000 8.820000 94.020000
11.660000 11.660000 94.020000
11.660000 14.500000 94.020000
11.660000 17.340000 94.020000
11.660000 20.180000 94.020000
11.660000 23.020000 94.020000
11.660000 25.860000 94.020000
11.660000 28.700000 94.020000
11.660000 31.540000 94.020000
11.660000 34.380000 94.020000
11.660000 37.220000 94.020000
11.660000 -2.540000 96.860000
11.660000 0.300000 96.860000
11.660000 3.140000 96.860000
11.660000 5.980000 96.860000
11.660000 8.820000 96.860000
11.660000 11.660000 96.860000
11.660000 14.500000 96.860000
11.660000 17.340000 96.860000
11.660000 20.180000 96.860000
11.660000 23.020000 96.860000
11.660000 25.860000 96.860000
11.660000 28.700000 96.860000
11.660000 31.540000 96.860000
11.660000 34.380000 96.860000
11.660000 37.220000 96.860000
11.660000 -2.540000 99.700000
11.660000 0.300000 99.700000
11.660000 3.140000 99.700000
11.660000 5.980000 99.700000
11.660000 8.820000 99.700000
11.660000 11.660000 99.700000
11.660000 14.500000 99.700000
11.660000 17.340000 99.700000
11.660000 20.180000 99.700000
11.660000 23.020000 99.700000
11.660000 25.860000 99.700000
11.660000 28.700000 99.700000
11.660000 31.540000 99.700000
11.660000 34.380000 99.700000
11.660000 37.220000 99.700000
11.660000 -2.540000 102.540000
11.660000 0.300000 102.540000
11.660000 3.140000 102.540000
11.660000 5.980000 102.540000
11.660000 8.820000 102.540000
11.660000 11.660000 102.540000
11.660000 14.500000 102.540000
11.660000 17.340000 102.540000
11.660000 20.180000 102.540000
11.660000 23.020000 102.540000
11.660000 25.860000 102.540000
11.660000 28.700000 102.540000
11.660000 31.540000 102.540000
11.660000 34.380000 102.540000
11.660000 37.220000 102.540000
11.660000 -2.540000 105.380000
11.660000 0.300000 105.380000
11.660000 3.140000 105.380000
11.660000 5.980000 105.380000
11.660000 8.820000 105.380000
11.660000 11.660000 105.380000
11.660000 14.500000 105.380000
11.660000 17.340000 105.380000
11.660000 20.180000 105.380000
11.660000 23.020000 105.380000
11.660000 25.860000 105.380000
11.660000 28.700000 105.380000
11.660000 31.540000 105.380000
11.660000 34.380000 105.380000
11.660000 37.220000 105.380000
14.500000 -2.540000 68.460000
14.500000 0.300000 68.460000
14.500000 3.140000 68.460000
14.500000 5.980000 68.460000
14.500000 8.820000 68.460000
14.500000 11.660000 68.460000
14.500000 14.500000 68.460000
14.500000 17.340000 68.460000
14.500000 20.180000 68.460000
14.500000 23.020000 68.460000
14.500000 25.860000 68.460000
14.500000 28.700000 68.460000
14.500000 31.540000 68.460000
14.500000 34.380000 68.460000
14.500000 37.220000 68.460000
14.500000 -2.540000 71.300000
14.500000 0.300000 71.300000
14.500000 3.140000 71.300000
14.500000 5.980000 71.300000
14.500000 8.820000 71.300000
14.500000 11.660000 71.300000
14.500000 14.500000 71.300000
14.500000 17.340000 71.300000
14.500000 20.180000 71.300000
14.500000 23.020000 71.300000
14.500000 25.860000 71.300000
14.500000 28.700000 71.300000
14.500000 31.540000 71.300000
14.500000 34.380000 71.300000
14.500000 37.220000 71.300000
14.500000 -2.540000 74.140000
14.500000 0.300000 74.140000
14.500000 3.140000 74.140000
14.500000 5.980000 74.140000
14.500000 8.820000 74.140000
14.500000 11.660000 74.140000
14.500000 14.500000 74.140000
14.500000 17.340000 74.140000
14.500000 20.180000 74.140000
14.500000 23.020000 74.140000
14.500000 25.860000 74.140000
14.500000 28.700000 74.140000
14.500000 31.540000 74.140000
14.500000 34.380000 74.140000
14.500000 37.220000 74.140000
14.500000 -2.540000 76.980000
14.500000 0.300000 76.980000
14.500000 3.140000 76.980000
14.500000 5.980000 76.980000
14.500000 8.820000 76.980000
14.500000 11.660000 76.980000
14.500000 14.500000 76.980000
14.500000 17.340000 76.980000
14.500000 20.180000 76.980000
14.500000 23.020000 76.980000
14.500000 25.860000 76.980000
14.500000 28.700000 76.980000
14.500000 31.540000 76.980000
14.500000 34.380000 76.980000
14.500000 37.220000 76.980000
14.500000 -2.540000 79.820000
14.500000 0.300000 79.820000
14.500000 3.140000 79.820000
14.500000 5.980000 79.820000
14.500000 8.820000 79.820000
14.500000 11.660000 79.820000
14.500000 14.500000 79.820000
14.500000 17.340000 79.820000
14.500000 20.180000 79.820000
14.500000 23.020000 79.820000
14.500000 25.860000 79.820000
14.500000 28.700000 79.820000
14.500000 31.540000 79.820000
14.500000 34.380000 79.820000
14.500000 37.220000 79.820000
14.500000 -2.540000 82.660000
14.500000 0.300000 82.660000
14.500000 3.140000 82.660000
14.500000 5.980000 82.660000
14.500000 8.820000 82.660000
14.500000 11.660000 82.660000
14.500000 14.500000 82.660000
14.500000 17.340000 82.660000
14.500000 20.180000 82.660000
14.500000 23.020000 82.660000
14.500000 25.860000 82.660000
14.500000 28.700000 82.660000
14.500000 31.540000 82.660000
14.500000 34.380000 82.660000
14.500000 37.220000 82.660000
14.500000 -2.540000 85.500000
14.500000 0.300000 85.500000
14.500000 3.140000 85.500000
14.500000 5.980000 85.500000
14.500000 8.820000 85.500000
14.500000 11.660000 85.500000
14.500000 14.500000 85.500000
14.500000 17.340000 85.500000
14.500000 20.180000 85.500000
14.500000 23.020000 85.500000
14.500000 25.860000 85.500000
14.500000 28.700000 85.500000
14.500000 31.540000 85.500000
14.500000 34.380000 85.500000
14.500000 37.220000 85.500000
14.500000 -2.540000 88.340000
14.500000 0.300000 88.340000
14.500000 3.140000 88.340000
14.500000 5.980000 88.340000
14.500000 8.820000 88.340000
14.500000 11.660000 88.340000
14.500000 14.500000 88.340000
14.500000 17.340000 88.340000
14.500000 20.180000 88.340000
14.500000 23.020000 88.340000
14.500000 25.860000 88.340000
14.500000 28.700000 88.340000
14.500000 31.540000 88.340000
14.500000 34.380000 88.340000
14.500000 37.220000 88.340000
14.500000 -2.540000 91.180000
14.500000 0.300000 91.180000
14.500000 3.140000 91.180000
14.500000 5.980000 91.180000
14.500000 8.820000 91.180000
14.500000 11.660000 91.180000
14.500000 14.500000 91.180000
14.500000 17.340000 91.180000
14.500000 20.180000 91.180000
14.500000 23.020000 91.180000
14.500000 25.860000 91.180000
14.500000 28.700000 91.180000
14.500000 31.540000 91.180000
14.500000 34.380000 91.180000
14.500000 37.220000 91.180000
14.500000 -2.540000 94.020000
14.500000 0.300000 94.020000
14.500000 3.140000 94.020000
14.500000 5.980000 94.020000
14.500000 8.820000 94.020000
14.500000 11.660000 94.020000
14.500000 14.500000 94.020000
14.500000 17.340000 94.020000
14.500000 20.180000 94.020000
14.500000 23.020000 94.020000
14.500000 25.860000 94.020000
14.500000 28.700000 94.020000
14.500000 31.540000 94.020000
14.500000 34.380000 94.020000
14.500000 37.220000 94.020000
14.500000 -2.540000 96.860000
14.500000 0.300000 96.860000
14.500000 3.140000 96.860000
14.500000 5.980000 96.860000
14.500000 8.820000 96.860000
14.500000 11.660000 96.860000
14.500000 14.500000 96.860000
14.500000 17.340000 96.860000
14.500000 20.180000 96.860000
14.500000 23.020000 96.860000
14.500000 25.860000 96.860000
14.500000 28.700000 96.860000
14.500000 31.540000 96.860000
14.500000 34.380000 96.860000
14.500000 37.220000 96.860000
14.500000 -2.540000 99.700000
14.500000 0.300000 99.700000
14.500000 3.140000 99.700000
14.500000 5.980000 99.700000
14.500000 8.820000 99.700000
14.500000 11.660000 99.700000
14.500000 14.500000 99.700000
14.500000 17.340000 99.700000
14.500000 20.180000 99.700000
14.500000 23.020000 99.700000
14.500000 25.860000 99.700000
14.500000 28.700000 99.700000
14.500000 31.540000 99.700000
14.500000 34.380000 99.700000
14.500000 37.220000 99.700000
14.500000 -2.540000 102.540000
14.500000 0.300000 102.540000
14.500000 3.140000 102.540000
14.500000 5.980000 102.540000
14.500000 8.820000 102.540000
14.500000 11.660000 102.540000
14.500000 14.500000 102.540000
14.500000 17.340000 102.540000
14.500000 20.180000 102.540000
14.500000 23.020000 102.540000
14.500000 25.860000 102.540000
14.500000 28.700000 102.540000
14.500000 31.540000 102.540000
14.500000 34.380000 102.540000
14.500000 37.220000 102.540000
14.500000 -2.540000 105.380000
14.500000 0.300000 105.380000
14.500000 3.140000 105.380000
14.500000 5.980000 105.380000
14.500000 8.820000 105.380000
14.500000 11.660000 105.380000
14.500000 14.500000 105.380000
14.500000 17.340000 105.380000
14.500000 20.180000 105.380000
14.500000 23.020000 105.380000
14.500000 25.860000 105.380000
14.500000 28.700000 105.380000
14.500000 31.540000 105.380000
14.500000 34.380000 105.380000
14.500000 37.220000 105.380000
17.340000 -2.540000 68.460000
17.340000 0.300000 68.460000
17.340000 3.140000 68.460000
17.340000 5.980000 68.460000
17.340000 8.820000 68.460000
17.340000 11.660000 68.460000
17.340000 14.500000 68.460000
17.340000 17.340000 68.460000
17.340000 20.180000 68.460000
17.340000 23.020000 68.460000
17.340000 25.860000 68.460000
17.340000 28.700000 68.460000
17.340000 31.540000 68.460000
17.340000 34.380000 68.460000
17.340000 37.220000 68.460000
17.340000 -2.540000 71.300000
17.340000 0.300000 71.300000
17.340000 3.140000 71.300000
17.340000 5.980000 71.300000
17.340000 8.820000 71.300000
17.340000 11.660000 71.300000
17.340000 14.500000 71.300000
17.340000 17.340000 71.300000
17.340000 20.180000 71.300000
17.340000 23.020000 71.300000
17.340000 25.860000 71.300000
17.340000 28.700000 71.300000
17.340000 31.540000 71.300000
17.340000 34.380000 71.300000
17.340000 37.220000 71.300000
17.340000 -2.540000 74.140000
17.340000 0.300000 74.140000
17.340000 3.140000 74.140000
17.340000 5.980000 74.140000
17.340000 8.820000 74.140000
17.340000 11.660000 74.140000
17.340000 14.500000 74.140000
17.340000 17.340000 74.140000
17.340000 20.180000 74.140000
17.340000 23.020000 74.140000
17.340000 25.860000 74.140000
17.340000 28.700000 74.140000
17.340000 31.540000 74.140000
17.340000 34.380000 74.140000
17.340000 37.220000 74.140000
17.340000 -2.540000 76.980000
17.340000 0.300000 76.980000
17.340000 3.140000 76.980000
17.340000 5.980000 76.980000
17.340000 8.820000 76.980000
17.340000 11.660000 76.980000
17.340000 14.500000 76.980000
17.340000 17.340000 76.980000
17.340000 20.180000 76.980000
17.340000 23.020000 76.980000
17.340000 25.860000 76.980000
17.340000 28.700000 76.980000
17.340000 31.540000 76.980000
17.340000 34.380000 76.980000
17.340000 37.220000 76.980000
17.340000 -2.540000 79.820000
17.340000 0.300000 79.820000
17.340000 3.140000 79.820000
17.340000 5.980000 79.820000
17.340000 8.820000 79.820000
17.340000 11.660000 79.820000
17.340000 14.500000 79.820000
17.340000 17.340000 79.820000
17.340000 20.180000 79.820000
17.340000 23.020000 79.820000
17.340000 25.860000 79.820000
17.340000 28.700000 79.820000
17.340000 31.540000 79.820000
17.340000 34.380000 79.820000
17.340000 37.220000 79.820000
17.340000 -2.540000 82.660000
17.340000 0.300000 82.660000
17.340000 3.140000 82.660000
17.340000 5.980000 82.660000
17.340000 8.820000 82.660000
17.340000 11.660000 82.660000
17.340000 14.500000 82.660000
17.340000 17.340000 82.660000
17.340000 20.180000 82.660000
17.340000 23.020000 82.660000
17.340000 25.860000 82.660000
17.340000 28.700000 82.660000
17.340000 31.540000 82.660000
17.340000 34.380000 82.660000
17.340000 37.220000 82.660000
17.340000 -2.540000 85.500000
17.340000 0.300000 85.500000
17.340000 3.140000 85.500000
17.340000 5.980000 85.500000
17.340000 8.820000 85.500000
17.340000 11.660000 85.500000
17.340000 14.500000 85.500000
17.340000 17.340000 85.500000
17.340000 20.180000 85.500000
17.340000 23.020000 85.500000
17.340000 25.860000 85.500000
17.340000 28.700000 85.500000
17.340000 31.540000 85.500000
17.340000 34.380000 85.500000
17.340000 37.220000 85.500000
17.340000 -2.540000 88.340000
17.340000 0.300000 88.340000
17.340000 3.140000 88.340000
17.340000 5.980000 88.340000
17.340000 8.820000 88.340000
17.340000 11.660000 88.340000
17.340000 14.500000 88.340000
17.340000 17.340000 88.340000
17.340000 20.180000 88.340000
17.340000 23.020000 88.340000
17.340000 25.860000 88.340000
17.340000 28.700000 88.340000
17.340000 31.540000 88.340000
17.340000 34.380000 88.340000
17.340000 37.220000 88.340000
17.340000 -2.540000 91.180000
17.340000 0.300000 91.180000
17.340000 3.140000 91.180000
17.340000 5.980000 91.180000
17.340000 8.820000 91.180000
17.340000 11.660000 91.180000
17.340000 14.500000 91.180000
17.340000 17.340000 91.180000
17.340000 20.180000 91.180000
17.340000 23.020000 91.180000
17.340000 25.860000 91.180000
17.340000 28.700000 91.180000
17.340000 31.540000 91.180000
17.340000 34.380000 91.180000
17.340000 37.220000 91.180000
17.340000 -2.540000 94.020000
17.340000 0.300000 94.020000
17.340000 3.140000 94.020000
17.340000 5.980000 94.020000
17.340000 8.820000 94.020000
17.340000 11.660000 94.020000
17.340000 14.500000 94.020000
17.340000 17.340000 94.020000
17.340000 20.180000 94.020000
17.340000 23.020000 94.020000
17.340000 25.860000 94.020000
17.340000 28.700000 94.020000
17.340000 31.540000 94.020000
17.340000 34.380000 94.020000
17.340000 37.220000 94.020000
17.340000 -2.540000 96.860000
17.340000 0.300000 96.860000
17.340000 3.140000 96.860000
17.340000 5.980000 96.860000
17.340000 8.820000 96.860000
17.340000 11.660000 96.860000
17.340000 14.500000 96.860000
17.340000 17.340000 96.860000
17.340000 20.180000 96.860000
17.340000 23.020000 96.860000
17.340000 25.860000 96.860000
17.340000 28.700000 96.860000
17.340000 31.540000 96.860000
17.340000 34.380000 96.860000
17.340000 37.220000 96.860000
17.340000 -2.540000 99.700000
17.340000 0.300000 99.700000
17.340000 3.140000 99.700000
17.340000 5.980000 99.700000
17.340000 8.820000 99.700000
17.340000 11.660000 99.700000
17.340000 14.500000 99.700000
17.340000 17.340000 99.700000
17.340000 20.180000 99.700000
17.340000 23.020000 99.700000
17.340000 25.860000 99.700000
17.340000 28.700000 99.700000
17.340000 31.540000 99.700000
17.340000 34.380000 99.700000
17.340000 37.220000 99.700000
17.340000 -2.540000 102.540000
17.340000 0.300000 102.540000
17.340000 3.140000 102.540000
17.340000 5.980000 102.540000
17.340000 8.820000 102.540000
17.340000 11.660000 102.540000
17.340000 14.500000 102.540000
17.340000 17.340000 102.540000
17.340000 20.180000 102.540000
17.340000 23.020000 102.540000
17.340000 25.860000 102.540000
17.340000 28.700000 102.540000
17.340000 31.540000 102.540000
17.340000 34.380000 102.540000
17.340000 37.220000 102.540000
17.340000 -2.540000 105.380000
17.340000 0.300000 105.380000
17.340000 3.140000 105.380000
17.340000 5.980000 105.380000
17.340000 8.820000 105.380000
17.340000 11.660000 105.380000
17.340000 14.500000 105.380000
17.340000 17.340000 105.380000
17.340000 20.180000 105.380000
17.340000 23.020000 105.380000
17.340000 25.860000 105.380000
17.340000 28.700000 105.380000
17.340000 31.540000 105.380000
17.340000 34.380000 105.380000
17.340000 37.220000 105.380000
20.180000 -2.540000 85.500000
20.180000 0.300000 85.500000
20.180000 3.140000 85.500000
20.180000 5.980000 85.500000
20.180000 8.820000 85.500000
20.180000 11.660000 85.500000
20.180000 14.500000 85.500000
20.180000 17.340000 85.500000
20.180000 20.180000 85.500000
20.180000 23.020000 85.500000
20.180000 25.860000 85.500000
20.180000 28.700000 85.500000
20.180000 31.540000 85.500000
20.180000 34.380000 85.500000
20.180000 37.220000 85.500000
20.180000 -2.540000 88.340000
20.180000 0.300000 88.340000
20.180000 3.140000 88.340000
20.180000 5.980000 88.340000
20.180000 8.820000 88.340000
20.180000 11.660000 88.340000
20.180000 14.500000 88.340000
20.180000 17.340000 88.340000
20.180000 20.180000 88.340000
20.180000 23.020000 88.340000
20.180000 25.860000 88.340000
20.180000 28.700000 88.340000
20.180000 31.540000 88.340000
20.180000 34.380000 88.340000
20.180000 37.220000 88.340000
20.180000 -2.540000 91.180000
20.180000 0.300000 91.180000
20.180000 3.140000 91.180000
20.180000 5.980000 91.180000
20.180000 8.820000 91.180000
20.180000 11.660000 91.180000
20.180000 14.500000 91.180000
20.180000 17.340000 91.180000
20.180000 20.180000 91.180000
20.180000 23.020000 91.180000
20.180000 25.860000 91.180000
20.180000 28.700000 91.180000
20.180000 31.540000 91.180000
20.180000 34.380000 91.180000
20.180000 37.220000 91.180000
20.180000 -2.540000 94.020000
20.180000 0.300000 94.020000
20.180000 3.140000 94.020000
20.180000 5.980000 94.020000
20.180000 8.820000 94.020000
20.180000 11.660000 94.020000
20.180000 14.500000 94.020000
20.180000 17.340000 94.020000
20.180000 20.180000 94.020000
20.180000 23.020000 94.020000
20.180000 25.860000 94.020000
20.180000 28.700000 94.020000
20.180000 31.540000 94.020000
20.180000 34.380000 94.020000
20.180000 37.220000 94.020000
20.180000 -2.540000 96.860000
20.180000 0.300000 96.860000
20.180000 3.140000 96.860000
20.180000 5.980000 96.860000
20.180000 8.820000 96.860000
20.180000 11.660000 96.860000
20.180000 14.500000 96.860000
20.180000 17.340000 96.860000
20.180000 20.180000 96.860000
20.180000 23.020000 96.860000
20.180000 25.860000 96.860000
20.180000 28.700000 96.860000
20.180000 31.540000 96.860000
20.180000 34.380000 96.860000
20.180000 37.220000 96.860000
20.180000 -2.540000 99.700000
20.180000 0.300000 99.700000
20.180000 3.140000 99.700000
20.180000 5.980000 99.700000
20.180000 8.820000 99.700000
20.180000 11.660000 99.700000
20.180000 14.500000 99.700000
20.180000 17.340000 99.700000
20.180000 20.180000 99.700000
20.180000 23.020000 99.700000
20.180000 25.860000 99.700000
20.180000 28.700000 99.700000
20.180000 31.540000 99.700000
20.180000 34.380000 99.700000
20.180000 37.220000 99.700000
20.180000 -2.540000 102.540000
20.180000 0.300000 102.540000
20.180000 3.140000 102.540000
20.180000 5.980000 102.540000
20.180000 8.820000 102.540000
20.180000 11.660000 102.540000
20.180000 14.500000 102.540000
20.180000 17.340000 102.540000
20.180000 20.180000 102.540000
20.180000 23.020000 102.540000
20.180000 25.860000 102.540000
20.180000 28.700000 102.540000
20.180000 31.540000 102.540000
20.180000 34.380000 102.540000
20.180000 37.220000 102.540000
20.180000 -2.540000 105.380000
20.180000 0.300000 105.380000
20.180000 3.140000 105.380000
20.180000 5.980000 105.380000
20.180000 8.820000 105.380000
20.180000 11.660000 105.380000
20.180000 14.500000 105.380000
20.180000 17.340000 105.380000
20.180000 20.180000 105.380000
20.180000 23.020000 105.380000
20.180000 25.860000 105.380000
20.180000 28.700000 105.380000
20.180000 31.540000 105.380000
20.180000 34.380000 105.380000
20.180000 37.220000 105.380000
23.020000 -2.540000 85.500000
23.020000 0.300000 85.500000
23.020000 3.140000 85.500000
23.020000 5.980000 85.500000
23.020000 8.820000 85.500000
23.020000 11.660000 85.500000
23.020000 14.500000 85.500000
23.020000 17.340000 85.500000
23.020000 20.180000 85.500000
23.020000 23.020000 85.500000
23.020000 25.860000 85.500000
23.020000 28.700000 85.500000
23.020000 31.540000 85.500000
23.020000 34.380000 85.500000
23.020000 37.220000 85.500000
23.020000 -2.540000 88.340000
23.020000 0.300000 88.340000
23.020000 3.140000 88.340000
23.020000 5.980000 88.340000
23.020000 8.820000 88.340000
23.020000 11.660000 88.340000
23.020000 14.500000 88.340000
23.020000 17.340000 88.340000
23.020000 20.180000 88.340000
23.020000 23.020000 88.340000
23.020000 25.860000 88.340000
23.020000 28.700000 88.340000
23.020000 31.540000 88.340000
23.020000 34.380000 88.340000
23.020000 37.220000 88.340000
23.020000 -2.540000 91.180000
23.020000 0.300000 91.180000
23.020000 3.140000 91.180000
23.020000 5.980000 91.180000
23.020000 8.820000 91.180000
23.020000 11.660000 91.180000
23.020000 14.500000 91.180000
23.020000 17.340000 91.180000
23.020000 20.180000 91.180000
23.020000 23.020000 91.180000
23.020000 25.860000 91.180000
23.020000 28.700000 91.180000
23.020000 31.540000 91.180000
23.020000 34.380000 91.180000
23.020000 37.220000 91.180000
23.020000 -2.540000 94.020000
23.020000 0.300000 94.020000
23.020000 3.140000 94.020000
23.020000 5.980000 94.020000
23.020000 8.820000 94.020000
23.020000 11.660000 94.020000
23.020000 14.500000 94.020000
23.020000 17.340000 94.020000
23.020000 20.180000 94.020000
23.020000 23.020000 94.020000
23.020000 25.860000 94.020000
23.020000 28.700000 94.020000
23.020000 31.540000 94.020000
23.020000 34.380000 94.020000
23.020000 37.220000 94.020000
23.020000 -2.540000 96.860000
23.020000 0.300000 96.860000
23.020000 3.140000 96.860000
23.020000 5.980000 96.860000
23.020000 8.820000 96.860000
23.020000 11.660000 96.860000
23.020000 14.500000 96.860000
23.020000 17.340000 96.860000
23.020000 20.180000 96.860000
23.020000 23.020000 96.860000
23.020000 25.860000 96.860000
23.020000 28.700000 96.860000
23.020000 31.540000 96.860000
23.020000 34.380000 96.860000
23.020000 37.220000 96.860000
23.020000 -2.540000 99.700000
23.020000 0.300000 99.700000
23.020000 3.140000 99.700000
23.020000 5.980000 99.700000
23.020000 8.820000 99.700000
23.020000 11.660000 99.700000
23.020000 14.500000 99.700000
23.020000 17.340000 99.700000
23.020000 20.180000 99.700000
23.020000 23.020000 99.700000
23.020000 25.860000 99.700000
23.020000 28.700000 99.700000
23.020000 31.540000 99.700000
23.020000 34.380000 99.700000
23.020000 37.220000 99.700000
23.020000 -2.540000 102.540000
23.020000 0.300000 102.540000
23.020000 3.140000 102.540000
23.020000 5.980000 102.540000
23.020000 8.820000 102.540000
23.020000 11.660000 102.540000
23.020000 14.500000 102.540000
23.020000 17.340000 102.540000
23.020000 20.180000 102.540000
23.020000 23.020000 102.540000
23.020000 25.860000 102.540000
23.020000 28.700000 102.540000
23.020000 31.540000 102.540000
23.020000 34.380000 102.540000
23.020000 37.220000 102.540000
23.020000 -2.540000 105.380000
23.020000 0.300000 105.380000
23.020000 3.140000 105.380000
23.020000 5.980000 105.380000
23.020000 8.820000 105.380000
23.020000 11.660000 105.380000
23.020000 14.500000 105.380000
23.020000 17.340000 105.380000
23.020000 20.180000 105.380000
23.020000 23.020000 105.380000
23.020000 25.860000 105.380000
23.020000 28.700000 105.380000
23.020000 31.540000 105.380000
23.020000 34.380000 105.380000
23.020000 37.220000 105.380000
25.860000 -2.540000 85.500000
25.860000 0.300000 85.500000
25.860000 3.140000 85.500000
25.860000 5.980000 85.500000
25.860000 8.820000 85.500000
25.860000 11.660000 85.500000
25.860000 14.500000 85.500000
25.860000 17.340000 85.500000
25.860000 20.180000 85.500000
25.860000 23.020000 85.500000
25.860000 25.860000 85.500000
25.860000 28.700000 85.500000
25.860000 31.540000 85.500000
25.860000 34.380000 85.500000
25.860000 37.220000 85.500000
25.860000 -2.540000 88.340000
25.860000 0.300000 88.340000
25.860000 3.140000 88.340000
25.860000 5.980000 88.340000
25.860000 8.820000 88.340000
25.860000 11.660000 88.340000
25.860000 14.500000 88.340000
25.860000 17.340000 88.340000
25.860000 20.180000 88.340000
25.860000 23.020000 88.340000
25.860000 25.860000 88.340000
25.860000 28.700000 88.340000
25.860000 31.540000 88.340000
25.860000 34.380000 88.340000
25.860000 37.220000 88.340000
25.860000 -2.540000 91.180000
25.860000 0.300000 91.180000
25.860000 3.140000 91.180000
25.860000 5.980000 91.180000
25.860000 8.820000 91.180000
25.860000 11.660000 91.180000
25.860000 14.500000 91.180000
25.860000 17.340000 91.180000
25.860000 20.180000 91.180000
25.860000 23.020000 91.180000
25.860000 25.860000 91.180000
25.860000 28.700000 91.180000
25.860000 31.540000 91.180000
25.860000 34.380000 91.180000
25.860000 37.220000 91.180000
25.860000 -2.540000 94.020000
25.860000 0.300000 94.020000
25.860000 3.140000 94.020000
25.860000 5.980000 94.020000
25.860000 8.820000 94.020000
25.860000 11.660000 94.020000
25.860000 14.500000 94.020000
25.860000 17.340000 94.020000
25.860000 20.180000 94.020000
25.860000 23.020000 94.020000
25.860000 25.860000 94.020000
25.860000 28.700000 94.020000
25.860000 31.540000 94.020000
25.860000 34.380000 94.020000
25.860000 37.220000 94.020000
25.860000 -2.540000 96.860000
25.860000 0.300000 96.860000
25.860000 3.140000 96.860000
25.860000 5.980000 96.860000
25.860000 8.820000 96.860000
25.860000 11.660000 96.860000
25.860000 14.500000 96.860000
25.860000 17.340000 96.860000
25.860000 20.180000 96.860000
25.860000 23.020000 96.860000
25.860000 25.860000 96.860000
25.860000 28.700000 96.860000
25.860000 31.540000 96.860000
25.860000 34.380000 96.860000
25.860000 37.220000 96.860000
25.860000 -2.540000 99.700000
25.860000 0.300000 99.700000
25.860000 3.140000 99.700000
25.860000 5.980000 99.700000
25.860000 8.820000 99.700000
25.860000 11.660000 99.700000
25.860000 14.500000 99.700000
25.860000 17.340000 99.700000
25.860000 20.180000 99.700000
25.860000 23.020000 99.700000
25.860000 25.860000 99.700000
25.860000 28.700000 99.700000
25.860000 31.540000 99.700000
25.860000 34.380000 99.700000
25.860000 37.220000 99.700000
25.860000 -2.540000 102.540000
25.860000 0.300000 102.540000
25.860000 3.140000 102.540000
25.860000 5.980000 102.540000
25.860000 8.820000 102.540000
25.860000 11.660000 102.540000
25.860000 14.500000 102.540000
25.860000 17.340000 102.540000
25.860000 20.180000 102.540000
25.860000 23.020000 102.540000
25.860000 25.860000 102.540000
25.860000 28.700000 102.540000
25.860000 31.540000 102.540000
25.860000 34.380000 102.540000
25.860000 37.220000 102.540000
25.860000 -2.540000 105.380000
25.860000 0.300000 105.380000
25.860000 3.140000 105.380000
25.860000 5.980000 105.380000
25.860000 8.820000 105.380000
25.860000 11.660000 105.380000
25.860000 14.500000 105.380000
25.860000 17.340000 105.380000
25.860000 20.180000 105.380000
25.860000 23.020000 105.380000
25.860000 25.860000 105.380000
25.860000 28.700000 105.380000
25.860000 31.540000 105.380000
25.860000 34.380000 105.380000
25.860000 37.220000 105.380000
28.700000 -2.540000 85.500000
28.700000 0.300000 85.500000
28.700000 3.140000 85.500000
28.700000 5.980000 85.500000
28.700000 8.820000 85.500000
28.700000 11.660000 85.500000
28.700000 14.500000 85.500000
28.700000 17.340000 85.500000
28.700000 20.180000 85.500000
28.700000 23.020000 85.500000
28.700000 25.860000 85.500000
28.700000 28.700000 85.500000
28.700000 31.540000 85.500000
28.700000 34.380000 85.500000
28.700000 37.220000 85.500000
28.700000 -2.540000 88.340000
28.700000 0.300000 88.340000
28.700000 3.140000 88.340000
28.700000 5.980000 88.340000
28.700000 8.820000 88.340000
28.700000 11.660000 88.340000
28.700000 14.500000 88.340000
28.700000 17.340000 88.340000
28.700000 20.180000 88.340000
28.700000 23.020000 88.340000
28.700000 25.860000 88.340000
28.700000 28.700000 88.340000
28.700000 31.540000 88.340000
28.700000 34.380000 88.340000
28.700000 37.220000 88.340000
28.700000 -2.540000 91.180000
28.700000 0.300000 91.180000
28.700000 3.140000 91.180000
28.700000 5.980000 91.180000
28.700000 8.820000 91.180000
28.700000 11.660000 91.180000
28.700000 14.500000 91.180000
28.700000 17.340000 91.180000
28.700000 20.180000 91.180000
28.700000 23.020000 91.180000
28.700000 25.860000 91.180000
28.700000 28.700000 91.180000
28.700000 31.540000 91.180000
28.700000 34.380000 91.180000
28.700000 37.220000 91.180000
28.700000 -2.540000 94.020000
28.700000 0.300000 94.020000
28.700000 3.140000 94.020000
28.700000 5.980000 94.020000
28.700000 8.820000 94.020000
28.700000 11.660000 94.020000
28.700000 14.500000 94.020000
28.700000 17.340000 94.020000
28.700000 20.180000 94.020000
28.700000 23.020000 94.020000
28.700000 25.860000 94.020000
28.700000 28.700000 94.020000
28.700000 31.540000 94.020000
28.700000 34.380000 94.020000
28.700000 37.220000 94.020000
28.700000 -2.540000 96.860000
28.700000 0.300000 96.860000
28.700000 3.140000 96.860000
28.700000 5.980000 96.860000
28.700000 8.820000 96.860000
28.700000 11.660000 96.860000
28.700000 14.500000 96.860000
28.700000 17.340000 96.860000
28.700000 20.180000 96.860000
28.700000 23.020000 96.860000
28.700000 25.860000 96.860000
28.700000 28.700000 96.860000
28.700000 31.540000 96.860000
28.700000 34.380000 96.860000
28.700000 37.220000 96.860000
28.700000 -2.540000 99.700000
28.700000 0.300000 99.700000
28.700000 3.140000 99.700000
28.700000 5.980000 99.700000
28.700000 8.820000 99.700000
28.700000 11.660000 99.700000
28.700000 14.500000 99.700000
28.700000 17.340000 99.700000
28.700000 20.180000 99.700000
28.700000 23.020000 99.700000
28.700000 25.860000 99.700000
28.700000 28.700000 99.700000
28.700000 31.540000 99.700000
28.700000 34.380000 99.700000
28.700000 37.220000 99.700000
28.700000 -2.540000 102.540000
28.700000 0.300000 102.540000
28.700000 3.140000 102.540000
28.700000 5.980000 102.540000
28.700000 8.820000 102.540000
28.700000 11.660000 102.540000
28.700000 14.500000 102.540000
28.700000 17.340000 102.540000
28.700000 20.180000 102.540000
28.700000 23.020000 102.540000
28.700000 25.860000 102.540000
28.700000 28.700000 102.540000
28.700000 31.540000 102.540000
28.700000 34.380000 102.540000
28.700000 37.220000 102.540000
28.700000 -2.540000 105.380000
28.700000 0.300000 105.380000
28.700000 3.140000 105.380000
28.700000 5.980000 105.380000
28.700000 8.820000 105.380000
28.700000 11.660000 105.380000
28.700000 14.500000 105.380000
28.700000 17.340000 105.380000
28.700000 20.180000 105.380000
28.700000 23.020000 105.380000
28.700000 25.860000 105.380000
28.700000 28.700000 105.380000
28.700000 31.540000 105.380000
28.700000 34.380000 105.380000
28.700000 37.220000 105.380000
31.540000 -2.540000 85.500000
31.540000 0.300000 85.500000
31.540000 3.140000 85.500000
31.540000 5.980000 85.500000
31.540000 8.820000 85.500000
31.540000 11.660000 85.500000
31.540000 14.500000 85.500000
31.540000 17.340000 85.500000
31.540000 20.180000 85.500000
31.540000 23.020000 85.500000
31.540000 25.860000 85.500000
31.540000 28.700000 85.500000
31.540000 31.540000 85.500000
31.540000 34.380000 85.500000
31.540000 37.220000 85.500000
31.540000 -2.540000 88.340000
31.540000 0.300000 88.340000
31.540000 3.140000 88.340000
31.540000 5.980000 88.340000
31.540000 8.820000 88.340000
31.540000 11.660000 88.340000
31.540000 14.500000 88.340000
31.540000 17.340000 88.340000
31.540000 20.180000 88.340000
31.540000 23.020000 88.340000
31.540000 25.860000 88.340000
31.540000 28.700000 88.340000
31.540000 31.540000 88.340000
31.540000 34.380000 88.340000
31.540000 37.220000 88.340000
31.540000 -2.540000 91.180000
31.540000 0.300000 91.180000
31.540000 3.140000 91.180000
31.540000 5.980000 91.180000
31.540000 8.820000 91.180000
31.540000 11.660000 91.180000
31.540000 14.500000 91.180000
31.540000 17.340000 91.180000
31.540000 20.180000 91.180000
31.540000 23.020000 91.180000
31.540000 25.860000 91.180000
31.540000 28.700000 91.180000
31.540000 31.540000 91.180000
31.540000 34.380000 91.180000
31.540000 37.220000 91.180000
31.540000 -2.540000 94.020000
31.540000 0.300000 94.020000
31.540000 3.140000 94.020000
31.540000 5.980000 94.020000
31.540000 8.820000 94.020000
31.540000 11.660000 94.020000
31.540000 14.500000 94.020000
31.540000 17.340000 94.020000
31.540000 20.180000 94.020000
31.540000 23.020000 94.020000
31.540000 25.860000 94.020000
31.540000 28.700000 94.020000
31.540000 31.540000 94.020000
31.540000 34.380000 94.020000
31.540000 37.220000 94.020000
31.540000 -2.540000 96.860000
31.540000 0.300000 96.860000
31.540000 3.140000 96.860000
31.540000 5.980000 96.860000
31.540000 8.820000 96.860000
31.540000 11.660000 96.860000
31.540000 14.500000 96.860000
31.540000 17.340000 96.860000
31.540000 20.180000 96.860000
31.540000 23.020000 96.860000
31.540000 25.860000 96.860000
31.540000 28.700000 96.860000
31.540000 31.540000 96.860000
31.540000 34.380000 96.860000
31.540000 37.220000 96.860000
31.540000 -2.540000 99.700000
31.540000 0.300000 99.700000
31.540000 3.140000 99.700000
31.540000 5.980000 99.700000
31.540000 8.820000 99.700000
31.540000 11.660000 99.700000
31.540000 14.500000 99.700000
31.540000 17.340000 99.700000
31.540000 20.180000 99.700000
31.540000 23.020000 99.700000
31.540000 25.860000 99.700000
31.540000 28.700000 99.700000
31.540000 31.540000 99.700000
31.540000 34.380000 99.700000
31.540000 37.220000 99.700000
31.540000 -2.540000 102.540000
31.540000 0.300000 102.540000
31.540000 3.140000 102.540000
31.540000 5.980000 102.540000
31.540000 8.820000 102.540000
31.540000 11.660000 102.540000
31.540000 14.500000 102.540000
31.540000 17.340000 102.540000
31.540000 20.180000 102.540000
31.540000 23.020000 102.540000
31.540000 25.860000 102.540000
31.540000 28.700000 102.540000
31.540000 31.540000 102.540000
31.540000 34.380000 102.540000
31.540000 37.220000 102.540000
31.540000 -2.540000 105.380000
31.540000 0.300000 105.380000
31.540000 3.140000 105.380000
31.540000 5.980000 105.380000
31.540000 8.820000 105.380000
31.540000 11.660000 105.380000
31.540000 14.500000 105.380000
31.540000 17.340000 105.380000
31.540000 20.180000 105.380000
31.540000 23.020000 105.380000
31.540000 25.860000 105.380000
31.540000 28.700000 105.380000
31.540000 31.540000 105.380000
31.540000 34.380000 105.380000
31.540000 37.220000 105.380000
34.380000 -2.540000 85.500000
34.380000 0.300000 85.500000
34.380000 3.140000 85.500000
34.380000 5.980000 85.500000
34.380000 8.820000 85.500000
34.380000 11.660000 85.500000
34.380000 14.500000 85.500000
34.380000 17.340000 85.500000
34.380000 20.180000 85.500000
34.380000 23.020000 85.500000
34.380000 25.860000 85.500000
34.380000 28.700000 85.500000
34.380000 31.540000 85.500000
34.380000 34.380000 85.500000
34.380000 37.220000 85.500000
34.380000 -2.540000 88.340000
34.380000 0.300000 88.340000
34.380000 3.140000 88.340000
34.380000 5.980000 88.340000
34.380000 8.820000 88.340000
34.380000 11.660000 88.340000
34.380000 14.500000 88.340000
34.380000 17.340000 88.340000
34.380000 20.180000 88.340000
34.380000 23.020000 88.340000
34.380000 25.860000 88.340000
34.380000 28.700000 88.340000
34.380000 31.540000 88.340000
34.380000 34.380000 88.340000
34.380000 37.220000 88.340000
34.380000 -2.540000 91.180000
34.380000 0.300000 91.180000
34.380000 3.140000 91.180000
34.380000 5.980000 91.180000
34.380000 8.820000 91.180000
34.380000 11.660000 91.180000
34.380000 14.500000 91.180000
34.380000 17.340000 91.180000
34.380000 20.180000 91.180000
34.380000 23.020000 91.180000
34.380000 25.860000 91.180000
34.380000 28.700000 91.180000
34.380000 31.540000 91.180000
34.380000 34.380000 91.180000
34.380000 37.220000 91.180000
34.380000 -2.540000 94.020000
34.380000 0.300000 94.020000
34.380000 3.140000 94.020000
34.380000 5.980000 94.020000
34.380000 8.820000 94.020000
34.380000 11.660000 94.020000
34.380000 14.500000 94.020000
34.380000 17.340000 94.020000
34.380000 20.180000 94.020000
34.380000 23.020000 94.020000
34.380000 25.860000 94.020000
34.380000 28.700000 94.020000
34.380000 31.540000 94.020000
34.380000 34.380000 94.020000
34.380000 37.220000 94.020000
34.380000 -2.540000 96.860000
34.380000 0.300000 96.860000
34.380000 3.140000 96.860000
34.380000 5.980000 96.860000
34.380000 8.820000 96.860000
34.380000 11.660000 96.860000
34.380000 14.500000 96.860000
34.380000 17.340000 96.860000
34.380000 20.180000 96.860000
34.380000 23.020000 96.860000
34.380000 25.860000 96.860000
34.380000 28.700000 96.860000
34.380000 31.540000 96.860000
34.380000 34.380000 96.860000
34.380000 37.220000 96.860000
34.380000 -2.540000 99.700000
34.380000 0.300000 99.700000
34.380000 3.140000 99.700000
34.380000 5.980000 99.700000
34.380000 8.820000 99.700000
34.380000 11.660000 99.700000
34.380000 14.500000 99.700000
34.380000 17.340000 99.700000
34.380000 20.180000 99.700000
34.380000 23.020000 99.700000
34.380000 25.860000 99.700000
34.380000 28.700000 99.700000
34.380000 31.540000 99.700000
34.380000 34.380000 99.700000
34.380000 37.220000 99.700000
34.380000 -2.540000 102.540000
34.380000 0.300000 102.540000
34.380000 3.140000 102.540000
34.380000 5.980000 102.540000
34.380000 8.820000 102.540000
34.380000 11.660000 102.540000
34.380000 14.500000 102.540000
34.380000 17.340000 102.540000
34.380000 20.180000 102.540000
34.380000 23.020000 102.540000
34.380000 25.860000 102.540000
34.380000 28.700000 102.540000
34.380000 31.540000 102.540000
34.380000 34.380000 102.540000
34.380000 37.220000 102.540000
34.380000 -2.540000 105.380000
34.380000 0.300000 105.380000
34.380000 3.140000 105.380000
34.380000 5.980000 105.380000
34.380000 8.820000 105.380000
34.380000 11.660000 105.380000
34.380000 14.500000 105.380000
34.380000 17.340000 105.380000
34.380000 20.180000 105.380000
34.380000 23.020000 105.380000
34.380000 25.860000 105.380000
34.380000 28.700000 105.380000
34.380000 31.540000 105.380000
34.380000 34.380000 105.380000
34.380000 37.220000 105.380000
37.220000 -2.540000 85.500000
37.220000 0.300000 85.500000
37.220000 3.140000 85.500000
37.220000 5.980000 85.500000
37.220000 8.820000 85.500000
37.220000 11.660000 85.500000
37.220000 14.500000 85.500000
37.220000 17.340000 85.500000
37.220000 20.180000 85.500000
37.220000 23.020000 85.500000
37.220000 25.860000 85.500000
37.220000 28.700000 85.500000
37.220000 31.540000 85.500000
37.220000 34.380000 85.500000
37.220000 37.220000 85.500000
37.220000 -2.540000 88.340000
37.220000 0.300000 88.340000
37.220000 3.140000 88.340000
37.220000 5.980000 88.340000
37.220000 8.820000 88.340000
37.220000 11.660000 88.340000
37.220000 14.500000 88.340000
37.220000 17.340000 88.340000
37.220000 20.180000 88.340000
37.220000 23.020000 88.340000
37.220000 25.860000 88.340000
37.220000 28.700000 88.340000
37.220000 31.540000 88.340000
37.220000 34.380000 88.340000
37.220000 37.220000 88.340000
37.220000 -2.540000 91.180000
37.220000 0.300000 91.180000
37.220000 3.140000 91.180000
37.220000 5.980000 91.180000
37.220000 8.820000 91.180000
37.220000 11.660000 91.180000
37.220000 14.500000 91.180000
37.220000 17.340000 91.180000
37.220000 20.180000 91.180000
37.220000 23.020000 91.180000
37.220000 25.860000 91.180000
37.220000 28.700000 91.180000
37.220000 31.540000 91.180000
37.220000 34.380000 91.180000
37.220000 37.220000 91.180000
37.220000 -2.540000 94.020000
37.220000 0.300000 94.020000
37.220000 3.140000 94.020000
37.220000 5.980000 94.020000
37.220000 8.820000 94.020000
37.220000 11.660000 94.020000
37.220000 14.500000 94.020000
37.220000 17.340000 94.020000
37.220000 20.180000 94.020000
37.220000 23.020000 94.020000
37.220000 25.860000 94.020000
37.220000 28.700000 94.020000
37.220000 31.540000 94.020000
37.220000 34.380000 94.020000
37.220000 37.220000 94.020000
37.220000 -2.540000 96.860000
37.220000 0.300000 96.860000
37.220000 3.140000 96.860000
37.220000 5.980000 96.860000
37.220000 8.820000 96.860000
37.220000 11.660000 96.860000
37.220000 14.500000 96.860000
37.220000 17.340000 96.860000
37.220000 20.180000 96.860000
37.220000 23.020000 96.860000
37.220000 25.860000 96.860000
37.220000 28.700000 96.860000
37.220000 31.540000 96.860000
37.220000 34.380000 96.860000
37.220000 37.220000 96.860000
37.220000 -2.540000 99.700000
37.220000 0.300000 99.700000
37.220000 3.140000 99.700000
37.220000 5.980000 99.700000
37.220000 8.820000 99.700000
37.220000 11.660000 99.700000
37.220000 14.500000 99.700000
37.220000 17.340000 99.700000
37.220000 20.180000 99.700000
37.220000 23.020000 99.700000
37.220000 25.860000 99.700000
37.220000 28.700000 99.700000
37.220000 31.540000 99.700000
37.220000 34.380000 99.700000
37.220000 37.220000 99.700000
37.220000 -2.540000 102.540000
37.220000 0.300000 102.540000
37.220000 3.140000 102.540000
37.220000 5.980000 102.540000
37.220000 8.820000 102.540000
37.220000 11.660000 102.540000
37.220000 14.500000 102.540000
37.220000 17.340000 102.540000
37.220000 20.180000 102.540000
37.220000 23.020000 102.540000
37.220000 25.860000 102.540000
37.220000 28.700000 102.540000
37.220000 31.540000 102.540000
37.220000 34.380000 102.540000
37.220000 37.220000 102.540000
37.220000 -2.540000 105.380000
37.220000 0.300000 105.380000
37.220000 3.140000 105.380000
37.220000 5.980000 105.380000
37.220000 8.820000 105.380000
37.220000 11.660000 105.380000
37.220000 14.500000 105.380000
37.220000 17.340000 105.380000
37.220000 20.180000 105.380000
37.220000 23.020000 105.380000
37.220000 25.860000 105.380000
37.220000 28.700000 105.380000
37.220000 31.540000 105.380000
37.220000 34.380000 105.380000
37.220000 37.220000 105.380000
40.060000 -2.540000 85.500000
40.060000 0.300000 85.500000
40.060000 3.140000 85.500000
40.060000 5.980000 85.500000
40.060000 8.820000 85.500000
40.060000 11.660000 85.500000
40.060000 14.500000 85.500000
40.060000 17.340000 85.500000
40.060000 20.180000 85.500000
40.060000 23.020000 85.500000
40.060000 25.860000 85.500000
40.060000 28.700000 85.500000
40.060000 31.540000 85.500000
40.060000 34.380000 85.500000
40.060000 37.220000 85.500000
40.060000 -2.540000 88.340000
40.060000 0.300000 88.340000
40.060000 3.140000 88.340000
40.060000 5.980000 88.340000
40.060000 8.820000 88.340000
40.060000 11.660000 88.340000
40.060000 14.500000 88.340000
40.060000 17.340000 88.340000
40.060000 20.180000 88.340000
40.060000 23.020000 88.340000
40.060000 25.860000 88.340000
40.060000 28.700000 88.340000
40.060000 31.540000 88.340000
40.060000 34.380000 88.340000
40.060000 37.220000 88.340000
40.060000 -2.540000 91.180000
40.060000 0.300000 91.180000
40.060000 3.140000 91.180000
40.060000 5.980000 91.180000
40.060000 8.820000 91.180000
40.060000 11.660000 91.180000
40.060000 14.500000 91.180000
40.060000 17.340000 91.180000
40.060000 20.180000 91.180000
40.060000 23.020000 91.180000
40.060000 25.860000 91.180000
40.060000 28.700000 91.180000
40.060000 31.540000 91.180000
40.060000 34.380000 91.180000
40.060000 37.220000 91.180000
40.060000 -2.540000 94.020000
40.060000 0.300000 94.020000
40.060000 3.140000 94.020000
40.060000 5.980000 94.020000
40.060000 8.820000 94.020000
40.060000 11.660000 94.020000
40.060000 14.500000 94.020000
40.060000 17.340000 94.020000
40.060000 20.180000 94.020000
40.060000 23.020000 94.020000
40.060000 25.860000 94.020000
40.060000 28.700000 94.020000
40.060000 31.540000 94.020000
40.060000 34.380000 94.020000
40.060000 37.220000 94.020000
40.060000 -2.540000 96.860000
40.060000 0.300000 96.860000
40.060000 3.140000 96.860000
40.060000 5.980000 96.860000
40.060000 8.820000 96.860000
40.060000 11.660000 96.860000
40.060000 14.500000 96.860000
40.060000 17.340000 96.860000
40.060000 20.180000 96.860000
40.060000 23.020000 96.860000
40.060000 25.860000 96.860000
40.060000 28.700000 96.860000
40.060000 31.540000 96.860000
40.060000 34.380000 96.860000
40.060000 37.220000 96.860000
40.060000 -2.540000 99.700000
40.060000 0.300000 99.700000
40.060000 3.140000 99.700000
40.060000 5.980000 99.700000
40.060000 8.820000 99.700000
40.060000 11.660000 99.700000
40.060000 14.500000 99.700000
40.060000 17.340000 99.700000
40.060000 20.180000 99.700000
40.060000 23.020000 99.700000
40.060000 25.860000 99.700000
40.060000 28.700000 99.700000
40.060000 31.540000 99.700000
40.060000 34.380000 99.700000
40.060000 37.220000 99.700000
40.060000 -2.540000 102.540000
40.060000 0.300000 102.540000
40.060000 3.140000 102.540000
40.060000 5.980000 102.540000
40.060000 8.820000 102.540000
40.060000 11.660000 102.540000
40.060000 14.500000 102.540000
40.060000 17.340000 102.540000
40.060000 20.180000 102.540000
40.060000 23.020000 102.540000
40.060000 25.860000 102.540000
40.060000 28.700000 102.540000
40.060000 31.540000 102.540000
40.060000 34.380000 102.540000
40.060000 37.220000 102.540000
40.060000 -2.540000 105.380000
40.060000 0.300000 105.380000
40.060000 3.140000 105.380000
40.060000 5.980000 105.380000
40.060000 8.820000 105.380000
40.060000 11.660000 105.380000
40.060000 14.500000 105.380000
40.060000 17.340000 105.380000
40.060000 20.180000 105.380000
40.060000 23.020000 105.380000
40.060000 25.860000 105.380000
40.060000 28.700000 105.380000
40.060000 31.540000 105.380000
40.060000 34.380000 105.380000
40.060000 37.220000 105.380000
42.900000 -2.540000 85.500000
42.900000 0.300000 85.500000
42.900000 3.140000 85.500000
42.900000 5.980000 85.500000
42.900000 8.820000 85.500000
42.900000 11.660000 85.500000
42.900000 14.500000 85.500000
42.900000 17.340000 85.500000
42.900000 20.180000 85.500000
42.900000 23.020000 85.500000
42.900000 25.860000 85.500000
42.900000 28.700000 85.500000
42.900000 31.540000 85.500000
42.900000 34.380000 85.500000
42.900000 37.220000 85.500000
42.900000 -2.540000 88.340000
42.900000 0.300000 88.340000
42.900000 3.140000 88.340000
42.900000 5.980000 88.340000
42.900000 8.820000 88.340000
42.900000 11.660000 88.340000
42.900000 14.500000 88.340000
42.900000 17.340000 88.340000
42.900000 20.180000 88.340000
42.900000 23.020000 88.340000
42.900000 25.860000 88.340000
42.900000 28.700000 88.340000
42.900000 31.540000 88.340000
42.900000 34.380000 88.340000
42.900000 37.220000 88.340000
42.900000 -2.540000 91.180000
42.900000 0.300000 91.180000
42.900000 3.140000 91.180000
42.900000 5.980000 91.180000
42.900000 8.820000 91.180000
42.900000 11.660000 91.180000
42.900000 14.500000 91.180000
42.900000 17.340000 91.180000
42.900000 20.180000 91.180000
42.900000 23.020000 91.180000
42.900000 25.860000 91.180000
42.900000 28.700000 91.180000
42.900000 31.540000 91.180000
42.900000 34.380000 91.180000
42.900000 37.220000 91.180000
42.900000 -2.540000 94.020000
42.900000 0.300000 94.020000
42.900000 3.140000 94.020000
42.900000 5.980000 94.020000
42.900000 8.820000 94.020000
42.900000 11.660000 94.020000
42.900000 14.500000 94.020000
42.900000 17.340000 94.020000
42.900000 20.180000 94.020000
42.900000 23.020000 94.020000
42.900000 25.860000 94.020000
42.900000 28.700000 94.020000
42.900000 31.540000 94.020000
42.900000 34.380000 94.020000
42.900000 37.220000 94.020000
42.900000 -2.540000 96.860000
42.900000 0.300000 96.860000
42.900000 3.140000 96.860000
42.900000 5.980000 96.860000
42.900000 8.820000 96.860000
42.900000 11.660000 96.860000
42.900000 14.500000 96.860000
42.900000 17.340000 96.860000
42.900000 20.180000 96.860000
42.900000 23.020000 96.860000
42.900000 25.860000 96.860000
42.900000 28.700000 96.860000
42.900000 31.540000 96.860000
42.900000 34.380000 96.860000
42.900000 37.220000 96.860000
42.900000 -2.540000 99.700000
42.900000 0.300000 99.700000
42.900000 3.140000 99.700000
42.900000 5.980000 99.700000
42.900000 8.820000 99.700000
42.900000 11.660000 99.700000
42.900000 14.500000 99.700000
42.900000 17.340000 99.700000
42.900000 20.180000 99.700000
42.900000 23.020000 99.700000
42.900000 25.860000 99.700000
42.900000 28.700000 99.700000
42.900000 31.540000 99.700000
42.900000 34.380000 99.700000
42.900000 37.220000 99.700000
42.900000 -2.540000 102.540000
42.900000 0.300000 102.540000
42.900000 3.140000 102.540000
42.900000 5.980000 102.540000
42.900000 8.820000 102.540000
42.900000 11.660000 102.540000
42.900000 14.500000 102.540000
42.900000 17.340000 102.540000
42.900000 20.180000 102.540000
42.900000 23.020000 102.540000
42.900000 25.860000 102.540000
42.900000 28.700000 102.540000
42.900000 31.540000 102.540000
42.900000 34.380000 102.540000
42.900000 37.220000 102.540000
42.900000 -2.540000 105.380000
42.900000 0.300000 105.380000
42.900000 3.140000 105.380000
42.900000 5.980000 105.380000
42.900000 8.820000 105.380000
42.900000 11.660000 105.380000
42.900000 14.500000 105.380000
42.900000 17.340000 105.380000
42.900000 20.180000 105.380000
42.900000 23.020000 105.380000
42.900000 25.860000 105.380000
42.900000 28.700000 105.380000
42.900000 31.540000 105.380000
42.900000 34.380000 105.380000
42.900000 37.220000 105.380000
45.740000 -2.540000 85.500000
45.740000 0.300000 85.500000
45.740000 3.140000 85.500000
45.740000 5.980000 85.500000
45.740000 8.820000 85.500000
45.740000 11.660000 85.500000
45.740000 14.500000 85.500000
45.740000 17.340000 85.500000
45.740000 20.180000 85.500000
45.740000 23.020000 85.500000
45.740000 25.860000 85.500000
45.740000 28.700000 85.500000
45.740000 31.540000 85.500000
45.740000 34.380000 85.500000
45.740000 37.220000 85.500000
45.740000 -2.540000 88.340000
45.740000 0.300000 88.340000
45.740000 3.140000 88.340000
45.740000 5.980000 88.340000
45.740000 8.820000 88.340000
45.740000 11.660000 88.340000
45.740000 14.500000 88.340000
45.740000 17.340000 88.340000
45.740000 20.180000 88.340000
45.740000 23.020000 88.340000
45.740000 25.860000 88.340000
45.740000 28.700000 88.340000
45.740000 31.540000 88.340000
45.740000 34.380000 88.340000
45.740000 37.220000 88.340000
45.740000 -2.540000 91.180000
45.740000 0.300000 91.180000
45.740000 3.140000 91.180000
45.740000 5.980000 91.180000
45.740000 8.820000 91.180000
45.740000 11.660000 91.180000
45.740000 14.500000 91.180000
45.740000 17.340000 91.180000
45.740000 20.180000 91.180000
45.740000 23.020000 91.180000
45.740000 25.860000 91.180000
45.740000 28.700000 91.180000
45.740000 31.540000 91.180000
45.740000 34.380000 91.180000
45.740000 37.220000 91.180000
45.740000 -2.540000 94.020000
45.740000 0.300000 94.020000
45.740000 3.140000 94.020000
45.740000 5.980000 94.020000
45.740000 8.820000 94.020000
45.740000 11.660000 94.020000
45.740000 14.500000 94.020000
45.740000 17.340000 94.020000
45.740000 20.180000 94.020000
45.740000 23.020000 94.020000
45.740000 25.860000 94.020000
45.740000 28.700000 94.020000
45.740000 31.540000 94.020000
45.740000 34.380000 94.020000
45.740000 37.220000 94.020000
45.740000 -2.540000 96.860000
45.740000 0.300000 96.860000
45.740000 3.140000 96.860000
45.740000 5.980000 96.860000
45.740000 8.820000 96.860000
45.740000 11.660000 96.860000
45.740000 14.500000 96.860000
45.740000 17.340000 96.860000
45.740000 20.180000 96.860000
45.740000 23.020000 96.860000
45.740000 25.860000 96.860000
45.740000 28.700000 96.860000
45.740000 31.540000 96.860000
45.740000 34.380000 96.860000
45.740000 37.220000 96.860000
45.740000 -2.540000 99.700000
45.740000 0.300000 99.700000
45.740000 3.140000 99.700000
45.740000 5.980000 99.700000
45.740000 8.820000 99.700000
45.740000 11.660000 99.700000
45.740000 14.500000 99.700000
45.740000 17.340000 99.700000
45.740000 20.180000 99.700000
45.740000 23.020000 99.700000
45.740000 25.860000 99.700000
45.740000 28.700000 99.700000
45.740000 31.540000 99.700000
45.740000 34.380000 99.700000
45.740000 37.220000 99.700000
45.740000 -2.540000 102.540000
45.740000 0.300000 102.540000
45.740000 3.140000 102.540000
45.740000 5.980000 102.540000
45.740000 8.820000 102.540000
45.740000 11.660000 102.540000
45.740000 14.500000 102.540000
45.740000 17.340000 102.540000
45.740000 20.180000 102.540000
45.740000 23.020000 102.540000
45.740000 25.860000 102.540000
45.740000 28.700000 102.540000
45.740000 31.540000 102.540000
45.740000 34.380000 102.540000
45.740000 37.220000 102.540000
45.740000 -2.540000 105.380000
45.740000 0.300000 105.380000
45.740000 3.140000 105.380000
45.740000 5.980000 105.380000
45.740000 8.820000 105.380000
45.740000 11.660000 105.380000
45.740000 14.500000 105.380000
45.740000 17.340000 105.380000
45.740000 20.180000 105.380000
45.740000 23.020000 105.380000
45.740000 25.860000 105.380000
45.740000 28.700000 105.380000
45.740000 31.540000 105.380000
45.740000 34.380000 105.380000
45.740000 37.220000 105.380000
48.580000 -2.540000 85.500000
48.580000 0.300000 85.500000
48.580000 3.140000 85.500000
48.580000 5.980000 85.500000
48.580000 8.820000 85.500000
48.580000 11.660000 85.500000
48.580000 14.500000 85.500000
48.580000 17.340000 85.500000
48.580000 20.180000 85.500000
48.580000 23.020000 85.500000
48.580000 25.860000 85.500000
48.580000 28.700000 85.500000
48.580000 31.540000 85.500000
48.580000 34.380000 85.500000
48.580000 37.220000 85.500000
48.580000 -2.540000 88.340000
48.580000 0.300000 88.340000
48.580000 3.140000 88.340000
48.580000 5.980000 88.340000
48.580000 8.820000 88.340000
48.580000 11.660000 88.340000
48.580000 14.500000 88.340000
48.580000 17.340000 88.340000
48.580000 20.180000 88.340000
48.580000 23.020000 88.340000
48.580000 25.860000 88.340000
48.580000 28.700000 88.340000
48.580000 31.540000 88.340000
48.580000 34.380000 88.340000
48.580000 37.220000 88.340000
48.580000 -2.540000 91.180000
48.580000 0.300000 91.180000
48.580000 3.140000 91.180000
48.580000 5.980000 91.180000
48.580000 8.820000 91.180000
48.580000 11.660000 91.180000
48.580000 14.500000 91.180000
48.580000 17.340000 91.180000
48.580000 20.180000 91.180000
48.580000 23.020000 91.180000
48.580000 25.860000 91.180000
48.580000 28.700000 91.180000
48.580000 31.540000 91.180000
48.580000 34.380000 91.180000
48.580000 37.220000 91.180000
48.580000 -2.540000 94.020000
48.580000 0.300000 94.020000
48.580000 3.140000 94.020000
48.580000 5.980000 94.020000
48.580000 8.820000 94.020000
48.580000 11.660000 94.020000
48.580000 14.500000 94.020000
48.580000 17.340000 94.020000
48.580000 20.180000 94.020000
48.580000 23.020000 94.020000
48.580000 25.860000 94.020000
48.580000 28.700000 94.020000
48.580000 31.540000 94.020000
48.580000 34.380000 94.020000
48.580000 37.220000 94.020000
48.580000 -2.540000 96.860000
48.580000 0.300000 96.860000
48.580000 3.140000 96.860000
48.580000 5.980000 96.860000
48.580000 8.820000 96.860000
48.580000 11.660000 96.860000
48.580000 14.500000 96.860000
48.580000 17.340000 96.860000
48.580000 20.180000 96.860000
48.580000 23.020000 96.860000
48.580000 25.860000 96.860000
48.580000 28.700000 96.860000
48.580000 31.540000 96.860000
48.580000 34.380000 96.860000
48.580000 37.220000 96.860000
48.580000 -2.540000 99.700000
48.580000 0.300000 99.700000
48.580000 3.140000 99.700000
48.580000 5.980000 99.700000
48.580000 8.820000 99.700000
48.580000 11.660000 99.700000
48.580000 14.500000 99.700000
48.580000 17.340000 99.700000
48.580000 20.180000 99.700000
48.580000 23.020000 99.700000
48.580000 25.860000 99.700000
48.580000 28.700000 99.700000
48.580000 31.540000 99.700000
48.580000 34.380000 99.700000
48.580000 37.220000 99.700000
48.580000 -2.540000 102.540000
48.580000 0.300000 102.540000
48.580000 3.140000 102.540000
48.580000 5.980000 102.540000
48.580000 8.820000 102.540000
48.580000 11.660000 102.540000
48.580000 14.500000 102.540000
48.580000 17.340000 102.540000
48.580000 20.180000 102.540000
48.580000 23.020000 102.540000
48.580000 25.860000 102.540000
48.580000 28.700000 102.540000
48.580000 31.540000 102.540000
48.580000 34.380000 102.540000
48.580000 37.220000 102.540000
48.580000 -2.540000 105.380000
48.580000 0.300000 105.380000
48.580000 3.140000 105.380000
48.580000 5.980000 105.380000
48.580000 8.820000 105.380000
48.580000 11.660000 105.380000
48.580000 14.500000 105.380000
48.580000 17.340000 105.380000
48.580000 20.180000 105.380000
48.580000 23.020000 105.380000
48.580000 25.860000 105.380000
48.580000 28.700000 105.380000
48.580000 31.540000 105.380000
48.580000 34.380000 105.380000
48.580000 37.220000 105.380000
51.420000 -2.540000 68.460000
51.420000 0.300000 68.460000
51.420000 3.140000 68.460000
51.420000 5.980000 68.460000
51.420000 8.820000 68.460000
51.420000 11.660000 68.460000
51.420000 14.500000 68.460000
51.420000 17.340000 68.460000
51.420000 20.180000 68.460000
51.420000 23.020000 68.460000
51.420000 25.860000 68.460000
51.420000 28.700000 68.460000
51.420000 31.540000 68.460000
51.420000 34.380000 68.460000
51.420000 37.220000 68.460000
51.420000 -2.540000 71.300000
51.420000 0.300000 71.300000
51.420000 3.140000 71.300000
51.420000 5.980000 71.300000
51.420000 8.820000 71.300000
51.420000 11.660000 71.300000
51.420000 14.500000 71.300000
51.420000 17.340000 71.300000
51.420000 20.180000 71.300000
51.420000 23.020000 71.300000
51.420000 25.860000 71.300000
51.420000 28.700000 71.300000
51.420000 31.540000 71.300000
51.420000 34.380000 71.300000
51.420000 37.220000 71.300000
51.420000 -2.540000 74.140000
51.420000 0.300000 74.140000
51.420000 3.140000 74.140000
51.420000 5.980000 74.140000
51.420000 8.820000 74.140000
51.420000 11.660000 74.140000
51.420000 14.500000 74.140000
51.420000 17.340000 74.140000
51.420000 20.180000 74.140000
51.420000 23.020000 74.140000
51.420000 25.860000 74.140000
51.420000 28.700000 74.140000
51.420000 31.540000 74.140000
51.420000 34.380000 74.140000
51.420000 37.220000 74.140000
51.420000 -2.540000 76.980000
51.420000 0.300000 76.980000
51.420000 3.140000 76.980000
51.420000 5.980000 76.980000
51.420000 8.820000 76.980000
51.420000 11.660000 76.980000
51.420000 14.500000 76.980000
51.420000 17.340000 76.980000
51.420000 20.180000 76.980000
51.420000 23.020000 76.980000
51.420000 25.860000 76.980000
51.420000 28.700000 76.980000
51.420000 31.540000 76.980000
51.420000 34.380000 76.980000
51.420000 37.220000 76.980000
51.420000 -2.540000 79.820000
51.420000 0.300000 79.820000
51.420000 3.140000 79.820000
51.420000 5.980000 79.820000
51.420000 8.820000 79.820000
51.420000 11.660000 79.820000
51.420000 14.500000 79.820000
51.420000 17.340000 79.820000
51.420000 20.180000 79.820000
51.420000 23.020000 79.820000
51.420000 25.860000 79.820000
51.420000 28.700000 79.820000
51.420000 31.540000 79.820000
51.420000 34.380000 79.820000
51.420000 37.220000 79.820000
51.420000 -2.540000 82.660000
51.420000 0.300000 82.660000
51.420000 3.140000 82.660000
51.420000 5.980000 82.660000
51.420000 8.820000 82.660000
51.420000 11.660000 82.660000
51.420000 14.500000 82.660000
51.420000 17.340000 82.660000
51.420000 20.180000 82.660000
51.420000 23.020000 82.660000
51.420000 25.860000 82.660000
51.420000 28.700000 82.660000
51.420000 31.540000 82.660000
51.420000 34.380000 82.660000
51.420000 37.220000 82.660000
51.420000 -2.540000 85.500000
51.420000 0.300000 85.500000
51.420000 3.140000 85.500000
51.420000 5.980000 85.500000
51.420000 8.820000 85.500000
51.420000 11.660000 85.500000
51.420000 14.500000 85.500000
51.420000 17.340000 85.500000
51.420000 20.180000 85.500000
51.420000 23.020000 85.500000
51.420000 25.860000 85.500000
51.420000 28.700000 85.500000
51.420000 31.540000 85.500000
51.420000 34.380000 85.500000
51.420000 37.220000 85.500000
51.420000 -2.540000 88.340000
51.420000 0.300000 88.340000
51.420000 3.140000 88.340000
51.420000 5.980000 88.340000
51.420000 8.820000 88.340000
51.420000 11.660000 88.340000
51.420000 14.500000 88.340000
51.420000 17.340000 88.340000
51.420000 20.180000 88.340000
51.420000 23.020000 88.340000
51.420000 25.860000 88.340000
51.420000 28.700000 88.340000
51.420000 31.540000 88.340000
51.420000 34.380000 88.340000
51.420000 37.220000 88.340000
51.420000 -2.540000 91.180000
51.420000 0.300000 91.180000
51.420000 3.140000 91.180000
51.420000 5.980000 91.180000
51.420000 8.820000 91.180000
51.420000 11.660000 91.180000
51.420000 14.500000 91.180000
51.420000 17.340000 91.180000
51.420000 20.180000 91.180000
51.420000 23.020000 91.180000
51.420000 25.860000 91.180000
51.420000 28.700000 91.180000
51.420000 31.540000 91.180000
51.420000 34.380000 91.180000
51.420000 37.220000 91.180000
51.420000 -2.540000 94.020000
51.420000 0.300000 94.020000
51.420000 3.140000 94.020000
51.420000 5.980000 94.020000
51.420000 8.820000 94.020000
51.420000 11.660000 94.020000
51.420000 14.500000 94.020000
51.420000 17.340000 94.020000
51.420000 20.180000 94.020000
51.420000 23.020000 94.020000
51.420000 25.860000 94.020000
51.420000 28.700000 94.020000
51.420000 31.540000 94.020000
51.420000 34.380000 94.020000
51.420000 37.220000 94.020000
51.420000 -2.540000 96.860000
51.420000 0.300000 96.860000
51.420000 3.140000 96.860000
51.420000 5.980000 96.860000
51.420000 8.820000 96.860000
51.420000 11.660000 96.860000
51.420000 14.500000 96.860000
51.420000 17.340000 96.860000
51.420000 20.180000 96.860000
51.420000 23.020000 96.860000
51.420000 25.860000 96.860000
51.420000 28.700000 96.860000
51.420000 31.540000 96.860000
51.420000 34.380000 96.860000
51.420000 37.220000 96.860000
51.420000 -2.540000 99.700000
51.420000 0.300000 99.700000
51.420000 3.140000 99.700000
51.420000 5.980000 99.700000
51.420000 8.820000 99.700000
51.420000 11.660000 99.700000
51.420000 14.500000 99.700000
51.420000 17.340000 99.700000
51.420000 20.180000 99.700000
51.420000 23.020000 99.700000
51.420000 25.860000 99.700000
51.420000 28.700000 99.700000
51.420000 31.540000 99.700000
51.420000 34.380000 99.700000
51.420000 37.220000 99.700000
51.420000 -2.540000 102.540000
51.420000 0.300000 102.540000
51.420000 3.140000 102.540000
51.420000 5.980000 102.540000
51.420000 8.820000 102.540000
51.420000 11.660000 102.540000
51.420000 14.500000 102.540000
51.420000 17.340000 102.540000
51.420000 20.180000 102.540000
51.420000 23.020000 102.540000
51.420000 25.860000 102.540000
51.420000 28.700000 102.540000
51.420000 31.540000 102.540000
51.420000 34.380000 102.540000
51.420000 37.220000 102.540000
51.420000 -2.540000 105.380000
51.420000 0.300000 105.380000
51.420000 3.140000 105.380000
51.420000 5.980000 105.380000
51.420000 8.820000 105.380000
51.420000 11.660000 105.380000
51.420000 14.500000 105.380000
51.420000 17.340000 105.380000
51.420000 20.180000 105.380000
51.420000 23.020000 105.380000
51.420000 25.860000 105.380000
51.420000 28.700000 105.380000
51.420000 31.540000 105.380000
51.420000 34.380000 105.380000
51.420000 37.220000 105.380000
54.260000 -2.540000 68.460000
54.260000 0.300000 68.460000
54.260000 3.140000 68.460000
54.260000 5.980000 68.460000
54.260000 8.820000 68.460000
54.260000 11.660000 68.460000
54.260000 14.500000 68.460000
54.260000 17.340000 68.460000
54.260000 20.180000 68.460000
54.260000 23.020000 68.460000
54.260000 25.860000 68.460000
54.260000 28.700000 68.460000
54.260000 31.540000 68.460000
54.260000 34.380000 68.460000
54.260000 37.220000 68.460000
54.260000 -2.540000 71.300000
54.260000 0.300000 71.300000
54.260000 3.140000 71.300000
54.260000 5.980000 71.300000
54.260000 8.820000 71.300000
54.260000 11.660000 71.300000
54.260000 14.500000 71.300000
54.260000 17.340000 71.300000
54.260000 20.180000 71.300000
54.260000 23.020000 71.300000
54.260000 25.860000 71.300000
54.260000 28.700000 71.300000
54.260000 31.540000 71.300000
54.260000 34.380000 71.300000
54.260000 37.220000 71.300000
54.260000 -2.540000 74.140000
54.260000 0.300000 74.140000
54.260000 3.140000 74.140000
54.260000 5.980000 74.140000
54.260000 8.820000 74.140000
54.260000 11.660000 74.140000
54.260000 14.500000 74.140000
54.260000 17.340000 74.140000
54.260000 20.180000 74.140000
54.260000 23.020000 74.140000
54.260000 25.860000 74.140000
54.260000 28.700000 74.140000
54.260000 31.540000 74.140000
54.260000 34.380000 74.140000
54.260000 37.220000 74.140000
54.260000 -2.540000 76.980000
54.260000 0.300000 76.980000
54.260000 3.140000 76.980000
54.260000 5.980000 76.980000
54.260000 8.820000 76.980000
54.260000 11.660000 76.980000
54.260000 14.500000 76.980000
54.260000 17.340000 76.980000
54.260000 20.180000 76.980000
54.260000 23.020000 76.980000
54.260000 25.860000 76.980000
54.260000 28.700000 76.980000
54.260000 31.540000 76.980000
54.260000 34.380000 76.980000
54.260000 37.220000 76.980000
54.260000 -2.540000 79.820000
54.260000 0.300000 79.820000
54.260000 3.140000 79.820000
54.260000 5.980000 79.820000
54.260000 8.820000 79.820000
54.260000 11.660000 79.820000
54.260000 14.500000 79.820000
54.260000 17.340000 79.820000
54.260000 20.180000 79.820000
54.260000 23.020000 79.820000
54.260000 25.860000 79.820000
54.260000 28.700000 79.820000
54.260000 31.540000 79.820000
54.260000 34.380000 79.820000
54.260000 37.220000 79.820000
54.260000 -2.540000 82.660000
54.260000 0.300000 82.660000
54.260000 3.140000 82.660000
54.260000 5.980000 82.660000
54.260000 8.820000 82.660000
54.260000 11.660000 82.660000
54.260000 14.500000 82.660000
54.260000 17.340000 82.660000
54.260000 20.180000 82.660000
54.260000 23.020000 82.660000
54.260000 25.860000 82.660000
54.260000 28.700000 82.660000
54.260000 31.540000 82.660000
54.260000 34.380000 82.660000
54.260000 37.220000 82.660000
54.260000 -2.540000 85.500000
54.260000 0.300000 85.500000
54.260000 3.140000 85.500000
54.260000 5.980000 85.500000
54.260000 8.820000 85.500000
54.260000 11.660000 85.500000
54.260000 14.500000 85.500000
54.260000 17.340000 85.500000
54.260000 20.180000 85.500000
54.260000 23.020000 85.500000
54.260000 25.860000 85.500000
54.260000 28.700000 85.500000
54.260000 31.540000 85.500000
54.260000 34.380000 85.500000
54.260000 37.220000 85.500000
54.260000 -2.540000 88.340000
54.260000 0.300000 88.340000
54.260000 3.140000 88.340000
54.260000 5.980000 88.340000
54.260000 8.820000 88.340000
54.260000 11.660000 88.340000
54.260000 14.500000 88.340000
54.260000 17.340000 88.340000
54.260000 20.180000 88.340000
54.260000 23.020000 88.340000
54.260000 25.860000 88.340000
54.260000 28.700000 88.340000
54.260000 31.540000 88.340000
54.260000 34.380000 88.340000
54.260000 37.220000 88.340000
54.260000 -2.540000 91.180000
54.260000 0.300000 91.180000
54.260000 3.140000 91.180000
54.260000 5.980000 91.180000
54.260000 8.820000 91.180000
54.260000 11.660000 91.180000
54.260000 14.500000 91.180000
54.260000 17.340000 91.180000
54.260000 20.180000 91.180000
54.260000 23.020000 91.180000
54.260000 25.860000 91.180000
54.260000 28.700000 91.180000
54.260000 31.540000 91.180000
54.260000 34.380000 91.180000
54.260000 37.220000 91.180000
54.260000 -2.540000 94.020000
54.260000 0.300000 94.020000
54.260000 3.140000 94.020000
54.260000 5.980000 94.020000
54.260000 8.820000 94.020000
54.260000 11.660000 94.020000
54.260000 14.500000 94.020000
54.260000 17.340000 94.020000
54.260000 20.180000 94.020000
54.260000 23.020000 94.020000
54.260000 25.860000 94.020000
54.260000 28.700000 94.020000
54.260000 31.540000 94.020000
54.260000 34.380000 94.020000
54.260000 37.220000 94.020000
54.260000 -2.540000 96.860000
54.260000 0.300000 96.860000
54.260000 3.140000 96.860000
54.260000 5.980000 96.860000
54.260000 8.820000 96.860000
54.260000 11.660000 96.860000
54.260000 14.500000 96.860000
54.260000 17.340000 96.860000
54.260000 20.180000 96.860000
54.260000 23.020000 96.860000
54.260000 25.860000 96.860000
54.260000 28.700000 96.860000
54.260000 31.540000 96.860000
54.260000 34.380000 96.860000
54.260000 37.220000 96.860000
54.260000 -2.540000 99.700000
54.260000 0.300000 99.700000
54.260000 3.140000 99.700000
54.260000 5.980000 99.700000
54.260000 8.820000 99.700000
54.260000 11.660000 99.700000
54.260000 14.500000 99.700000
54.260000 17.340000 99.700000
54.260000 20.180000 99.700000
54.260000 23.020000 99.700000
54.260000 25.860000 99.700000
54.260000 28.700000 99.700000
54.260000 31.540000 99.700000
54.260000 34.380000 99.700000
54.260000 37.220000 99.700000
54.260000 -2.540000 102.540000
54.260000 0.300000 102.540000
54.260000 3.140000 102.540000
54.260000 5.980000 102.540000
54.260000 8.820000 102.540000
54.260000 11.660000 102.540000
54.260000 14.500000 102.540000
54.260000 17.340000 102.540000
54.260000 20.180000 102.540000
54.260000 23.020000 102.540000
54.260000 25.860000 102.540000
54.260000 28.700000 102.540000
54.260000 31.540000 102.540000
54.260000 34.380000 102.540000
54.260000 37.220000 102.540000
54.260000 -2.540000 105.380000
54.260000 0.300000 105.380000
54.260000 3.140000 105.380000
54.260000 5.980000 105.380000
54.260000 8.820000 105.380000
54.260000 11.660000 105.380000
54.260000 14.500000 105.380000
54.260000 17.340000 105.380000
54.260000 20.180000 105.380000
54.260000 23.020000 105.380000
54.260000 25.860000 105.380000
54.260000 28.700000 105.380000
54.260000 31.540000 105.380000
54.260000 34.380000 105.380000
54.260000 37.220000 105.380000
57.100000 -2.540000 68.460000
57.100000 0.300000 68.460000
57.100000 3.140000 68.460000
57.100000 5.980000 68.460000
57.100000 8.820000 68.460000
57.100000 11.660000 68.460000
57.100000 14.500000 68.460000
57.100000 17.340000 68.460000
57.100000 20.180000 68.460000
57.100000 23.020000 68.460000
57.100000 25.860000 68.460000
57.100000 28.700000 68.460000
57.100000 31.540000 68.460000
57.100000 34.380000 68.460000
57.100000 37.220000 68.460000
57.100000 -2.540000 71.300000
57.100000 0.300000 71.300000
57.100000 3.140000 71.300000
57.100000 5.980000 71.300000
57.100000 8.820000 71.300000
57.100000 11.660000 71.300000
57.100000 14.500000 71.300000
57.100000 17.340000 71.300000
57.100000 20.180000 71.300000
57.100000 23.020000 71.300000
57.100000 25.860000 71.300000
57.100000 28.700000 71.300000
57.100000 31.540000 71.300000
57.100000 34.380000 71.300000
57.100000 37.220000 71.300000
57.100000 -2.540000 74.140000
57.100000 0.300000 74.140000
57.100000 3.140000 74.140000
57.100000 5.980000 74.140000
57.100000 8.820000 74.140000
57.100000 11.660000 74.140000
57.100000 14.500000 74.140000
57.100000 17.340000 74.140000
57.100000 20.180000 74.140000
57.100000 23.020000 74.140000
57.100000 25.860000 74.140000
57.100000 28.700000 74.140000
57.100000 31.540000 74.140000
57.100000 34.380000 74.140000
57.100000 37.220000 74.140000
57.100000 -2.540000 76.980000
57.100000 0.300000 76.980000
57.100000 3.140000 76.980000
57.100000 5.980000 76.980000
57.100000 8.820000 76.980000
57.100000 11.660000 76.980000
57.100000 14.500000 76.980000
57.100000 17.340000 76.980000
57.100000 20.180000 76.980000
57.100000 23.020000 76.980000
57.100000 25.860000 76.980000
57.100000 28.700000 76.980000
57.100000 31.540000 76.980000
57.100000 34.380000 76.980000
57.100000 37.220000 76.980000
57.100000 -2.540000 79.820000
57.100000 0.300000 79.820000
57.100000 3.140000 79.820000
57.100000 5.980000 79.820000
57.100000 8.820000 79.820000
57.100000 11.660000 79.820000
57.100000 14.500000 79.820000
57.100000 17.340000 79.820000
57.100000 20.180000 79.820000
57.100000 23.020000 79.820000
57.100000 25.860000 79.820000
57.100000 28.700000 79.820000
57.100000 31.540000 79.820000
57.100000 34.380000 79.820000
57.100000 37.220000 79.820000
57.100000 -2.540000 82.660000
57.100000 0.300000 82.660000
57.100000 3.140000 82.660000
57.100000 5.980000 82.660000
57.100000 8.820000 82.660000
57.100000 11.660000 82.660000
57.100000 14.500000 82.660000
57.100000 17.340000 82.660000
57.100000 20.180000 82.660000
57.100000 23.020000 82.660000
57.100000 25.860000 82.660000
57.100000 28.700000 82.660000
57.100000 31.540000 82.660000
57.100000 34.380000 82.660000
57.100000 37.220000 82.660000
57.100000 -2.540000 85.500000
57.100000 0.300000 85.500000
57.100000 3.140000 85.500000
57.100000 5.980000 85.500000
57.100000 8.820000 85.500000
57.100000 11.660000 85.500000
57.100000 14.500000 85.500000
57.100000 17.340000 85.500000
57.100000 20.180000 85.500000
57.100000 23.020000 85.500000
57.100000 25.860000 85.500000
57.100000 28.700000 85.500000
57.100000 31.540000 85.500000
57.100000 34.380000 85.500000
57.100000 37.220000 85.500000
57.100000 -2.540000 88.340000
57.100000 0.300000 88.340000
57.100000 3.140000 88.340000
57.100000 5.980000 88.340000
57.100000 8.820000 88.340000
57.100000 11.660000 88.340000
57.100000 14.500000 88.340000
57.100000 17.340000 88.340000
57.100000 20.180000 88.340000
57.100000 23.020000 88.340000
57.100000 25.860000 88.340000
57.100000 28.700000 88.340000
57.100000 31.540000 88.340000
57.100000 34.380000 88.340000
57.100000 37.220000 88.340000
57.100000 -2.540000 91.180000
57.100000 0.300000 91.180000
57.100000 3.140000 91.180000
57.100000 5.980000 91.180000
57.100000 8.820000 91.180000
57.100000 11.660000 91.180000
57.100000 14.500000 91.180000
57.100000 17.340000 91.180000
57.100000 20.180000 91.180000
57.100000 23.020000 91.180000
57.100000 25.860000 91.180000
57.100000 28.700000 91.180000
57.100000 31.540000 91.180000
57.100000 34.380000 91.180000
57.100000 37.220000 91.180000
57.100000 -2.540000 94.020000
57.100000 0.300000 94.020000
57.100000 3.140000 94.020000
57.100000 5.980000 94.020000
57.100000 8.820000 94.020000
57.100000 11.660000 94.020000
57.100000 14.500000 94.020000
57.100000 17.340000 94.020000
57.100000 20.180000 94.020000
57.100000 23.020000 94.020000
57.100000 25.860000 94.020000
57.100000 28.700000 94.020000
57.100000 31.540000 94.020000
57.100000 34.380000 94.020000
57.100000 37.220000 94.020000
57.100000 -2.540000 96.860000
57.100000 0.300000 96.860000
57.100000 3.140000 96.860000
57.100000 5.980000 96.860000
57.100000 8.820000 96.860000
57.100000 11.660000 96.860000
57.100000 14.500000 96.860000
57.100000 17.340000 96.860000
57.100000 20.180000 96.860000
57.100000 23.020000 96.860000
57.100000 25.860000 96.860000
57.100000 28.700000 96.860000
57.100000 31.540000 96.860000
57.100000 34.380000 96.860000
57.100000 37.220000 96.860000
57.100000 -2.540000 99.700000
57.100000 0.300000 99.700000
57.100000 3.140000 99.700000
57.100000 5.980000 99.700000
57.100000 8.820000 99.700000
57.100000 11.660000 99.700000
57.100000 14.500000 99.700000
57.100000 17.340000 99.700000
57.100000 20.180000 99.700000
57.100000 23.020000 99.700000
57.100000 25.860000 99.700000
57.100000 28.700000 99.700000
57.100000 31.540000 99.700000
57.100000 34.380000 99.700000
57.100000 37.220000 99.700000
57.100000 -2.540000 102.540000
57.100000 0.300000 102.540000
57.100000 3.140000 102.540000
57.100000 5.980000 102.540000
57.100000 8.820000 102.540000
57.100000 11.660000 102.540000
57.100000 14.500000 102.540000
57.100000 17.340000 102.540000
57.100000 20.180000 102.540000
57.100000 23.020000 102.540000
57.100000 25.860000 102.540000
57.100000 28.700000 102.540000
57.100000 31.540000 102.540000
57.100000 34.380000 102.540000
57.100000 37.220000 102.540000
57.100000 -2.540000 105.380000
57.100000 0.300000 105.380000
57.100000 3.140000 105.380000
57.100000 5.980000 105.380000
57.100000 8.820000 105.380000
57.100000 11.660000 105.380000
57.100000 14.500000 105.380000
57.100000 17.340000 105.380000
57.100000 20.180000 105.380000
57.100000 23.020000 105.380000
57.100000 25.860000 105.380000
57.100000 28.700000 105.380000
57.100000 31.540000 105.380000
57.100000 34.380000 105.380000
57.100000 37.220000 105.380000
59.940000 -2.540000 68.460000
59.940000 0.300000 68.460000
59.940000 3.140000 68.460000
59.940000 5.980000 68.460000
59.940000 8.820000 68.460000
59.940000 11.660000 68.460000
59.940000 14.500000 68.460000
59.940000 17.340000 68.460000
59.940000 20.180000 68.460000
59.940000 23.020000 68.460000
59.940000 25.860000 68.460000
59.940000 28.700000 68.460000
59.940000 31.540000 68.460000
59.940000 34.380000 68.460000
59.940000 37.220000 68.460000
59.940000 -2.540000 71.300000
59.940000 0.300000 71.300000
59.940000 3.140000 71.300000
59.940000 5.980000 71.300000
59.940000 8.820000 71.300000
59.940000 11.660000 71.300000
59.940000 14.500000 71.300000
59.940000 17.340000 71.300000
59.940000 20.180000 71.300000
59.940000 23.020000 71.300000
59.940000 25.860000 71.300000
59.940000 28.700000 71.300000
59.940000 31.540000 71.300000
59.940000 34.380000 71.300000
59.940000 37.220000 71.300000
59.940000 -2.540000 74.140000
59.940000 0.300000 74.140000
59.940000 3.140000 74.140000
59.940000 5.980000 74.140000
59.940000 8.820000 74.140000
59.940000 11.660000 74.140000
59.940000 14.500000 74.140000
59.940000 17.340000 74.140000
59.940000 20.180000 74.140000
59.940000 23.020000 74.140000
59.940000 25.860000 74.140000
59.940000 28.700000 74.140000
59.940000 31.540000 74.140000
59.940000 34.380000 74.140000
59.940000 37.220000 74.140000
59.940000 -2.540000 76.980000
59.940000 0.300000 76.980000
59.940000 3.140000 76.980000
59.940000 5.980000 76.980000
59.940000 8.820000 76.980000
59.940000 11.660000 76.980000
59.940000 14.500000 76.980000
59.940000 17.340000 76.980000
59.940000 20.180000 76.980000
59.940000 23.020000 76.980000
59.940000 25.860000 76.980000
59.940000 28.700000 76.980000
59.940000 31.540000 76.980000
59.940000 34.380000 76.980000
59.940000 37.220000 76.980000
59.940000 -2.540000 79.820000
59.940000 0.300000 79.820000
59.940000 3.140000 79.820000
59.940000 5.980000 79.820000
59.940000 8.820000 79.820000
59.940000 11.660000 79.820000
59.940000 14.500000 79.820000
59.940000 17.340000 79.820000
59.940000 20.180000 79.820000
59.940000 23.020000 79.820000
59.940000 25.860000 79.820000
59.940000 28.700000 79.820000
59.940000 31.540000 79.820000
59.940000 34.380000 79.820000
59.940000 37.220000 79.820000
59.940000 -2.540000 82.660000
59.940000 0.300000 82.660000
59.940000 3.140000 82.660000
59.940000 5.980000 82.660000
59.940000 8.820000 82.660000
59.940000 11.660000 82.660000
59.940000 14.500000 82.660000
59.940000 17.340000 82.660000
59.940000 20.180000 82.660000
59.940000 23.020000 82.660000
59.940000 25.860000 82.660000
59.940000 28.700000 82.660000
59.940000 31.540000 82.660000
59.940000 34.380000 82.660000
59.940000 37.220000 82.660000
59.940000 -2.540000 85.500000
59.940000 0.300000 85.500000
59.940000 3.140000 85.500000
59.940000 5.980000 85.500000
59.940000 8.820000 85.500000
59.940000 11.660000 85.500000
59.940000 14.500000 85.500000
59.940000 17.340000 85.500000
59.940000 20.180000 85.500000
59.940000 23.020000 85.500000
59.940000 25.860000 85.500000
59.940000 28.700000 85.500000
59.940000 31.540000 85.500000
59.940000 34.380000 85.500000
59.940000 37.220000 85.500000
59.940000 -2.540000 88.340000
59.940000 0.300000 88.340000
59.940000 3.140000 88.340000
59.940000 5.980000 88.340000
59.940000 8.820000 88.340000
59.940000 11.660000 88.340000
59.940000 14.500000 88.340000
59.940000 17.340000 88.340000
59.940000 20.180000 88.340000
59.940000 23.020000 88.340000
59.940000 25.860000 88.340000
59.940000 28.700000 88.340000
59.940000 31.540000 88.340000
59.940000 34.380000 88.340000
59.940000 37.220000 88.340000
59.940000 -2.540000 91.180000
59.940000 0.300000 91.180000
59.940000 3.140000 91.180000
59.940000 5.980000 91.180000
59.940000 8.820000 91.180000
59.940000 11.660000 91.180000
59.940000 14.500000 91.180000
59.940000 17.340000 91.180000
59.940000 20.180000 91.180000
59.940000 23.020000 91.180000
59.940000 25.860000 91.180000
59.940000 28.700000 91.180000
59.940000 31.540000 91.180000
59.940000 34.380000 91.180000
59.940000 37.220000 91.180000
59.940000 -2.540000 94.020000
59.940000 0.300000 94.020000
59.940000 3.140000 94.020000
59.940000 5.980000 94.020000
59.940000 8.820000 94.020000
59.940000 11.660000 94.020000
59.940000 14.500000 94.020000
59.940000 17.340000 94.020000
59.940000 20.180000 94.020000
59.940000 23.020000 94.020000
59.940000 25.860000 94.020000
59.940000 28.700000 94.020000
59.940000 31.540000 94.020000
59.940000 34.380000 94.020000
59.940000 37.220000 94.020000
59.940000 -2.540000 96.860000
59.940000 0.300000 96.860000
59.940000 3.140000 96.860000
59.940000 5.980000 96.860000
59.940000 8.820000 96.860000
59.940000 11.660000 96.860000
59.940000 14.500000 96.860000
59.940000 17.340000 96.860000
59.940000 20.180000 96.860000
59.940000 23.020000 96.860000
59.940000 25.860000 96.860000
59.940000 28.700000 96.860000
59.940000 31.540000 96.860000
59.940000 34.380000 96.860000
59.940000 37.220000 96.860000
59.940000 -2.540000 99.700000
59.940000 0.300000 99.700000
59.940000 3.140000 99.700000
59.940000 5.980000 99.700000
59.940000 8.820000 99.700000
59.940000 11.660000 99.700000
59.940000 14.500000 99.700000
59.940000 17.340000 99.700000
59.940000 20.180000 99.700000
59.940000 23.020000 99.700000
59.940000 25.860000 99.700000
59.940000 28.700000 99.700000
59.940000 31.540000 99.700000
59.940000 34.380000 99.700000
59.940000 37.220000 99.700000
59.940000 -2.540000 102.540000
59.940000 0.300000 102.540000
59.940000 3.140000 102.540000
59.940000 5.980000 102.540000
59.940000 8.820000 102.540000
59.940000 11.660000 102.540000
59.940000 14.500000 102.540000
59.940000 17.340000 102.540000
59.940000 20.180000 102.540000
59.940000 23.020000 102.540000
59.940000 25.860000 102.540000
59.940000 28.700000 102.540000
59.940000 31.540000 102.540000
59.940000 34.380000 102.540000
59.940000 37.220000 102.540000
59.940000 -2.540000 105.380000
59.940000 0.300000 105.380000
59.940000 3.140000 105.380000
59.940000 5.980000 105.380000
59.940000 8.820000 105.380000
59.940000 11.660000 105.380000
59.940000 14.500000 105.380000
59.940000 17.340000 105.380000
59.940000 20.180000 105.380000
59.940000 23.020000 105.380000
59.940000 25.860000 105.380000
59.940000 28.700000 105.380000
59.940000 31.540000 105.380000
59.940000 34.380000 105.380000
59.940000 37.220000 105.380000
