-153.060000 -2.540000 11.660000
-153.060000 0.300000 11.660000
-153.060000 3.140000 11.660000
-153.060000 5.980000 11.660000
-153.060000 8.820000 11.660000
-153.060000 11.660000 11.660000
-153.060000 14.500000 11.660000
-153.060000 17.340000 11.660000
-153.060000 20.180000 11.660000
-153.060000 23.020000 11.660000
-153.060000 25.860000 11.660000
-153.060000 28.700000 11.660000
-153.060000 31.540000 11.660000
-153.060000 34.380000 11.660000
-153.060000 37.220000 11.660000
-153.060000 -2.540000 14.500000
-153.060000 0.300000 14.500000
-153.060000 3.140000 14.500000
-153.060000 5.980000 14.500000
-153.060000 8.820000 14.500000
-153.060000 11.660000 14.500000
-153.060000 14.500000 14.500000
-153.060000 17.340000 14.500000
-153.060000 20.180000 14.500000
-153.060000 23.020000 14.500000
-153.060000 25.860000 14.500000
-153.060000 28.700000 14.500000
-153.060000 31.540000 14.500000
-153.060000 34.380000 14.500000
-153.060000 37.220000 14.500000
-153.060000 -2.540000 17.340000
-153.060000 0.300000 17.340000
-153.060000 3.140000 17.340000
-153.060000 5.980000 17.340000
-153.060000 8.820000 17.340000
-153.060000 11.660000 17.340000
-153.060000 14.500000 17.340000
-153.060000 17.340000 17.340000
-153.060000 20.180000 17.340000
-153.060000 23.020000 17.340000
-153.060000 25.860000 17.340000
-153.060000 28.700000 17.340000
-153.060000 31.540000 17.340000
-153.060000 34.380000 17.340000
-153.060000 37.220000 17.340000
-150.220000 -2.540000 11.660000
-150.220000 0.300000 11.660000
-150.220000 3.140000 11.660000
-150.220000 5.980000 11.660000
-150.220000 8.820000 11.660000
-150.220000 11.660000 11.660000
-150.220000 14.500000 11.660000
-150.220000 17.340000 11.660000
-150.220000 20.180000 11.660000
-150.220000 23.020000 11.660000
-150.220000 25.860000 11.660000
-150.220000 28.700000 11.660000
-150.220000 31.540000 11.660000
-150.220000 34.380000 11.660000
-150.220000 37.220000 11.660000
-150.220000 -2.540000 14.500000
-150.220000 0.300000 14.500000
-150.220000 3.140000 14.500000
-150.220000 5.980000 14.500000
-150.220000 8.820000 14.500000
-150.220000 11.660000 14.500000
-150.220000 14.500000 14.500000
-150.220000 17.340000 14.500000
-150.220000 20.180000 14.500000
-150.220000 23.020000 14.500000
-150.220000 25.860000 14.500000
-150.220000 28.700000 14.500000
-150.220000 31.540000 14.500000
-150.220000 34.380000 14.500000
-150.220000 37.220000 14.500000
-150.220000 -2.540000 17.340000
-150.220000 0.300000 17.340000
-150.220000 3.140000 17.340000
-150.220000 5.980000 17.340000
-150.220000 8.820000 17.340000
-150.220000 11.660000 17.340000
-150.220000 14.500000 17.340000
-150.220000 17.340000 17.340000
-150.220000 20.180000 17.340000
-150.220000 23.020000 17.340000
-150.220000 25.860000 17.340000
-150.220000 28.700000 17.340000
-150.220000 31.540000 17.340000
-150.220000 34.380000 17.340000
-150.220000 37.220000 17.340000
-147.380000 -2.540000 11.660000
-147.380000 0.300000 11.660000
-147.380000 3.140000 11.660000
-147.380000 5.980000 11.660000
-147.380000 8.820000 11.660000
-147.380000 11.660000 11.660000
-147.380000 14.500000 11.660000
-147.380000 17.340000 11.660000
-147.380000 20.180000 11.660000
-147.380000 23.020000 11.660000
-147.380000 25.860000 11.660000
-147.380000 28.700000 11.660000
-147.380000 31.540000 11.660000
-147.380000 34.380000 11.660000
-147.380000 37.220000 11.660000
-147.380000 -2.540000 14.500000
-147.380000 0.300000 14.500000
-147.380000 3.140000 14.500000
-147.380000 5.980000 14.500000
-147.380000 8.820000 14.500000
-147.380000 11.660000 14.500000
-147.380000 14.500000 14.500000
-147.380000 17.340000 14.500000
-147.380000 20.180000 14.500000
-147.380000 23.020000 14.500000
-147.380000 25.860000 14.500000
-147.380000 28.700000 14.500000
-147.380000 31.540000 14.500000
-147.380000 34.380000 14.500000
-147.380000 37.220000 14.500000
-147.380000 -2.540000 17.340000
-147.380000 0.300000 17.340000
-147.380000 3.140000 17.340000
-147.380000 5.980000 17.340000
-147.380000 8.820000 17.340000
-147.380000 11.660000 17.340000
-147.380000 14.500000 17.340000
-147.380000 17.340000 17.340000
-147.380000 20.180000 17.340000
-147.380000 23.020000 17.340000
-147.380000 25.860000 17.340000
-147.380000 28.700000 17.340000
-147.380000 31.540000 17.340000
-147.380000 34.380000 17.340000
-147.380000 37.220000 17.340000
-144.540000 -2.540000 11.660000
-144.540000 0.300000 11.660000
-144.540000 3.140000 11.660000
-144.540000 5.980000 11.660000
-144.540000 8.820000 11.660000
-144.540000 11.660000 11.660000
-144.540000 14.500000 11.660000
-144.540000 17.340000 11.660000
-144.540000 20.180000 11.660000
-144.540000 23.020000 11.660000
-144.540000 25.860000 11.660000
-144.540000 28.700000 11.660000
-144.540000 31.540000 11.660000
-144.540000 34.380000 11.660000
-144.540000 37.220000 11.660000
-144.540000 -2.540000 14.500000
-144.540000 0.300000 14.500000
-144.540000 3.140000 14.500000
-144.540000 5.980000 14.500000
-144.540000 8.820000 14.500000
-144.540000 11.660000 14.500000
-144.540000 14.500000 14.500000
-144.540000 17.340000 14.500000
-144.540000 20.180000 14.500000
-144.540000 23.020000 14.500000
-144.540000 25.860000 14.500000
-144.540000 28.700000 14.500000
-144.540000 31.540000 14.500000
-144.540000 34.380000 14.500000
-144.540000 37.220000 14.500000
-144.540000 -2.540000 17.340000
-144.540000 0.300000 17.340000
-144.540000 3.140000 17.340000
-144.540000 5.980000 17.340000
-144.540000 8.820000 17.340000
-144.540000 11.660000 17.340000
-144.540000 14.500000 17.340000
-144.540000 17.340000 17.340000
-144.540000 20.180000 17.340000
-144.540000 23.020000 17.340000
-144.540000 25.860000 17.340000
-144.540000 28.700000 17.340000
-144.540000 31.540000 17.340000
-144.540000 34.380000 17.340000
-144.540000 37.220000 17.340000
-141.700000 -2.540000 11.660000
-141.700000 0.300000 11.660000
-141.700000 3.140000 11.660000
-141.700000 5.980000 11.660000
-141.700000 8.820000 11.660000
-141.700000 11.660000 11.660000
-141.700000 14.500000 11.660000
-141.700000 17.340000 11.660000
-141.700000 20.180000 11.660000
-141.700000 23.020000 11.660000
-141.700000 25.860000 11.660000
-141.700000 28.700000 11.660000
-141.700000 31.540000 11.660000
-141.700000 34.380000 11.660000
-141.700000 37.220000 11.660000
-141.700000 -2.540000 14.500000
-141.700000 0.300000 14.500000
-141.700000 3.140000 14.500000
-141.700000 5.980000 14.500000
-141.700000 8.820000 14.500000
-141.700000 11.660000 14.500000
-141.700000 14.500000 14.500000
-141.700000 17.340000 14.500000
-141.700000 20.180000 14.500000
-141.700000 23.020000 14.500000
-141.700000 25.860000 14.500000
-141.700000 28.700000 14.500000
-141.700000 31.540000 14.500000
-141.700000 34.380000 14.500000
-141.700000 37.220000 14.500000
-141.700000 -2.540000 17.340000
-141.700000 0.300000 17.340000
-141.700000 3.140000 17.340000
-141.700000 5.980000 17.340000
-141.700000 8.820000 17.340000
-141.700000 11.660000 17.340000
-141.700000 14.500000 17.340000
-141.700000 17.340000 17.340000
-141.700000 20.180000 17.340000
-141.700000 23.020000 17.340000
-141.700000 25.860000 17.340000
-141.700000 28.700000 17.340000
-141.700000 31.540000 17.340000
-141.700000 34.380000 17.340000
-141.700000 37.220000 17.340000
-138.860000 -2.540000 11.660000
-138.860000 0.300000 11.660000
-138.860000 3.140000 11.660000
-138.860000 5.980000 11.660000
-138.860000 8.820000 11.660000
-138.860000 11.660000 11.660000
-138.860000 14.500000 11.660000
-138.860000 17.340000 11.660000
-138.860000 20.180000 11.660000
-138.860000 23.020000 11.660000
-138.860000 25.860000 11.660000
-138.860000 28.700000 11.660000
-138.860000 31.540000 11.660000
-138.860000 34.380000 11.660000
-138.860000 37.220000 11.660000
-138.860000 -2.540000 14.500000
-138.860000 0.300000 14.500000
-138.860000 3.140000 14.500000
-138.860000 5.980000 14.500000
-138.860000 8.820000 14.500000
-138.860000 11.660000 14.500000
-138.860000 14.500000 14.500000
-138.860000 17.340000 14.500000
-138.860000 20.180000 14.500000
-138.860000 23.020000 14.500000
-138.860000 25.860000 14.500000
-138.860000 28.700000 14.500000
-138.860000 31.540000 14.500000
-138.860000 34.380000 14.500000
-138.860000 37.220000 14.500000
-138.860000 -2.540000 17.340000
-138.860000 0.300000 17.340000
-138.860000 3.140000 17.340000
-138.860000 5.980000 17.340000
-138.860000 8.820000 17.340000
-138.860000 11.660000 17.340000
-138.860000 14.500000 17.340000
-138.860000 17.340000 17.340000
-138.860000 20.180000 17.340000
-138.860000 23.020000 17.340000
-138.860000 25.860000 17.340000
-138.860000 28.700000 17.340000
-138.860000 31.540000 17.340000
-138.860000 34.380000 17.340000
-138.860000 37.220000 17.340000
-136.020000 -2.540000 11.660000
-136.020000 0.300000 11.660000
-136.020000 3.140000 11.660000
-136.020000 5.980000 11.660000
-136.020000 8.820000 11.660000
-136.020000 11.660000 11.660000
-136.020000 14.500000 11.660000
-136.020000 17.340000 11.660000
-136.020000 20.180000 11.660000
-136.020000 23.020000 11.660000
-136.020000 25.860000 11.660000
-136.020000 28.700000 11.660000
-136.020000 31.540000 11.660000
-136.020000 34.380000 11.660000
-136.020000 37.220000 11.660000
-136.020000 -2.540000 14.500000
-136.020000 0.300000 14.500000
-136.020000 3.140000 14.500000
-136.020000 5.980000 14.500000
-136.020000 8.820000 14.500000
-136.020000 11.660000 14.500000
-136.020000 14.500000 14.500000
-136.020000 17.340000 14.500000
-136.020000 20.180000 14.500000
-136.020000 23.020000 14.500000
-136.020000 25.860000 14.500000
-136.020000 28.700000 14.500000
-136.020000 31.540000 14.500000
-136.020000 34.380000 14.500000
-136.020000 37.220000 14.500000
-136.020000 -2.540000 17.340000
-136.020000 0.300000 17.340000
-136.020000 3.140000 17.340000
-136.020000 5.980000 17.340000
-136.020000 8.820000 17.340000
-136.020000 11.660000 17.340000
-136.020000 14.500000 17.340000
-136.020000 17.340000 17.340000
-136.020000 20.180000 17.340000
-136.020000 23.020000 17.340000
-136.020000 25.860000 17.340000
-136.020000 28.700000 17.340000
-136.020000 31.540000 17.340000
-136.020000 34.380000 17.340000
-136.020000 37.220000 17.340000
-133.180000 -2.540000 11.660000
-133.180000 0.300000 11.660000
-133.180000 3.140000 11.660000
-133.180000 5.980000 11.660000
-133.180000 8.820000 11.660000
-133.180000 11.660000 11.660000
-133.180000 14.500000 11.660000
-133.180000 17.340000 11.660000
-133.180000 20.180000 11.660000
-133.180000 23.020000 11.660000
-133.180000 25.860000 11.660000
-133.180000 28.700000 11.660000
-133.180000 31.540000 11.660000
-133.180000 34.380000 11.660000
-133.180000 37.220000 11.660000
-133.180000 -2.540000 14.500000
-133.180000 0.300000 14.500000
-133.180000 3.140000 14.500000
-133.180000 5.980000 14.500000
-133.180000 8.820000 14.500000
-133.180000 11.660000 14.500000
-133.180000 14.500000 14.500000
-133.180000 17.340000 14.500000
-133.180000 20.180000 14.500000
-133.180000 23.020000 14.500000
-133.180000 25.860000 14.500000
-133.180000 28.700000 14.500000
-133.180000 31.540000 14.500000
-133.180000 34.380000 14.500000
-133.180000 37.220000 14.500000
-133.180000 -2.540000 17.340000
-133.180000 0.300000 17.340000
-133.180000 3.140000 17.340000
-133.180000 5.980000 17.340000
-133.180000 8.820000 17.340000
-133.180000 11.660000 17.340000
-133.180000 14.500000 17.340000
-133.180000 17.340000 17.340000
-133.180000 20.180000 17.340000
-133.180000 23.020000 17.340000
-133.180000 25.860000 17.340000
-133.180000 28.700000 17.340000
-133.180000 31.540000 17.340000
-133.180000 34.380000 17.340000
-133.180000 37.220000 17.340000
-130.340000 -2.540000 11.660000
-130.340000 0.300000 11.660000
-130.340000 3.140000 11.660000
-130.340000 5.980000 11.660000
-130.340000 8.820000 11.660000
-130.340000 11.660000 11.660000
-130.340000 14.500000 11.660000
-130.340000 17.340000 11.660000
-130.340000 20.180000 11.660000
-130.340000 23.020000 11.660000
-130.340000 25.860000 11.660000
-130.340000 28.700000 11.660000
-130.340000 31.540000 11.660000
-130.340000 34.380000 11.660000
-130.340000 37.220000 11.660000
-130.340000 -2.540000 14.500000
-130.340000 0.300000 14.500000
-130.340000 3.140000 14.500000
-130.340000 5.980000 14.500000
-130.340000 8.820000 14.500000
-130.340000 11.660000 14.500000
-130.340000 14.500000 14.500000
-130.340000 17.340000 14.500000
-130.340000 20.180000 14.500000
-130.340000 23.020000 14.500000
-130.340000 25.860000 14.500000
-130.340000 28.700000 14.500000
-130.340000 31.540000 14.500000
-130.340000 34.380000 14.500000
-130.340000 37.220000 14.500000
-130.340000 -2.540000 17.340000
-130.340000 0.300000 17.340000
-130.340000 3.140000 17.340000
-130.340000 5.980000 17.340000
-130.340000 8.820000 17.340000
-130.340000 11.660000 17.340000
-130.340000 14.500000 17.340000
-130.340000 17.340000 17.340000
-130.340000 20.180000 17.340000
-130.340000 23.020000 17.340000
-130.340000 25.860000 17.340000
-130.340000 28.700000 17.340000
-130.340000 31.540000 17.340000
-130.340000 34.380000 17.340000
-130.340000 37.220000 17.340000
-127.500000 -2.540000 11.660000
-127.500000 0.300000 11.660000
-127.500000 3.140000 11.660000
-127.500000 5.980000 11.660000
-127.500000 8.820000 11.660000
-127.500000 11.660000 11.660000
-127.500000 14.500000 11.660000
-127.500000 17.340000 11.660000
-127.500000 20.180000 11.660000
-127.500000 23.020000 11.660000
-127.500000 25.860000 11.660000
-127.500000 28.700000 11.660000
-127.500000 31.540000 11.660000
-127.500000 34.380000 11.660000
-127.500000 37.220000 11.660000
-127.500000 -2.540000 14.500000
-127.500000 0.300000 14.500000
-127.500000 3.140000 14.500000
-127.500000 5.980000 14.500000
-127.500000 8.820000 14.500000
-127.500000 11.660000 14.500000
-127.500000 14.500000 14.500000
-127.500000 17.340000 14.500000
-127.500000 20.180000 14.500000
-127.500000 23.020000 14.500000
-127.500000 25.860000 14.500000
-127.500000 28.700000 14.500000
-127.500000 31.540000 14.500000
-127.500000 34.380000 14.500000
-127.500000 37.220000 14.500000
-127.500000 -2.540000 17.340000
-127.500000 0.300000 17.340000
-127.500000 3.140000 17.340000
-127.500000 5.980000 17.340000
-127.500000 8.820000 17.340000
-127.500000 11.660000 17.340000
-127.500000 14.500000 17.340000
-127.500000 17.340000 17.340000
-127.500000 20.180000 17.340000
-127.500000 23.020000 17.340000
-127.500000 25.860000 17.340000
-127.500000 28.700000 17.340000
-127.500000 31.540000 17.340000
-127.500000 34.380000 17.340000
-127.500000 37.220000 17.340000
-124.660000 -30.940000 11.660000
-124.660000 -28.100000 11.660000
-124.660000 -25.260000 11.660000
-124.660000 -22.420000 11.660000
-124.660000 -19.580000 11.660000
-124.660000 -16.740000 11.660000
-124.660000 -13.900000 11.660000
-124.660000 -11.060000 11.660000
-124.660000 -8.220000 11.660000
-124.660000 -5.380000 11.660000
-124.660000 -2.540000 11.660000
-124.660000 0.300000 11.660000
-124.660000 3.140000 11.660000
-124.660000 5.980000 11.660000
-124.660000 8.820000 11.660000
-124.660000 11.660000 11.660000
-124.660000 14.500000 11.660000
-124.660000 17.340000 11.660000
-124.660000 20.180000 11.660000
-124.660000 23.020000 11.660000
-124.660000 25.860000 11.660000
-124.660000 28.700000 11.660000
-124.660000 31.540000 11.660000
-124.660000 34.380000 11.660000
-124.660000 37.220000 11.660000
-124.660000 40.060000 11.660000
-124.660000 42.900000 11.660000
-124.660000 45.740000 11.660000
-124.660000 48.580000 11.660000
-124.660000 51.420000 11.660000
-124.660000 54.260000 11.660000
-124.660000 57.100000 11.660000
-124.660000 59.940000 11.660000
-124.660000 62.780000 11.660000
-124.660000 65.620000 11.660000
-124.660000 -30.940000 14.500000
-124.660000 -28.100000 14.500000
-124.660000 -25.260000 14.500000
-124.660000 -22.420000 14.500000
-124.660000 -19.580000 14.500000
-124.660000 -16.740000 14.500000
-124.660000 -13.900000 14.500000
-124.660000 -11.060000 14.500000
-124.660000 -8.220000 14.500000
-124.660000 -5.380000 14.500000
-124.660000 -2.540000 14.500000
-124.660000 0.300000 14.500000
-124.660000 3.140000 14.500000
-124.660000 5.980000 14.500000
-124.660000 8.820000 14.500000
-124.660000 11.660000 14.500000
-124.660000 14.500000 14.500000
-124.660000 17.340000 14.500000
-124.660000 20.180000 14.500000
-124.660000 23.020000 14.500000
-124.660000 25.860000 14.500000
-124.660000 28.700000 14.500000
-124.660000 31.540000 14.500000
-124.660000 34.380000 14.500000
-124.660000 37.220000 14.500000
-124.660000 40.060000 14.500000
-124.660000 42.900000 14.500000
-124.660000 45.740000 14.500000
-124.660000 48.580000 14.500000
-124.660000 51.420000 14.500000
-124.660000 54.260000 14.500000
-124.660000 57.100000 14.500000
-124.660000 59.940000 14.500000
-124.660000 62.780000 14.500000
-124.660000 65.620000 14.500000
-124.660000 -30.940000 17.340000
-124.660000 -28.100000 17.340000
-124.660000 -25.260000 17.340000
-124.660000 -22.420000 17.340000
-124.660000 -19.580000 17.340000
-124.660000 -16.740000 17.340000
-124.660000 -13.900000 17.340000
-124.660000 -11.060000 17.340000
-124.660000 -8.220000 17.340000
-124.660000 -5.380000 17.340000
-124.660000 -2.540000 17.340000
-124.660000 0.300000 17.340000
-124.660000 3.140000 17.340000
-124.660000 5.980000 17.340000
-124.660000 8.820000 17.340000
-124.660000 11.660000 17.340000
-124.660000 14.500000 17.340000
-124.660000 17.340000 17.340000
-124.660000 20.180000 17.340000
-124.660000 23.020000 17.340000
-124.660000 25.860000 17.340000
-124.660000 28.700000 17.340000
-124.660000 31.540000 17.340000
-124.660000 34.380000 17.340000
-124.660000 37.220000 17.340000
-124.660000 40.060000 17.340000
-124.660000 42.900000 17.340000
-124.660000 45.740000 17.340000
-124.660000 48.580000 17.340000
-124.660000 51.420000 17.340000
-124.660000 54.260000 17.340000
-124.660000 57.100000 17.340000
-124.660000 59.940000 17.340000
-124.660000 62.780000 17.340000
-124.660000 65.620000 17.340000
-121.820000 -30.940000 11.660000
-121.820000 -28.100000 11.660000
-121.820000 -25.260000 11.660000
-121.820000 -22.420000 11.660000
-121.820000 -19.580000 11.660000
-121.820000 -16.740000 11.660000
-121.820000 -13.900000 11.660000
-121.820000 -11.060000 11.660000
-121.820000 -8.220000 11.660000
-121.820000 -5.380000 11.660000
-121.820000 -2.540000 11.660000
-121.820000 0.300000 11.660000
-121.820000 3.140000 11.660000
-121.820000 5.980000 11.660000
-121.820000 8.820000 11.660000
-121.820000 11.660000 11.660000
-121.820000 14.500000 11.660000
-121.820000 17.340000 11.660000
-121.820000 20.180000 11.660000
-121.820000 23.020000 11.660000
-121.820000 25.860000 11.660000
-121.820000 28.700000 11.660000
-121.820000 31.540000 11.660000
-121.820000 34.380000 11.660000
-121.820000 37.220000 11.660000
-121.820000 40.060000 11.660000
-121.820000 42.900000 11.660000
-121.820000 45.740000 11.660000
-121.820000 48.580000 11.660000
-121.820000 51.420000 11.660000
-121.820000 54.260000 11.660000
-121.820000 57.100000 11.660000
-121.820000 59.940000 11.660000
-121.820000 62.780000 11.660000
-121.820000 65.620000 11.660000
-121.820000 -30.940000 14.500000
-121.820000 -28.100000 14.500000
-121.820000 -25.260000 14.500000
-121.820000 -22.420000 14.500000
-121.820000 -19.580000 14.500000
-121.820000 -16.740000 14.500000
-121.820000 -13.900000 14.500000
-121.820000 -11.060000 14.500000
-121.820000 -8.220000 14.500000
-121.820000 -5.380000 14.500000
-121.820000 -2.540000 14.500000
-121.820000 0.300000 14.500000
-121.820000 3.140000 14.500000
-121.820000 5.980000 14.500000
-121.820000 8.820000 14.500000
-121.820000 11.660000 14.500000
-121.820000 14.500000 14.500000
-121.820000 17.340000 14.500000
-121.820000 20.180000 14.500000
-121.820000 23.020000 14.500000
-121.820000 25.860000 14.500000
-121.820000 28.700000 14.500000
-121.820000 31.540000 14.500000
-121.820000 34.380000 14.500000
-121.820000 37.220000 14.500000
-121.820000 40.060000 14.500000
-121.820000 42.900000 14.500000
-121.820000 45.740000 14.500000
-121.820000 48.580000 14.500000
-121.820000 51.420000 14.500000
-121.820000 54.260000 14.500000
-121.820000 57.100000 14.500000
-121.820000 59.940000 14.500000
-121.820000 62.780000 14.500000
-121.820000 65.620000 14.500000
-121.820000 -30.940000 17.340000
-121.820000 -28.100000 17.340000
-121.820000 -25.260000 17.340000
-121.820000 -22.420000 17.340000
-121.820000 -19.580000 17.340000
-121.820000 -16.740000 17.340000
-121.820000 -13.900000 17.340000
-121.820000 -11.060000 17.340000
-121.820000 -8.220000 17.340000
-121.820000 -5.380000 17.340000
-121.820000 -2.540000 17.340000
-121.820000 0.300000 17.340000
-121.820000 3.140000 17.340000
-121.820000 5.980000 17.340000
-121.820000 8.820000 17.340000
-121.820000 11.660000 17.340000
-121.820000 14.500000 17.340000
-121.820000 17.340000 17.340000
-121.820000 20.180000 17.340000
-121.820000 23.020000 17.340000
-121.820000 25.860000 17.340000
-121.820000 28.700000 17.340000
-121.820000 31.540000 17.340000
-121.820000 34.380000 17.340000
-121.820000 37.220000 17.340000
-121.820000 40.060000 17.340000
-121.820000 42.900000 17.340000
-121.820000 45.740000 17.340000
-121.820000 48.580000 17.340000
-121.820000 51.420000 17.340000
-121.820000 54.260000 17.340000
-121.820000 57.100000 17.340000
-121.820000 59.940000 17.340000
-121.820000 62.780000 17.340000
-121.820000 65.620000 17.340000
-118.980000 -30.940000 11.660000
-118.980000 -28.100000 11.660000
-118.980000 -25.260000 11.660000
-118.980000 -22.420000 11.660000
-118.980000 -19.580000 11.660000
-118.980000 -16.740000 11.660000
-118.980000 -13.900000 11.660000
-118.980000 -11.060000 11.660000
-118.980000 -8.220000 11.660000
-118.980000 -5.380000 11.660000
-118.980000 -2.540000 11.660000
-118.980000 0.300000 11.660000
-118.980000 3.140000 11.660000
-118.980000 5.980000 11.660000
-118.980000 8.820000 11.660000
-118.980000 11.660000 11.660000
-118.980000 14.500000 11.660000
-118.980000 17.340000 11.660000
-118.980000 20.180000 11.660000
-118.980000 23.020000 11.660000
-118.980000 25.860000 11.660000
-118.980000 28.700000 11.660000
-118.980000 31.540000 11.660000
-118.980000 34.380000 11.660000
-118.980000 37.220000 11.660000
-118.980000 40.060000 11.660000
-118.980000 42.900000 11.660000
-118.980000 45.740000 11.660000
-118.980000 48.580000 11.660000
-118.980000 51.420000 11.660000
-118.980000 54.260000 11.660000
-118.980000 57.100000 11.660000
-118.980000 59.940000 11.660000
-118.980000 62.780000 11.660000
-118.980000 65.620000 11.660000
-118.980000 -30.940000 14.500000
-118.980000 -28.100000 14.500000
-118.980000 -25.260000 14.500000
-118.980000 -22.420000 14.500000
-118.980000 -19.580000 14.500000
-118.980000 -16.740000 14.500000
-118.980000 -13.900000 14.500000
-118.980000 -11.060000 14.500000
-118.980000 -8.220000 14.500000
-118.980000 -5.380000 14.500000
-118.980000 -2.540000 14.500000
-118.980000 0.300000 14.500000
-118.980000 3.140000 14.500000
-118.980000 5.980000 14.500000
-118.980000 8.820000 14.500000
-118.980000 11.660000 14.500000
-118.980000 14.500000 14.500000
-118.980000 17.340000 14.500000
-118.980000 20.180000 14.500000
-118.980000 23.020000 14.500000
-118.980000 25.860000 14.500000
-118.980000 28.700000 14.500000
-118.980000 31.540000 14.500000
-118.980000 34.380000 14.500000
-118.980000 37.220000 14.500000
-118.980000 40.060000 14.500000
-118.980000 42.900000 14.500000
-118.980000 45.740000 14.500000
-118.980000 48.580000 14.500000
-118.980000 51.420000 14.500000
-118.980000 54.260000 14.500000
-118.980000 57.100000 14.500000
-118.980000 59.940000 14.500000
-118.980000 62.780000 14.500000
-118.980000 65.620000 14.500000
-118.980000 -30.940000 17.340000
-118.980000 -28.100000 17.340000
-118.980000 -25.260000 17.340000
-118.980000 -22.420000 17.340000
-118.980000 -19.580000 17.340000
-118.980000 -16.740000 17.340000
-118.980000 -13.900000 17.340000
-118.980000 -11.060000 17.340000
-118.980000 -8.220000 17.340000
-118.980000 -5.380000 17.340000
-118.980000 -2.540000 17.340000
-118.980000 0.300000 17.340000
-118.980000 3.140000 17.340000
-118.980000 5.980000 17.340000
-118.980000 8.820000 17.340000
-118.980000 11.660000 17.340000
-118.980000 14.500000 17.340000
-118.980000 17.340000 17.340000
-118.980000 20.180000 17.340000
-118.980000 23.020000 17.340000
-118.980000 25.860000 17.340000
-118.980000 28.700000 17.340000
-118.980000 31.540000 17.340000
-118.980000 34.380000 17.340000
-118.980000 37.220000 17.340000
-118.980000 40.060000 17.340000
-118.980000 42.900000 17.340000
-118.980000 45.740000 17.340000
-118.980000 48.580000 17.340000
-118.980000 51.420000 17.340000
-118.980000 54.260000 17.340000
-118.980000 57.100000 17.340000
-118.980000 59.940000 17.340000
-118.980000 62.780000 17.340000
-118.980000 65.620000 17.340000
-116.140000 -30.940000 11.660000
-116.140000 -28.100000 11.660000
-116.140000 -25.260000 11.660000
-116.140000 -22.420000 11.660000
-116.140000 -19.580000 11.660000
-116.140000 -16.740000 11.660000
-116.140000 -13.900000 11.660000
-116.140000 -11.060000 11.660000
-116.140000 -8.220000 11.660000
-116.140000 -5.380000 11.660000
-116.140000 -2.540000 11.660000
-116.140000 0.300000 11.660000
-116.140000 3.140000 11.660000
-116.140000 5.980000 11.660000
-116.140000 8.820000 11.660000
-116.140000 11.660000 11.660000
-116.140000 14.500000 11.660000
-116.140000 17.340000 11.660000
-116.140000 20.180000 11.660000
-116.140000 23.020000 11.660000
-116.140000 25.860000 11.660000
-116.140000 28.700000 11.660000
-116.140000 31.540000 11.660000
-116.140000 34.380000 11.660000
-116.140000 37.220000 11.660000
-116.140000 40.060000 11.660000
-116.140000 42.900000 11.660000
-116.140000 45.740000 11.660000
-116.140000 48.580000 11.660000
-116.140000 51.420000 11.660000
-116.140000 54.260000 11.660000
-116.140000 57.100000 11.660000
-116.140000 59.940000 11.660000
-116.140000 62.780000 11.660000
-116.140000 65.620000 11.660000
-116.140000 -30.940000 14.500000
-116.140000 -28.100000 14.500000
-116.140000 -25.260000 14.500000
-116.140000 -22.420000 14.500000
-116.140000 -19.580000 14.500000
-116.140000 -16.740000 14.500000
-116.140000 -13.900000 14.500000
-116.140000 -11.060000 14.500000
-116.140000 -8.220000 14.500000
-116.140000 -5.380000 14.500000
-116.140000 -2.540000 14.500000
-116.140000 0.300000 14.500000
-116.140000 3.140000 14.500000
-116.140000 5.980000 14.500000
-116.140000 8.820000 14.500000
-116.140000 11.660000 14.500000
-116.140000 14.500000 14.500000
-116.140000 17.340000 14.500000
-116.140000 20.180000 14.500000
-116.140000 23.020000 14.500000
-116.140000 25.860000 14.500000
-116.140000 28.700000 14.500000
-116.140000 31.540000 14.500000
-116.140000 34.380000 14.500000
-116.140000 37.220000 14.500000
-116.140000 40.060000 14.500000
-116.140000 42.900000 14.500000
-116.140000 45.740000 14.500000
-116.140000 48.580000 14.500000
-116.140000 51.420000 14.500000
-116.140000 54.260000 14.500000
-116.140000 57.100000 14.500000
-116.140000 59.940000 14.500000
-116.140000 62.780000 14.500000
-116.140000 65.620000 14.500000
-116.140000 -30.940000 17.340000
-116.140000 -28.100000 17.340000
-116.140000 -25.260000 17.340000
-116.140000 -22.420000 17.340000
-116.140000 -19.580000 17.340000
-116.140000 -16.740000 17.340000
-116.140000 -13.900000 17.340000
-116.140000 -11.060000 17.340000
-116.140000 -8.220000 17.340000
-116.140000 -5.380000 17.340000
-116.140000 -2.540000 17.340000
-116.140000 0.300000 17.340000
-116.140000 3.140000 17.340000
-116.140000 5.980000 17.340000
-116.140000 8.820000 17.340000
-116.140000 11.660000 17.340000
-116.140000 14.500000 17.340000
-116.140000 17.340000 17.340000
-116.140000 20.180000 17.340000
-116.140000 23.020000 17.340000
-116.140000 25.860000 17.340000
-116.140000 28.700000 17.340000
-116.140000 31.540000 17.340000
-116.140000 34.380000 17.340000
-116.140000 37.220000 17.340000
-116.140000 40.060000 17.340000
-116.140000 42.900000 17.340000
-116.140000 45.740000 17.340000
-116.140000 48.580000 17.340000
-116.140000 51.420000 17.340000
-116.140000 54.260000 17.340000
-116.140000 57.100000 17.340000
-116.140000 59.940000 17.340000
-116.140000 62.780000 17.340000
-116.140000 65.620000 17.340000
-113.300000 -30.940000 11.660000
-113.300000 -28.100000 11.660000
-113.300000 -25.260000 11.660000
-113.300000 -22.420000 11.660000
-113.300000 -19.580000 11.660000
-113.300000 -16.740000 11.660000
-113.300000 -13.900000 11.660000
-113.300000 -11.060000 11.660000
-113.300000 -8.220000 11.660000
-113.300000 -5.380000 11.660000
-113.300000 -2.540000 11.660000
-113.300000 0.300000 11.660000
-113.300000 3.140000 11.660000
-113.300000 5.980000 11.660000
-113.300000 8.820000 11.660000
-113.300000 11.660000 11.660000
-113.300000 14.500000 11.660000
-113.300000 17.340000 11.660000
-113.300000 20.180000 11.660000
-113.300000 23.020000 11.660000
-113.300000 25.860000 11.660000
-113.300000 28.700000 11.660000
-113.300000 31.540000 11.660000
-113.300000 34.380000 11.660000
-113.300000 37.220000 11.660000
-113.300000 40.060000 11.660000
-113.300000 42.900000 11.660000
-113.300000 45.740000 11.660000
-113.300000 48.580000 11.660000
-113.300000 51.420000 11.660000
-113.300000 54.260000 11.660000
-113.300000 57.100000 11.660000
-113.300000 59.940000 11.660000
-113.300000 62.780000 11.660000
-113.300000 65.620000 11.660000
-113.300000 -30.940000 14.500000
-113.300000 -28.100000 14.500000
-113.300000 -25.260000 14.500000
-113.300000 -22.420000 14.500000
-113.300000 -19.580000 14.500000
-113.300000 -16.740000 14.500000
-113.300000 -13.900000 14.500000
-113.300000 -11.060000 14.500000
-113.300000 -8.220000 14.500000
-113.300000 -5.380000 14.500000
-113.300000 -2.540000 14.500000
-113.300000 0.300000 14.500000
-113.300000 3.140000 14.500000
-113.300000 5.980000 14.500000
-113.300000 8.820000 14.500000
-113.300000 11.660000 14.500000
-113.300000 14.500000 14.500000
-113.300000 17.340000 14.500000
-113.300000 20.180000 14.500000
-113.300000 23.020000 14.500000
-113.300000 25.860000 14.500000
-113.300000 28.700000 14.500000
-113.300000 31.540000 14.500000
-113.300000 34.380000 14.500000
-113.300000 37.220000 14.500000
-113.300000 40.060000 14.500000
-113.300000 42.900000 14.500000
-113.300000 45.740000 14.500000
-113.300000 48.580000 14.500000
-113.300000 51.420000 14.500000
-113.300000 54.260000 14.500000
-113.300000 57.100000 14.500000
-113.300000 59.940000 14.500000
-113.300000 62.780000 14.500000
-113.300000 65.620000 14.500000
-113.300000 -30.940000 17.340000
-113.300000 -28.100000 17.340000
-113.300000 -25.260000 17.340000
-113.300000 -22.420000 17.340000
-113.300000 -19.580000 17.340000
-113.300000 -16.740000 17.340000
-113.300000 -13.900000 17.340000
-113.300000 -11.060000 17.340000
-113.300000 -8.220000 17.340000
-113.300000 -5.380000 17.340000
-113.300000 -2.540000 17.340000
-113.300000 0.300000 17.340000
-113.300000 3.140000 17.340000
-113.300000 5.980000 17.340000
-113.300000 8.820000 17.340000
-113.300000 11.660000 17.340000
-113.300000 14.500000 17.340000
-113.300000 17.340000 17.340000
-113.300000 20.180000 17.340000
-113.300000 23.020000 17.340000
-113.300000 25.860000 17.340000
-113.300000 28.700000 17.340000
-113.300000 31.540000 17.340000
-113.300000 34.380000 17.340000
-113.300000 37.220000 17.340000
-113.300000 40.060000 17.340000
-113.300000 42.900000 17.340000
-113.300000 45.740000 17.340000
-113.300000 48.580000 17.340000
-113.300000 51.420000 17.340000
-113.300000 54.260000 17.340000
-113.300000 57.100000 17.340000
-113.300000 59.940000 17.340000
-113.300000 62.780000 17.340000
-113.300000 65.620000 17.340000
-110.460000 -30.940000 11.660000
-110.460000 -28.100000 11.660000
-110.460000 -25.260000 11.660000
-110.460000 -22.420000 11.660000
-110.460000 -19.580000 11.660000
-110.460000 -16.740000 11.660000
-110.460000 -13.900000 11.660000
-110.460000 -11.060000 11.660000
-110.460000 -8.220000 11.660000
-110.460000 -5.380000 11.660000
-110.460000 -2.540000 11.660000
-110.460000 0.300000 11.660000
-110.460000 3.140000 11.660000
-110.460000 5.980000 11.660000
-110.460000 8.820000 11.660000
-110.460000 11.660000 11.660000
-110.460000 14.500000 11.660000
-110.460000 17.340000 11.660000
-110.460000 20.180000 11.660000
-110.460000 23.020000 11.660000
-110.460000 25.860000 11.660000
-110.460000 28.700000 11.660000
-110.460000 31.540000 11.660000
-110.460000 34.380000 11.660000
-110.460000 37.220000 11.660000
-110.460000 40.060000 11.660000
-110.460000 42.900000 11.660000
-110.460000 45.740000 11.660000
-110.460000 48.580000 11.660000
-110.460000 51.420000 11.660000
-110.460000 54.260000 11.660000
-110.460000 57.100000 11.660000
-110.460000 59.940000 11.660000
-110.460000 62.780000 11.660000
-110.460000 65.620000 11.660000
-110.460000 -30.940000 14.500000
-110.460000 -28.100000 14.500000
-110.460000 -25.260000 14.500000
-110.460000 -22.420000 14.500000
-110.460000 -19.580000 14.500000
-110.460000 -16.740000 14.500000
-110.460000 -13.900000 14.500000
-110.460000 -11.060000 14.500000
-110.460000 -8.220000 14.500000
-110.460000 -5.380000 14.500000
-110.460000 -2.540000 14.500000
-110.460000 0.300000 14.500000
-110.460000 3.140000 14.500000
-110.460000 5.980000 14.500000
-110.460000 8.820000 14.500000
-110.460000 11.660000 14.500000
-110.460000 14.500000 14.500000
-110.460000 17.340000 14.500000
-110.460000 20.180000 14.500000
-110.460000 23.020000 14.500000
-110.460000 25.860000 14.500000
-110.460000 28.700000 14.500000
-110.460000 31.540000 14.500000
-110.460000 34.380000 14.500000
-110.460000 37.220000 14.500000
-110.460000 40.060000 14.500000
-110.460000 42.900000 14.500000
-110.460000 45.740000 14.500000
-110.460000 48.580000 14.500000
-110.460000 51.420000 14.500000
-110.460000 54.260000 14.500000
-110.460000 57.100000 14.500000
-110.460000 59.940000 14.500000
-110.460000 62.780000 14.500000
-110.460000 65.620000 14.500000
-110.460000 -30.940000 17.340000
-110.460000 -28.100000 17.340000
-110.460000 -25.260000 17.340000
-110.460000 -22.420000 17.340000
-110.460000 -19.580000 17.340000
-110.460000 -16.740000 17.340000
-110.460000 -13.900000 17.340000
-110.460000 -11.060000 17.340000
-110.460000 -8.220000 17.340000
-110.460000 -5.380000 17.340000
-110.460000 -2.540000 17.340000
-110.460000 0.300000 17.340000
-110.460000 3.140000 17.340000
-110.460000 5.980000 17.340000
-110.460000 8.820000 17.340000
-110.460000 11.660000 17.340000
-110.460000 14.500000 17.340000
-110.460000 17.340000 17.340000
-110.460000 20.180000 17.340000
-110.460000 23.020000 17.340000
-110.460000 25.860000 17.340000
-110.460000 28.700000 17.340000
-110.460000 31.540000 17.340000
-110.460000 34.380000 17.340000
-110.460000 37.220000 17.340000
-110.460000 40.060000 17.340000
-110.460000 42.900000 17.340000
-110.460000 45.740000 17.340000
-110.460000 48.580000 17.340000
-110.460000 51.420000 17.340000
-110.460000 54.260000 17.340000
-110.460000 57.100000 17.340000
-110.460000 59.940000 17.340000
-110.460000 62.780000 17.340000
-110.460000 65.620000 17.340000
-107.620000 -30.940000 11.660000
-107.620000 -28.100000 11.660000
-107.620000 -25.260000 11.660000
-107.620000 -22.420000 11.660000
-107.620000 -19.580000 11.660000
-107.620000 -16.740000 11.660000
-107.620000 -13.900000 11.660000
-107.620000 -11.060000 11.660000
-107.620000 -8.220000 11.660000
-107.620000 -5.380000 11.660000
-107.620000 -2.540000 11.660000
-107.620000 0.300000 11.660000
-107.620000 3.140000 11.660000
-107.620000 5.980000 11.660000
-107.620000 8.820000 11.660000
-107.620000 11.660000 11.660000
-107.620000 14.500000 11.660000
-107.620000 17.340000 11.660000
-107.620000 20.180000 11.660000
-107.620000 23.020000 11.660000
-107.620000 25.860000 11.660000
-107.620000 28.700000 11.660000
-107.620000 31.540000 11.660000
-107.620000 34.380000 11.660000
-107.620000 37.220000 11.660000
-107.620000 40.060000 11.660000
-107.620000 42.900000 11.660000
-107.620000 45.740000 11.660000
-107.620000 48.580000 11.660000
-107.620000 51.420000 11.660000
-107.620000 54.260000 11.660000
-107.620000 57.100000 11.660000
-107.620000 59.940000 11.660000
-107.620000 62.780000 11.660000
-107.620000 65.620000 11.660000
-107.620000 -30.940000 14.500000
-107.620000 -28.100000 14.500000
-107.620000 -25.260000 14.500000
-107.620000 -22.420000 14.500000
-107.620000 -19.580000 14.500000
-107.620000 -16.740000 14.500000
-107.620000 -13.900000 14.500000
-107.620000 -11.060000 14.500000
-107.620000 -8.220000 14.500000
-107.620000 -5.380000 14.500000
-107.620000 -2.540000 14.500000
-107.620000 0.300000 14.500000
-107.620000 3.140000 14.500000
-107.620000 5.980000 14.500000
-107.620000 8.820000 14.500000
-107.620000 11.660000 14.500000
-107.620000 14.500000 14.500000
-107.620000 17.340000 14.500000
-107.620000 20.180000 14.500000
-107.620000 23.020000 14.500000
-107.620000 25.860000 14.500000
-107.620000 28.700000 14.500000
-107.620000 31.540000 14.500000
-107.620000 34.380000 14.500000
-107.620000 37.220000 14.500000
-107.620000 40.060000 14.500000
-107.620000 42.900000 14.500000
-107.620000 45.740000 14.500000
-107.620000 48.580000 14.500000
-107.620000 51.420000 14.500000
-107.620000 54.260000 14.500000
-107.620000 57.100000 14.500000
-107.620000 59.940000 14.500000
-107.620000 62.780000 14.500000
-107.620000 65.620000 14.500000
-107.620000 -30.940000 17.340000
-107.620000 -28.100000 17.340000
-107.620000 -25.260000 17.340000
-107.620000 -22.420000 17.340000
-107.620000 -19.580000 17.340000
-107.620000 -16.740000 17.340000
-107.620000 -13.900000 17.340000
-107.620000 -11.060000 17.340000
-107.620000 -8.220000 17.340000
-107.620000 -5.380000 17.340000
-107.620000 -2.540000 17.340000
-107.620000 0.300000 17.340000
-107.620000 3.140000 17.340000
-107.620000 5.980000 17.340000
-107.620000 8.820000 17.340000
-107.620000 11.660000 17.340000
-107.620000 14.500000 17.340000
-107.620000 17.340000 17.340000
-107.620000 20.180000 17.340000
-107.620000 23.020000 17.340000
-107.620000 25.860000 17.340000
-107.620000 28.700000 17.340000
-107.620000 31.540000 17.340000
-107.620000 34.380000 17.340000
-107.620000 37.220000 17.340000
-107.620000 40.060000 17.340000
-107.620000 42.900000 17.340000
-107.620000 45.740000 17.340000
-107.620000 48.580000 17.340000
-107.620000 51.420000 17.340000
-107.620000 54.260000 17.340000
-107.620000 57.100000 17.340000
-107.620000 59.940000 17.340000
-107.620000 62.780000 17.340000
-107.620000 65.620000 17.340000
-104.780000 -30.940000 11.660000
-104.780000 -28.100000 11.660000
-104.780000 -25.260000 11.660000
-104.780000 -22.420000 11.660000
-104.780000 -19.580000 11.660000
-104.780000 -16.740000 11.660000
-104.780000 -13.900000 11.660000
-104.780000 -11.060000 11.660000
-104.780000 -8.220000 11.660000
-104.780000 -5.380000 11.660000
-104.780000 -2.540000 11.660000
-104.780000 0.300000 11.660000
-104.780000 3.140000 11.660000
-104.780000 5.980000 11.660000
-104.780000 8.820000 11.660000
-104.780000 11.660000 11.660000
-104.780000 14.500000 11.660000
-104.780000 17.340000 11.660000
-104.780000 20.180000 11.660000
-104.780000 23.020000 11.660000
-104.780000 25.860000 11.660000
-104.780000 28.700000 11.660000
-104.780000 31.540000 11.660000
-104.780000 34.380000 11.660000
-104.780000 37.220000 11.660000
-104.780000 40.060000 11.660000
-104.780000 42.900000 11.660000
-104.780000 45.740000 11.660000
-104.780000 48.580000 11.660000
-104.780000 51.420000 11.660000
-104.780000 54.260000 11.660000
-104.780000 57.100000 11.660000
-104.780000 59.940000 11.660000
-104.780000 62.780000 11.660000
-104.780000 65.620000 11.660000
-104.780000 -30.940000 14.500000
-104.780000 -28.100000 14.500000
-104.780000 -25.260000 14.500000
-104.780000 -22.420000 14.500000
-104.780000 -19.580000 14.500000
-104.780000 -16.740000 14.500000
-104.780000 -13.900000 14.500000
-104.780000 -11.060000 14.500000
-104.780000 -8.220000 14.500000
-104.780000 -5.380000 14.500000
-104.780000 -2.540000 14.500000
-104.780000 0.300000 14.500000
-104.780000 3.140000 14.500000
-104.780000 5.980000 14.500000
-104.780000 8.820000 14.500000
-104.780000 11.660000 14.500000
-104.780000 14.500000 14.500000
-104.780000 17.340000 14.500000
-104.780000 20.180000 14.500000
-104.780000 23.020000 14.500000
-104.780000 25.860000 14.500000
-104.780000 28.700000 14.500000
-104.780000 31.540000 14.500000
-104.780000 34.380000 14.500000
-104.780000 37.220000 14.500000
-104.780000 40.060000 14.500000
-104.780000 42.900000 14.500000
-104.780000 45.740000 14.500000
-104.780000 48.580000 14.500000
-104.780000 51.420000 14.500000
-104.780000 54.260000 14.500000
-104.780000 57.100000 14.500000
-104.780000 59.940000 14.500000
-104.780000 62.780000 14.500000
-104.780000 65.620000 14.500000
-104.780000 -30.940000 17.340000
-104.780000 -28.100000 17.340000
-104.780000 -25.260000 17.340000
-104.780000 -22.420000 17.340000
-104.780000 -19.580000 17.340000
-104.780000 -16.740000 17.340000
-104.780000 -13.900000 17.340000
-104.780000 -11.060000 17.340000
-104.780000 -8.220000 17.340000
-104.780000 -5.380000 17.340000
-104.780000 -2.540000 17.340000
-104.780000 0.300000 17.340000
-104.780000 3.140000 17.340000
-104.780000 5.980000 17.340000
-104.780000 8.820000 17.340000
-104.780000 11.660000 17.340000
-104.780000 14.500000 17.340000
-104.780000 17.340000 17.340000
-104.780000 20.180000 17.340000
-104.780000 23.020000 17.340000
-104.780000 25.860000 17.340000
-104.780000 28.700000 17.340000
-104.780000 31.540000 17.340000
-104.780000 34.380000 17.340000
-104.780000 37.220000 17.340000
-104.780000 40.060000 17.340000
-104.780000 42.900000 17.340000
-104.780000 45.740000 17.340000
-104.780000 48.580000 17.340000
-104.780000 51.420000 17.340000
-104.780000 54.260000 17.340000
-104.780000 57.100000 17.340000
-104.780000 59.940000 17.340000
-104.780000 62.780000 17.340000
-104.780000 65.620000 17.340000
-101.940000 -30.940000 11.660000
-101.940000 -28.100000 11.660000
-101.940000 -25.260000 11.660000
-101.940000 -22.420000 11.660000
-101.940000 -19.580000 11.660000
-101.940000 -16.740000 11.660000
-101.940000 -13.900000 11.660000
-101.940000 -11.060000 11.660000
-101.940000 -8.220000 11.660000
-101.940000 -5.380000 11.660000
-101.940000 -2.540000 11.660000
-101.940000 0.300000 11.660000
-101.940000 3.140000 11.660000
-101.940000 5.980000 11.660000
-101.940000 8.820000 11.660000
-101.940000 11.660000 11.660000
-101.940000 14.500000 11.660000
-101.940000 17.340000 11.660000
-101.940000 20.180000 11.660000
-101.940000 23.020000 11.660000
-101.940000 25.860000 11.660000
-101.940000 28.700000 11.660000
-101.940000 31.540000 11.660000
-101.940000 34.380000 11.660000
-101.940000 37.220000 11.660000
-101.940000 40.060000 11.660000
-101.940000 42.900000 11.660000
-101.940000 45.740000 11.660000
-101.940000 48.580000 11.660000
-101.940000 51.420000 11.660000
-101.940000 54.260000 11.660000
-101.940000 57.100000 11.660000
-101.940000 59.940000 11.660000
-101.940000 62.780000 11.660000
-101.940000 65.620000 11.660000
-101.940000 -30.940000 14.500000
-101.940000 -28.100000 14.500000
-101.940000 -25.260000 14.500000
-101.940000 -22.420000 14.500000
-101.940000 -19.580000 14.500000
-101.940000 -16.740000 14.500000
-101.940000 -13.900000 14.500000
-101.940000 -11.060000 14.500000
-101.940000 -8.220000 14.500000
-101.940000 -5.380000 14.500000
-101.940000 -2.540000 14.500000
-101.940000 0.300000 14.500000
-101.940000 3.140000 14.500000
-101.940000 5.980000 14.500000
-101.940000 8.820000 14.500000
-101.940000 11.660000 14.500000
-101.940000 14.500000 14.500000
-101.940000 17.340000 14.500000
-101.940000 20.180000 14.500000
-101.940000 23.020000 14.500000
-101.940000 25.860000 14.500000
-101.940000 28.700000 14.500000
-101.940000 31.540000 14.500000
-101.940000 34.380000 14.500000
-101.940000 37.220000 14.500000
-101.940000 40.060000 14.500000
-101.940000 42.900000 14.500000
-101.940000 45.740000 14.500000
-101.940000 48.580000 14.500000
-101.940000 51.420000 14.500000
-101.940000 54.260000 14.500000
-101.940000 57.100000 14.500000
-101.940000 59.940000 14.500000
-101.940000 62.780000 14.500000
-101.940000 65.620000 14.500000
-101.940000 -30.940000 17.340000
-101.940000 -28.100000 17.340000
-101.940000 -25.260000 17.340000
-101.940000 -22.420000 17.340000
-101.940000 -19.580000 17.340000
-101.940000 -16.740000 17.340000
-101.940000 -13.900000 17.340000
-101.940000 -11.060000 17.340000
-101.940000 -8.220000 17.340000
-101.940000 -5.380000 17.340000
-101.940000 -2.540000 17.340000
-101.940000 0.300000 17.340000
-101.940000 3.140000 17.340000
-101.940000 5.980000 17.340000
-101.940000 8.820000 17.340000
-101.940000 11.660000 17.340000
-101.940000 14.500000 17.340000
-101.940000 17.340000 17.340000
-101.940000 20.180000 17.340000
-101.940000 23.020000 17.340000
-101.940000 25.860000 17.340000
-101.940000 28.700000 17.340000
-101.940000 31.540000 17.340000
-101.940000 34.380000 17.340000
-101.940000 37.220000 17.340000
-101.940000 40.060000 17.340000
-101.940000 42.900000 17.340000
-101.940000 45.740000 17.340000
-101.940000 48.580000 17.340000
-101.940000 51.420000 17.340000
-101.940000 54.260000 17.340000
-101.940000 57.100000 17.340000
-101.940000 59.940000 17.340000
-101.940000 62.780000 17.340000
-101.940000 65.620000 17.340000
-99.100000 -30.940000 11.660000
-99.100000 -28.100000 11.660000
-99.100000 -25.260000 11.660000
-99.100000 -22.420000 11.660000
-99.100000 -19.580000 11.660000
-99.100000 -16.740000 11.660000
-99.100000 -13.900000 11.660000
-99.100000 -11.060000 11.660000
-99.100000 -8.220000 11.660000
-99.100000 -5.380000 11.660000
-99.100000 -2.540000 11.660000
-99.100000 0.300000 11.660000
-99.100000 3.140000 11.660000
-99.100000 5.980000 11.660000
-99.100000 8.820000 11.660000
-99.100000 11.660000 11.660000
-99.100000 14.500000 11.660000
-99.100000 17.340000 11.660000
-99.100000 20.180000 11.660000
-99.100000 23.020000 11.660000
-99.100000 25.860000 11.660000
-99.100000 28.700000 11.660000
-99.100000 31.540000 11.660000
-99.100000 34.380000 11.660000
-99.100000 37.220000 11.660000
-99.100000 40.060000 11.660000
-99.100000 42.900000 11.660000
-99.100000 45.740000 11.660000
-99.100000 48.580000 11.660000
-99.100000 51.420000 11.660000
-99.100000 54.260000 11.660000
-99.100000 57.100000 11.660000
-99.100000 59.940000 11.660000
-99.100000 62.780000 11.660000
-99.100000 65.620000 11.660000
-99.100000 -30.940000 14.500000
-99.100000 -28.100000 14.500000
-99.100000 -25.260000 14.500000
-99.100000 -22.420000 14.500000
-99.100000 -19.580000 14.500000
-99.100000 -16.740000 14.500000
-99.100000 -13.900000 14.500000
-99.100000 -11.060000 14.500000
-99.100000 -8.220000 14.500000
-99.100000 -5.380000 14.500000
-99.100000 -2.540000 14.500000
-99.100000 0.300000 14.500000
-99.100000 3.140000 14.500000
-99.100000 5.980000 14.500000
-99.100000 8.820000 14.500000
-99.100000 11.660000 14.500000
-99.100000 14.500000 14.500000
-99.100000 17.340000 14.500000
-99.100000 20.180000 14.500000
-99.100000 23.020000 14.500000
-99.100000 25.860000 14.500000
-99.100000 28.700000 14.500000
-99.100000 31.540000 14.500000
-99.100000 34.380000 14.500000
-99.100000 37.220000 14.500000
-99.100000 40.060000 14.500000
-99.100000 42.900000 14.500000
-99.100000 45.740000 14.500000
-99.100000 48.580000 14.500000
-99.100000 51.420000 14.500000
-99.100000 54.260000 14.500000
-99.100000 57.100000 14.500000
-99.100000 59.940000 14.500000
-99.100000 62.780000 14.500000
-99.100000 65.620000 14.500000
-99.100000 -30.940000 17.340000
-99.100000 -28.100000 17.340000
-99.100000 -25.260000 17.340000
-99.100000 -22.420000 17.340000
-99.100000 -19.580000 17.340000
-99.100000 -16.740000 17.340000
-99.100000 -13.900000 17.340000
-99.100000 -11.060000 17.340000
-99.100000 -8.220000 17.340000
-99.100000 -5.380000 17.340000
-99.100000 -2.540000 17.340000
-99.100000 0.300000 17.340000
-99.100000 3.140000 17.340000
-99.100000 5.980000 17.340000
-99.100000 8.820000 17.340000
-99.100000 11.660000 17.340000
-99.100000 14.500000 17.340000
-99.100000 17.340000 17.340000
-99.100000 20.180000 17.340000
-99.100000 23.020000 17.340000
-99.100000 25.860000 17.340000
-99.100000 28.700000 17.340000
-99.100000 31.540000 17.340000
-99.100000 34.380000 17.340000
-99.100000 37.220000 17.340000
-99.100000 40.060000 17.340000
-99.100000 42.900000 17.340000
-99.100000 45.740000 17.340000
-99.100000 48.580000 17.340000
-99.100000 51.420000 17.340000
-99.100000 54.260000 17.340000
-99.100000 57.100000 17.340000
-99.100000 59.940000 17.340000
-99.100000 62.780000 17.340000
-99.100000 65.620000 17.340000
-96.260000 -30.940000 11.660000
-96.260000 -28.100000 11.660000
-96.260000 -25.260000 11.660000
-96.260000 -22.420000 11.660000
-96.260000 -19.580000 11.660000
-96.260000 -16.740000 11.660000
-96.260000 -13.900000 11.660000
-96.260000 -11.060000 11.660000
-96.260000 -8.220000 11.660000
-96.260000 -5.380000 11.660000
-96.260000 -2.540000 11.660000
-96.260000 0.300000 11.660000
-96.260000 3.140000 11.660000
-96.260000 5.980000 11.660000
-96.260000 8.820000 11.660000
-96.260000 11.660000 11.660000
-96.260000 14.500000 11.660000
-96.260000 17.340000 11.660000
-96.260000 20.180000 11.660000
-96.260000 23.020000 11.660000
-96.260000 25.860000 11.660000
-96.260000 28.700000 11.660000
-96.260000 31.540000 11.660000
-96.260000 34.380000 11.660000
-96.260000 37.220000 11.660000
-96.260000 40.060000 11.660000
-96.260000 42.900000 11.660000
-96.260000 45.740000 11.660000
-96.260000 48.580000 11.660000
-96.260000 51.420000 11.660000
-96.260000 54.260000 11.660000
-96.260000 57.100000 11.660000
-96.260000 59.940000 11.660000
-96.260000 62.780000 11.660000
-96.260000 65.620000 11.660000
-96.260000 -30.940000 14.500000
-96.260000 -28.100000 14.500000
-96.260000 -25.260000 14.500000
-96.260000 -22.420000 14.500000
-96.260000 -19.580000 14.500000
-96.260000 -16.740000 14.500000
-96.260000 -13.900000 14.500000
-96.260000 -11.060000 14.500000
-96.260000 -8.220000 14.500000
-96.260000 -5.380000 14.500000
-96.260000 -2.540000 14.500000
-96.260000 0.300000 14.500000
-96.260000 3.140000 14.500000
-96.260000 5.980000 14.500000
-96.260000 8.820000 14.500000
-96.260000 11.660000 14.500000
-96.260000 14.500000 14.500000
-96.260000 17.340000 14.500000
-96.260000 20.180000 14.500000
-96.260000 23.020000 14.500000
-96.260000 25.860000 14.500000
-96.260000 28.700000 14.500000
-96.260000 31.540000 14.500000
-96.260000 34.380000 14.500000
-96.260000 37.220000 14.500000
-96.260000 40.060000 14.500000
-96.260000 42.900000 14.500000
-96.260000 45.740000 14.500000
-96.260000 48.580000 14.500000
-96.260000 51.420000 14.500000
-96.260000 54.260000 14.500000
-96.260000 57.100000 14.500000
-96.260000 59.940000 14.500000
-96.260000 62.780000 14.500000
-96.260000 65.620000 14.500000
-96.260000 -30.940000 17.340000
-96.260000 -28.100000 17.340000
-96.260000 -25.260000 17.340000
-96.260000 -22.420000 17.340000
-96.260000 -19.580000 17.340000
-96.260000 -16.740000 17.340000
-96.260000 -13.900000 17.340000
-96.260000 -11.060000 17.340000
-96.260000 -8.220000 17.340000
-96.260000 -5.380000 17.340000
-96.260000 -2.540000 17.340000
-96.260000 0.300000 17.340000
-96.260000 3.140000 17.340000
-96.260000 5.980000 17.340000
-96.260000 8.820000 17.340000
-96.260000 11.660000 17.340000
-96.260000 14.500000 17.340000
-96.260000 17.340000 17.340000
-96.260000 20.180000 17.340000
-96.260000 23.020000 17.340000
-96.260000 25.860000 17.340000
-96.260000 28.700000 17.340000
-96.260000 31.540000 17.340000
-96.260000 34.380000 17.340000
-96.260000 37.220000 17.340000
-96.260000 40.060000 17.340000
-96.260000 42.900000 17.340000
-96.260000 45.740000 17.340000
-96.260000 48.580000 17.340000
-96.260000 51.420000 17.340000
-96.260000 54.260000 17.340000
-96.260000 57.100000 17.340000
-96.260000 59.940000 17.340000
-96.260000 62.780000 17.340000
-96.260000 65.620000 17.340000
-93.420000 -30.940000 11.660000
-93.420000 -28.100000 11.660000
-93.420000 -25.260000 11.660000
-93.420000 -22.420000 11.660000
-93.420000 -19.580000 11.660000
-93.420000 -16.740000 11.660000
-93.420000 -13.900000 11.660000
-93.420000 -11.060000 11.660000
-93.420000 -8.220000 11.660000
-93.420000 -5.380000 11.660000
-93.420000 -2.540000 11.660000
-93.420000 0.300000 11.660000
-93.420000 3.140000 11.660000
-93.420000 5.980000 11.660000
-93.420000 8.820000 11.660000
-93.420000 11.660000 11.660000
-93.420000 14.500000 11.660000
-93.420000 17.340000 11.660000
-93.420000 20.180000 11.660000
-93.420000 23.020000 11.660000
-93.420000 25.860000 11.660000
-93.420000 28.700000 11.660000
-93.420000 31.540000 11.660000
-93.420000 34.380000 11.660000
-93.420000 37.220000 11.660000
-93.420000 40.060000 11.660000
-93.420000 42.900000 11.660000
-93.420000 45.740000 11.660000
-93.420000 48.580000 11.660000
-93.420000 51.420000 11.660000
-93.420000 54.260000 11.660000
-93.420000 57.100000 11.660000
-93.420000 59.940000 11.660000
-93.420000 62.780000 11.660000
-93.420000 65.620000 11.660000
-93.420000 -30.940000 14.500000
-93.420000 -28.100000 14.500000
-93.420000 -25.260000 14.500000
-93.420000 -22.420000 14.500000
-93.420000 -19.580000 14.500000
-93.420000 -16.740000 14.500000
-93.420000 -13.900000 14.500000
-93.420000 -11.060000 14.500000
-93.420000 -8.220000 14.500000
-93.420000 -5.380000 14.500000
-93.420000 -2.540000 14.500000
-93.420000 0.300000 14.500000
-93.420000 3.140000 14.500000
-93.420000 5.980000 14.500000
-93.420000 8.820000 14.500000
-93.420000 11.660000 14.500000
-93.420000 14.500000 14.500000
-93.420000 17.340000 14.500000
-93.420000 20.180000 14.500000
-93.420000 23.020000 14.500000
-93.420000 25.860000 14.500000
-93.420000 28.700000 14.500000
-93.420000 31.540000 14.500000
-93.420000 34.380000 14.500000
-93.420000 37.220000 14.500000
-93.420000 40.060000 14.500000
-93.420000 42.900000 14.500000
-93.420000 45.740000 14.500000
-93.420000 48.580000 14.500000
-93.420000 51.420000 14.500000
-93.420000 54.260000 14.500000
-93.420000 57.100000 14.500000
-93.420000 59.940000 14.500000
-93.420000 62.780000 14.500000
-93.420000 65.620000 14.500000
-93.420000 -30.940000 17.340000
-93.420000 -28.100000 17.340000
-93.420000 -25.260000 17.340000
-93.420000 -22.420000 17.340000
-93.420000 -19.580000 17.340000
-93.420000 -16.740000 17.340000
-93.420000 -13.900000 17.340000
-93.420000 -11.060000 17.340000
-93.420000 -8.220000 17.340000
-93.420000 -5.380000 17.340000
-93.420000 -2.540000 17.340000
-93.420000 0.300000 17.340000
-93.420000 3.140000 17.340000
-93.420000 5.980000 17.340000
-93.420000 8.820000 17.340000
-93.420000 11.660000 17.340000
-93.420000 14.500000 17.340000
-93.420000 17.340000 17.340000
-93.420000 20.180000 17.340000
-93.420000 23.020000 17.340000
-93.420000 25.860000 17.340000
-93.420000 28.700000 17.340000
-93.420000 31.540000 17.340000
-93.420000 34.380000 17.340000
-93.420000 37.220000 17.340000
-93.420000 40.060000 17.340000
-93.420000 42.900000 17.340000
-93.420000 45.740000 17.340000
-93.420000 48.580000 17.340000
-93.420000 51.420000 17.340000
-93.420000 54.260000 17.340000
-93.420000 57.100000 17.340000
-93.420000 59.940000 17.340000
-93.420000 62.780000 17.340000
-93.420000 65.620000 17.340000
-90.580000 -30.940000 11.660000
-90.580000 -28.100000 11.660000
-90.580000 -25.260000 11.660000
-90.580000 -22.420000 11.660000
-90.580000 -19.580000 11.660000
-90.580000 -16.740000 11.660000
-90.580000 -13.900000 11.660000
-90.580000 -11.060000 11.660000
-90.580000 -8.220000 11.660000
-90.580000 -5.380000 11.660000
-90.580000 -2.540000 11.660000
-90.580000 0.300000 11.660000
-90.580000 3.140000 11.660000
-90.580000 5.980000 11.660000
-90.580000 8.820000 11.660000
-90.580000 11.660000 11.660000
-90.580000 14.500000 11.660000
-90.580000 17.340000 11.660000
-90.580000 20.180000 11.660000
-90.580000 23.020000 11.660000
-90.580000 25.860000 11.660000
-90.580000 28.700000 11.660000
-90.580000 31.540000 11.660000
-90.580000 34.380000 11.660000
-90.580000 37.220000 11.660000
-90.580000 40.060000 11.660000
-90.580000 42.900000 11.660000
-90.580000 45.740000 11.660000
-90.580000 48.580000 11.660000
-90.580000 51.420000 11.660000
-90.580000 54.260000 11.660000
-90.580000 57.100000 11.660000
-90.580000 59.940000 11.660000
-90.580000 62.780000 11.660000
-90.580000 65.620000 11.660000
-90.580000 -30.940000 14.500000
-90.580000 -28.100000 14.500000
-90.580000 -25.260000 14.500000
-90.580000 -22.420000 14.500000
-90.580000 -19.580000 14.500000
-90.580000 -16.740000 14.500000
-90.580000 -13.900000 14.500000
-90.580000 -11.060000 14.500000
-90.580000 -8.220000 14.500000
-90.580000 -5.380000 14.500000
-90.580000 -2.540000 14.500000
-90.580000 0.300000 14.500000
-90.580000 3.140000 14.500000
-90.580000 5.980000 14.500000
-90.580000 8.820000 14.500000
-90.580000 11.660000 14.500000
-90.580000 14.500000 14.500000
-90.580000 17.340000 14.500000
-90.580000 20.180000 14.500000
-90.580000 23.020000 14.500000
-90.580000 25.860000 14.500000
-90.580000 28.700000 14.500000
-90.580000 31.540000 14.500000
-90.580000 34.380000 14.500000
-90.580000 37.220000 14.500000
-90.580000 40.060000 14.500000
-90.580000 42.900000 14.500000
-90.580000 45.740000 14.500000
-90.580000 48.580000 14.500000
-90.580000 51.420000 14.500000
-90.580000 54.260000 14.500000
-90.580000 57.100000 14.500000
-90.580000 59.940000 14.500000
-90.580000 62.780000 14.500000
-90.580000 65.620000 14.500000
-90.580000 -30.940000 17.340000
-90.580000 -28.100000 17.340000
-90.580000 -25.260000 17.340000
-90.580000 -22.420000 17.340000
-90.580000 -19.580000 17.340000
-90.580000 -16.740000 17.340000
-90.580000 -13.900000 17.340000
-90.580000 -11.060000 17.340000
-90.580000 -8.220000 17.340000
-90.580000 -5.380000 17.340000
-90.580000 -2.540000 17.340000
-90.580000 0.300000 17.340000
-90.580000 3.140000 17.340000
-90.580000 5.980000 17.340000
-90.580000 8.820000 17.340000
-90.580000 11.660000 17.340000
-90.580000 14.500000 17.340000
-90.580000 17.340000 17.340000
-90.580000 20.180000 17.340000
-90.580000 23.020000 17.340000
-90.580000 25.860000 17.340000
-90.580000 28.700000 17.340000
-90.580000 31.540000 17.340000
-90.580000 34.380000 17.340000
-90.580000 37.220000 17.340000
-90.580000 40.060000 17.340000
-90.580000 42.900000 17.340000
-90.580000 45.740000 17.340000
-90.580000 48.580000 17.340000
-90.580000 51.420000 17.340000
-90.580000 54.260000 17.340000
-90.580000 57.100000 17.340000
-90.580000 59.940000 17.340000
-90.580000 62.780000 17.340000
-90.580000 65.620000 17.340000
-87.740000 -30.940000 11.660000
-87.740000 -28.100000 11.660000
-87.740000 -25.260000 11.660000
-87.740000 -22.420000 11.660000
-87.740000 -19.580000 11.660000
-87.740000 -16.740000 11.660000
-87.740000 -13.900000 11.660000
-87.740000 -11.060000 11.660000
-87.740000 -8.220000 11.660000
-87.740000 -5.380000 11.660000
-87.740000 -2.540000 11.660000
-87.740000 0.300000 11.660000
-87.740000 3.140000 11.660000
-87.740000 5.980000 11.660000
-87.740000 8.820000 11.660000
-87.740000 11.660000 11.660000
-87.740000 14.500000 11.660000
-87.740000 17.340000 11.660000
-87.740000 20.180000 11.660000
-87.740000 23.020000 11.660000
-87.740000 25.860000 11.660000
-87.740000 28.700000 11.660000
-87.740000 31.540000 11.660000
-87.740000 34.380000 11.660000
-87.740000 37.220000 11.660000
-87.740000 40.060000 11.660000
-87.740000 42.900000 11.660000
-87.740000 45.740000 11.660000
-87.740000 48.580000 11.660000
-87.740000 51.420000 11.660000
-87.740000 54.260000 11.660000
-87.740000 57.100000 11.660000
-87.740000 59.940000 11.660000
-87.740000 62.780000 11.660000
-87.740000 65.620000 11.660000
-87.740000 -30.940000 14.500000
-87.740000 -28.100000 14.500000
-87.740000 -25.260000 14.500000
-87.740000 -22.420000 14.500000
-87.740000 -19.580000 14.500000
-87.740000 -16.740000 14.500000
-87.740000 -13.900000 14.500000
-87.740000 -11.060000 14.500000
-87.740000 -8.220000 14.500000
-87.740000 -5.380000 14.500000
-87.740000 -2.540000 14.500000
-87.740000 0.300000 14.500000
-87.740000 3.140000 14.500000
-87.740000 5.980000 14.500000
-87.740000 8.820000 14.500000
-87.740000 11.660000 14.500000
-87.740000 14.500000 14.500000
-87.740000 17.340000 14.500000
-87.740000 20.180000 14.500000
-87.740000 23.020000 14.500000
-87.740000 25.860000 14.500000
-87.740000 28.700000 14.500000
-87.740000 31.540000 14.500000
-87.740000 34.380000 14.500000
-87.740000 37.220000 14.500000
-87.740000 40.060000 14.500000
-87.740000 42.900000 14.500000
-87.740000 45.740000 14.500000
-87.740000 48.580000 14.500000
-87.740000 51.420000 14.500000
-87.740000 54.260000 14.500000
-87.740000 57.100000 14.500000
-87.740000 59.940000 14.500000
-87.740000 62.780000 14.500000
-87.740000 65.620000 14.500000
-87.740000 -30.940000 17.340000
-87.740000 -28.100000 17.340000
-87.740000 -25.260000 17.340000
-87.740000 -22.420000 17.340000
-87.740000 -19.580000 17.340000
-87.740000 -16.740000 17.340000
-87.740000 -13.900000 17.340000
-87.740000 -11.060000 17.340000
-87.740000 -8.220000 17.340000
-87.740000 -5.380000 17.340000
-87.740000 -2.540000 17.340000
-87.740000 0.300000 17.340000
-87.740000 3.140000 17.340000
-87.740000 5.980000 17.340000
-87.740000 8.820000 17.340000
-87.740000 11.660000 17.340000
-87.740000 14.500000 17.340000
-87.740000 17.340000 17.340000
-87.740000 20.180000 17.340000
-87.740000 23.020000 17.340000
-87.740000 25.860000 17.340000
-87.740000 28.700000 17.340000
-87.740000 31.540000 17.340000
-87.740000 34.380000 17.340000
-87.740000 37.220000 17.340000
-87.740000 40.060000 17.340000
-87.740000 42.900000 17.340000
-87.740000 45.740000 17.340000
-87.740000 48.580000 17.340000
-87.740000 51.420000 17.340000
-87.740000 54.260000 17.340000
-87.740000 57.100000 17.340000
-87.740000 59.940000 17.340000
-87.740000 62.780000 17.340000
-87.740000 65.620000 17.340000
-84.900000 -2.540000 11.660000
-84.900000 0.300000 11.660000
-84.900000 3.140000 11.660000
-84.900000 5.980000 11.660000
-84.900000 8.820000 11.660000
-84.900000 11.660000 11.660000
-84.900000 14.500000 11.660000
-84.900000 17.340000 11.660000
-84.900000 20.180000 11.660000
-84.900000 23.020000 11.660000
-84.900000 25.860000 11.660000
-84.900000 28.700000 11.660000
-84.900000 31.540000 11.660000
-84.900000 34.380000 11.660000
-84.900000 37.220000 11.660000
-84.900000 -2.540000 14.500000
-84.900000 0.300000 14.500000
-84.900000 3.140000 14.500000
-84.900000 5.980000 14.500000
-84.900000 8.820000 14.500000
-84.900000 11.660000 14.500000
-84.900000 14.500000 14.500000
-84.900000 17.340000 14.500000
-84.900000 20.180000 14.500000
-84.900000 23.020000 14.500000
-84.900000 25.860000 14.500000
-84.900000 28.700000 14.500000
-84.900000 31.540000 14.500000
-84.900000 34.380000 14.500000
-84.900000 37.220000 14.500000
-84.900000 -2.540000 17.340000
-84.900000 0.300000 17.340000
-84.900000 3.140000 17.340000
-84.900000 5.980000 17.340000
-84.900000 8.820000 17.340000
-84.900000 11.660000 17.340000
-84.900000 14.500000 17.340000
-84.900000 17.340000 17.340000
-84.900000 20.180000 17.340000
-84.900000 23.020000 17.340000
-84.900000 25.860000 17.340000
-84.900000 28.700000 17.340000
-84.900000 31.540000 17.340000
-84.900000 34.380000 17.340000
-84.900000 37.220000 17.340000
-82.060000 -2.540000 11.660000
-82.060000 0.300000 11.660000
-82.060000 3.140000 11.660000
-82.060000 5.980000 11.660000
-82.060000 8.820000 11.660000
-82.060000 11.660000 11.660000
-82.060000 14.500000 11.660000
-82.060000 17.340000 11.660000
-82.060000 20.180000 11.660000
-82.060000 23.020000 11.660000
-82.060000 25.860000 11.660000
-82.060000 28.700000 11.660000
-82.060000 31.540000 11.660000
-82.060000 34.380000 11.660000
-82.060000 37.220000 11.660000
-82.060000 -2.540000 14.500000
-82.060000 0.300000 14.500000
-82.060000 3.140000 14.500000
-82.060000 5.980000 14.500000
-82.060000 8.820000 14.500000
-82.060000 11.660000 14.500000
-82.060000 14.500000 14.500000
-82.060000 17.340000 14.500000
-82.060000 20.180000 14.500000
-82.060000 23.020000 14.500000
-82.060000 25.860000 14.500000
-82.060000 28.700000 14.500000
-82.060000 31.540000 14.500000
-82.060000 34.380000 14.500000
-82.060000 37.220000 14.500000
-82.060000 -2.540000 17.340000
-82.060000 0.300000 17.340000
-82.060000 3.140000 17.340000
-82.060000 5.980000 17.340000
-82.060000 8.820000 17.340000
-82.060000 11.660000 17.340000
-82.060000 14.500000 17.340000
-82.060000 17.340000 17.340000
-82.060000 20.180000 17.340000
-82.060000 23.020000 17.340000
-82.060000 25.860000 17.340000
-82.060000 28.700000 17.340000
-82.060000 31.540000 17.340000
-82.060000 34.380000 17.340000
-82.060000 37.220000 17.340000
-79.220000 -2.540000 11.660000
-79.220000 0.300000 11.660000
-79.220000 3.140000 11.660000
-79.220000 5.980000 11.660000
-79.220000 8.820000 11.660000
-79.220000 11.660000 11.660000
-79.220000 14.500000 11.660000
-79.220000 17.340000 11.660000
-79.220000 20.180000 11.660000
-79.220000 23.020000 11.660000
-79.220000 25.860000 11.660000
-79.220000 28.700000 11.660000
-79.220000 31.540000 11.660000
-79.220000 34.380000 11.660000
-79.220000 37.220000 11.660000
-79.220000 -2.540000 14.500000
-79.220000 0.300000 14.500000
-79.220000 3.140000 14.500000
-79.220000 5.980000 14.500000
-79.220000 8.820000 14.500000
-79.220000 11.660000 14.500000
-79.220000 14.500000 14.500000
-79.220000 17.340000 14.500000
-79.220000 20.180000 14.500000
-79.220000 23.020000 14.500000
-79.220000 25.860000 14.500000
-79.220000 28.700000 14.500000
-79.220000 31.540000 14.500000
-79.220000 34.380000 14.500000
-79.220000 37.220000 14.500000
-79.220000 -2.540000 17.340000
-79.220000 0.300000 17.340000
-79.220000 3.140000 17.340000
-79.220000 5.980000 17.340000
-79.220000 8.820000 17.340000
-79.220000 11.660000 17.340000
-79.220000 14.500000 17.340000
-79.220000 17.340000 17.340000
-79.220000 20.180000 17.340000
-79.220000 23.020000 17.340000
-79.220000 25.860000 17.340000
-79.220000 28.700000 17.340000
-79.220000 31.540000 17.340000
-79.220000 34.380000 17.340000
-79.220000 37.220000 17.340000
-76.380000 -2.540000 11.660000
-76.380000 0.300000 11.660000
-76.380000 3.140000 11.660000
-76.380000 5.980000 11.660000
-76.380000 8.820000 11.660000
-76.380000 11.660000 11.660000
-76.380000 14.500000 11.660000
-76.380000 17.340000 11.660000
-76.380000 20.180000 11.660000
-76.380000 23.020000 11.660000
-76.380000 25.860000 11.660000
-76.380000 28.700000 11.660000
-76.380000 31.540000 11.660000
-76.380000 34.380000 11.660000
-76.380000 37.220000 11.660000
-76.380000 -2.540000 14.500000
-76.380000 0.300000 14.500000
-76.380000 3.140000 14.500000
-76.380000 5.980000 14.500000
-76.380000 8.820000 14.500000
-76.380000 11.660000 14.500000
-76.380000 14.500000 14.500000
-76.380000 17.340000 14.500000
-76.380000 20.180000 14.500000
-76.380000 23.020000 14.500000
-76.380000 25.860000 14.500000
-76.380000 28.700000 14.500000
-76.380000 31.540000 14.500000
-76.380000 34.380000 14.500000
-76.380000 37.220000 14.500000
-76.380000 -2.540000 17.340000
-76.380000 0.300000 17.340000
-76.380000 3.140000 17.340000
-76.380000 5.980000 17.340000
-76.380000 8.820000 17.340000
-76.380000 11.660000 17.340000
-76.380000 14.500000 17.340000
-76.380000 17.340000 17.340000
-76.380000 20.180000 17.340000
-76.380000 23.020000 17.340000
-76.380000 25.860000 17.340000
-76.380000 28.700000 17.340000
-76.380000 31.540000 17.340000
-76.380000 34.380000 17.340000
-76.380000 37.220000 17.340000
-73.540000 -2.540000 11.660000
-73.540000 0.300000 11.660000
-73.540000 3.140000 11.660000
-73.540000 5.980000 11.660000
-73.540000 8.820000 11.660000
-73.540000 11.660000 11.660000
-73.540000 14.500000 11.660000
-73.540000 17.340000 11.660000
-73.540000 20.180000 11.660000
-73.540000 23.020000 11.660000
-73.540000 25.860000 11.660000
-73.540000 28.700000 11.660000
-73.540000 31.540000 11.660000
-73.540000 34.380000 11.660000
-73.540000 37.220000 11.660000
-73.540000 -2.540000 14.500000
-73.540000 0.300000 14.500000
-73.540000 3.140000 14.500000
-73.540000 5.980000 14.500000
-73.540000 8.820000 14.500000
-73.540000 11.660000 14.500000
-73.540000 14.500000 14.500000
-73.540000 17.340000 14.500000
-73.540000 20.180000 14.500000
-73.540000 23.020000 14.500000
-73.540000 25.860000 14.500000
-73.540000 28.700000 14.500000
-73.540000 31.540000 14.500000
-73.540000 34.380000 14.500000
-73.540000 37.220000 14.500000
-73.540000 -2.540000 17.340000
-73.540000 0.300000 17.340000
-73.540000 3.140000 17.340000
-73.540000 5.980000 17.340000
-73.540000 8.820000 17.340000
-73.540000 11.660000 17.340000
-73.540000 14.500000 17.340000
-73.540000 17.340000 17.340000
-73.540000 20.180000 17.340000
-73.540000 23.020000 17.340000
-73.540000 25.860000 17.340000
-73.540000 28.700000 17.340000
-73.540000 31.540000 17.340000
-73.540000 34.380000 17.340000
-73.540000 37.220000 17.340000
-70.700000 -2.540000 11.660000
-70.700000 0.300000 11.660000
-70.700000 3.140000 11.660000
-70.700000 5.980000 11.660000
-70.700000 8.820000 11.660000
-70.700000 11.660000 11.660000
-70.700000 14.500000 11.660000
-70.700000 17.340000 11.660000
-70.700000 20.180000 11.660000
-70.700000 23.020000 11.660000
-70.700000 25.860000 11.660000
-70.700000 28.700000 11.660000
-70.700000 31.540000 11.660000
-70.700000 34.380000 11.660000
-70.700000 37.220000 11.660000
-70.700000 -2.540000 14.500000
-70.700000 0.300000 14.500000
-70.700000 3.140000 14.500000
-70.700000 5.980000 14.500000
-70.700000 8.820000 14.500000
-70.700000 11.660000 14.500000
-70.700000 14.500000 14.500000
-70.700000 17.340000 14.500000
-70.700000 20.180000 14.500000
-70.700000 23.020000 14.500000
-70.700000 25.860000 14.500000
-70.700000 28.700000 14.500000
-70.700000 31.540000 14.500000
-70.700000 34.380000 14.500000
-70.700000 37.220000 14.500000
-70.700000 -2.540000 17.340000
-70.700000 0.300000 17.340000
-70.700000 3.140000 17.340000
-70.700000 5.980000 17.340000
-70.700000 8.820000 17.340000
-70.700000 11.660000 17.340000
-70.700000 14.500000 17.340000
-70.700000 17.340000 17.340000
-70.700000 20.180000 17.340000
-70.700000 23.020000 17.340000
-70.700000 25.860000 17.340000
-70.700000 28.700000 17.340000
-70.700000 31.540000 17.340000
-70.700000 34.380000 17.340000
-70.700000 37.220000 17.340000
-67.860000 -2.540000 11.660000
-67.860000 0.300000 11.660000
-67.860000 3.140000 11.660000
-67.860000 5.980000 11.660000
-67.860000 8.820000 11.660000
-67.860000 11.660000 11.660000
-67.860000 14.500000 11.660000
-67.860000 17.340000 11.660000
-67.860000 20.180000 11.660000
-67.860000 23.020000 11.660000
-67.860000 25.860000 11.660000
-67.860000 28.700000 11.660000
-67.860000 31.540000 11.660000
-67.860000 34.380000 11.660000
-67.860000 37.220000 11.660000
-67.860000 -2.540000 14.500000
-67.860000 0.300000 14.500000
-67.860000 3.140000 14.500000
-67.860000 5.980000 14.500000
-67.860000 8.820000 14.500000
-67.860000 11.660000 14.500000
-67.860000 14.500000 14.500000
-67.860000 17.340000 14.500000
-67.860000 20.180000 14.500000
-67.860000 23.020000 14.500000
-67.860000 25.860000 14.500000
-67.860000 28.700000 14.500000
-67.860000 31.540000 14.500000
-67.860000 34.380000 14.500000
-67.860000 37.220000 14.500000
-67.860000 -2.540000 17.340000
-67.860000 0.300000 17.340000
-67.860000 3.140000 17.340000
-67.860000 5.980000 17.340000
-67.860000 8.820000 17.340000
-67.860000 11.660000 17.340000
-67.860000 14.500000 17.340000
-67.860000 17.340000 17.340000
-67.860000 20.180000 17.340000
-67.860000 23.020000 17.340000
-67.860000 25.860000 17.340000
-67.860000 28.700000 17.340000
-67.860000 31.540000 17.340000
-67.860000 34.380000 17.340000
-67.860000 37.220000 17.340000
-65.020000 -2.540000 11.660000
-65.020000 0.300000 11.660000
-65.020000 3.140000 11.660000
-65.020000 5.980000 11.660000
-65.020000 8.820000 11.660000
-65.020000 11.660000 11.660000
-65.020000 14.500000 11.660000
-65.020000 17.340000 11.660000
-65.020000 20.180000 11.660000
-65.020000 23.020000 11.660000
-65.020000 25.860000 11.660000
-65.020000 28.700000 11.660000
-65.020000 31.540000 11.660000
-65.020000 34.380000 11.660000
-65.020000 37.220000 11.660000
-65.020000 -2.540000 14.500000
-65.020000 0.300000 14.500000
-65.020000 3.140000 14.500000
-65.020000 5.980000 14.500000
-65.020000 8.820000 14.500000
-65.020000 11.660000 14.500000
-65.020000 14.500000 14.500000
-65.020000 17.340000 14.500000
-65.020000 20.180000 14.500000
-65.020000 23.020000 14.500000
-65.020000 25.860000 14.500000
-65.020000 28.700000 14.500000
-65.020000 31.540000 14.500000
-65.020000 34.380000 14.500000
-65.020000 37.220000 14.500000
-65.020000 -2.540000 17.340000
-65.020000 0.300000 17.340000
-65.020000 3.140000 17.340000
-65.020000 5.980000 17.340000
-65.020000 8.820000 17.340000
-65.020000 11.660000 17.340000
-65.020000 14.500000 17.340000
-65.020000 17.340000 17.340000
-65.020000 20.180000 17.340000
-65.020000 23.020000 17.340000
-65.020000 25.860000 17.340000
-65.020000 28.700000 17.340000
-65.020000 31.540000 17.340000
-65.020000 34.380000 17.340000
-65.020000 37.220000 17.340000
-62.180000 -2.540000 11.660000
-62.180000 0.300000 11.660000
-62.180000 3.140000 11.660000
-62.180000 5.980000 11.660000
-62.180000 8.820000 11.660000
-62.180000 11.660000 11.660000
-62.180000 14.500000 11.660000
-62.180000 17.340000 11.660000
-62.180000 20.180000 11.660000
-62.180000 23.020000 11.660000
-62.180000 25.860000 11.660000
-62.180000 28.700000 11.660000
-62.180000 31.540000 11.660000
-62.180000 34.380000 11.660000
-62.180000 37.220000 11.660000
-62.180000 -2.540000 14.500000
-62.180000 0.300000 14.500000
-62.180000 3.140000 14.500000
-62.180000 5.980000 14.500000
-62.180000 8.820000 14.500000
-62.180000 11.660000 14.500000
-62.180000 14.500000 14.500000
-62.180000 17.340000 14.500000
-62.180000 20.180000 14.500000
-62.180000 23.020000 14.500000
-62.180000 25.860000 14.500000
-62.180000 28.700000 14.500000
-62.180000 31.540000 14.500000
-62.180000 34.380000 14.500000
-62.180000 37.220000 14.500000
-62.180000 -2.540000 17.340000
-62.180000 0.300000 17.340000
-62.180000 3.140000 17.340000
-62.180000 5.980000 17.340000
-62.180000 8.820000 17.340000
-62.180000 11.660000 17.340000
-62.180000 14.500000 17.340000
-62.180000 17.340000 17.340000
-62.180000 20.180000 17.340000
-62.180000 23.020000 17.340000
-62.180000 25.860000 17.340000
-62.180000 28.700000 17.340000
-62.180000 31.540000 17.340000
-62.180000 34.380000 17.340000
-62.180000 37.220000 17.340000
-59.340000 -2.540000 11.660000
-59.340000 0.300000 11.660000
-59.340000 3.140000 11.660000
-59.340000 5.980000 11.660000
-59.340000 8.820000 11.660000
-59.340000 11.660000 11.660000
-59.340000 14.500000 11.660000
-59.340000 17.340000 11.660000
-59.340000 20.180000 11.660000
-59.340000 23.020000 11.660000
-59.340000 25.860000 11.660000
-59.340000 28.700000 11.660000
-59.340000 31.540000 11.660000
-59.340000 34.380000 11.660000
-59.340000 37.220000 11.660000
-59.340000 -2.540000 14.500000
-59.340000 0.300000 14.500000
-59.340000 3.140000 14.500000
-59.340000 5.980000 14.500000
-59.340000 8.820000 14.500000
-59.340000 11.660000 14.500000
-59.340000 14.500000 14.500000
-59.340000 17.340000 14.500000
-59.340000 20.180000 14.500000
-59.340000 23.020000 14.500000
-59.340000 25.860000 14.500000
-59.340000 28.700000 14.500000
-59.340000 31.540000 14.500000
-59.340000 34.380000 14.500000
-59.340000 37.220000 14.500000
-59.340000 -2.540000 17.340000
-59.340000 0.300000 17.340000
-59.340000 3.140000 17.340000
-59.340000 5.980000 17.340000
-59.340000 8.820000 17.340000
-59.340000 11.660000 17.340000
-59.340000 14.500000 17.340000
-59.340000 17.340000 17.340000
-59.340000 20.180000 17.340000
-59.340000 23.020000 17.340000
-59.340000 25.860000 17.340000
-59.340000 28.700000 17.340000
-59.340000 31.540000 17.340000
-59.340000 34.380000 17.340000
-59.340000 37.220000 17.340000
-56.500000 -2.540000 11.660000
-56.500000 0.300000 11.660000
-56.500000 3.140000 11.660000
-56.500000 5.980000 11.660000
-56.500000 8.820000 11.660000
-56.500000 11.660000 11.660000
-56.500000 14.500000 11.660000
-56.500000 17.340000 11.660000
-56.500000 20.180000 11.660000
-56.500000 23.020000 11.660000
-56.500000 25.860000 11.660000
-56.500000 28.700000 11.660000
-56.500000 31.540000 11.660000
-56.500000 34.380000 11.660000
-56.500000 37.220000 11.660000
-56.500000 -2.540000 14.500000
-56.500000 0.300000 14.500000
-56.500000 3.140000 14.500000
-56.500000 5.980000 14.500000
-56.500000 8.820000 14.500000
-56.500000 11.660000 14.500000
-56.500000 14.500000 14.500000
-56.500000 17.340000 14.500000
-56.500000 20.180000 14.500000
-56.500000 23.020000 14.500000
-56.500000 25.860000 14.500000
-56.500000 28.700000 14.500000
-56.500000 31.540000 14.500000
-56.500000 34.380000 14.500000
-56.500000 37.220000 14.500000
-56.500000 -2.540000 17.340000
-56.500000 0.300000 17.340000
-56.500000 3.140000 17.340000
-56.500000 5.980000 17.340000
-56.500000 8.820000 17.340000
-56.500000 11.660000 17.340000
-56.500000 14.500000 17.340000
-56.500000 17.340000 17.340000
-56.500000 20.180000 17.340000
-56.500000 23.020000 17.340000
-56.500000 25.860000 17.340000
-56.500000 28.700000 17.340000
-56.500000 31.540000 17.340000
-56.500000 34.380000 17.340000
-56.500000 37.220000 17.340000
