125.260000 -2.540000 11.660000
125.260000 0.300000 11.660000
125.260000 3.140000 11.660000
125.260000 5.980000 11.660000
125.260000 8.820000 11.660000
125.260000 11.660000 11.660000
125.260000 14.500000 11.660000
125.260000 17.340000 11.660000
125.260000 20.180000 11.660000
125.260000 23.020000 11.660000
125.260000 25.860000 11.660000
125.260000 28.700000 11.660000
125.260000 31.540000 11.660000
125.260000 34.380000 11.660000
125.260000 37.220000 11.660000
125.260000 -2.540000 14.500000
125.260000 0.300000 14.500000
125.260000 3.140000 14.500000
125.260000 5.980000 14.500000
125.260000 8.820000 14.500000
125.260000 11.660000 14.500000
125.260000 14.500000 14.500000
125.260000 17.340000 14.500000
125.260000 20.180000 14.500000
125.260000 23.020000 14.500000
125.260000 25.860000 14.500000
125.260000 28.700000 14.500000
125.260000 31.540000 14.500000
125.260000 34.380000 14.500000
125.260000 37.220000 14.500000
125.260000 -2.540000 17.340000
125.260000 0.300000 17.340000
125.260000 3.140000 17.340000
125.260000 5.980000 17.340000
125.260000 8.820000 17.340000
125.260000 11.660000 17.340000
125.260000 14.500000 17.340000
125.260000 17.340000 17.340000
125.260000 20.180000 17.340000
125.260000 23.020000 17.340000
125.260000 25.860000 17.340000
125.260000 28.700000 17.340000
125.260000 31.540000 17.340000
125.260000 34.380000 17.340000
125.260000 37.220000 17.340000
128.100000 -2.540000 11.660000
128.100000 0.300000 11.660000
128.100000 3.140000 11.660000
128.100000 5.980000 11.660000
128.100000 8.820000 11.660000
128.100000 11.660000 11.660000
128.100000 14.500000 11.660000
128.100000 17.340000 11.660000
128.100000 20.180000 11.660000
128.100000 23.020000 11.660000
128.100000 25.860000 11.660000
128.100000 28.700000 11.660000
128.100000 31.540000 11.660000
128.100000 34.380000 11.660000
128.100000 37.220000 11.660000
128.100000 -2.540000 14.500000
128.100000 0.300000 14.500000
128.100000 3.140000 14.500000
128.100000 5.980000 14.500000
128.100000 8.820000 14.500000
128.100000 11.660000 14.500000
128.100000 14.500000 14.500000
128.100000 17.340000 14.500000
128.100000 20.180000 14.500000
128.100000 23.020000 14.500000
128.100000 25.860000 14.500000
128.100000 28.700000 14.500000
128.100000 31.540000 14.500000
128.100000 34.380000 14.500000
128.100000 37.220000 14.500000
128.100000 -2.540000 17.340000
128.100000 0.300000 17.340000
128.100000 3.140000 17.340000
128.100000 5.980000 17.340000
128.100000 8.820000 17.340000
128.100000 11.660000 17.340000
128.100000 14.500000 17.340000
128.100000 17.340000 17.340000
128.100000 20.180000 17.340000
128.100000 23.020000 17.340000
128.100000 25.860000 17.340000
128.100000 28.700000 17.340000
128.100000 31.540000 17.340000
128.100000 34.380000 17.340000
128.100000 37.220000 17.340000
130.940000 -2.540000 11.660000
130.940000 0.300000 11.660000
130.940000 3.140000 11.660000
130.940000 5.980000 11.660000
130.940000 8.820000 11.660000
130.940000 11.660000 11.660000
130.940000 14.500000 11.660000
130.940000 17.340000 11.660000
130.940000 20.180000 11.660000
130.940000 23.020000 11.660000
130.940000 25.860000 11.660000
130.940000 28.700000 11.660000
130.940000 31.540000 11.660000
130.940000 34.380000 11.660000
130.940000 37.220000 11.660000
130.940000 -2.540000 14.500000
130.940000 0.300000 14.500000
130.940000 3.140000 14.500000
130.940000 5.980000 14.500000
130.940000 8.820000 14.500000
130.940000 11.660000 14.500000
130.940000 14.500000 14.500000
130.940000 17.340000 14.500000
130.940000 20.180000 14.500000
130.940000 23.020000 14.500000
130.940000 25.860000 14.500000
130.940000 28.700000 14.500000
130.940000 31.540000 14.500000
130.940000 34.380000 14.500000
130.940000 37.220000 14.500000
130.940000 -2.540000 17.340000
130.940000 0.300000 17.340000
130.940000 3.140000 17.340000
130.940000 5.980000 17.340000
130.940000 8.820000 17.340000
130.940000 11.660000 17.340000
130.940000 14.500000 17.340000
130.940000 17.340000 17.340000
130.940000 20.180000 17.340000
130.940000 23.020000 17.340000
130.940000 25.860000 17.340000
130.940000 28.700000 17.340000
130.940000 31.540000 17.340000
130.940000 34.380000 17.340000
130.940000 37.220000 17.340000
133.780000 -2.540000 11.660000
133.780000 0.300000 11.660000
133.780000 3.140000 11.660000
133.780000 5.980000 11.660000
133.780000 8.820000 11.660000
133.780000 11.660000 11.660000
133.780000 14.500000 11.660000
133.780000 17.340000 11.660000
133.780000 20.180000 11.660000
133.780000 23.020000 11.660000
133.780000 25.860000 11.660000
133.780000 28.700000 11.660000
133.780000 31.540000 11.660000
133.780000 34.380000 11.660000
133.780000 37.220000 11.660000
133.780000 -2.540000 14.500000
133.780000 0.300000 14.500000
133.780000 3.140000 14.500000
133.780000 5.980000 14.500000
133.780000 8.820000 14.500000
133.780000 11.660000 14.500000
133.780000 14.500000 14.500000
133.780000 17.340000 14.500000
133.780000 20.180000 14.500000
133.780000 23.020000 14.500000
133.780000 25.860000 14.500000
133.780000 28.700000 14.500000
133.780000 31.540000 14.500000
133.780000 34.380000 14.500000
133.780000 37.220000 14.500000
133.780000 -2.540000 17.340000
133.780000 0.300000 17.340000
133.780000 3.140000 17.340000
133.780000 5.980000 17.340000
133.780000 8.820000 17.340000
133.780000 11.660000 17.340000
133.780000 14.500000 17.340000
133.780000 17.340000 17.340000
133.780000 20.180000 17.340000
133.780000 23.020000 17.340000
133.780000 25.860000 17.340000
133.780000 28.700000 17.340000
133.780000 31.540000 17.340000
133.780000 34.380000 17.340000
133.780000 37.220000 17.340000
136.620000 -2.540000 11.660000
136.620000 0.300000 11.660000
136.620000 3.140000 11.660000
136.620000 5.980000 11.660000
136.620000 8.820000 11.660000
136.620000 11.660000 11.660000
136.620000 14.500000 11.660000
136.620000 17.340000 11.660000
136.620000 20.180000 11.660000
136.620000 23.020000 11.660000
136.620000 25.860000 11.660000
136.620000 28.700000 11.660000
136.620000 31.540000 11.660000
136.620000 34.380000 11.660000
136.620000 37.220000 11.660000
136.620000 -2.540000 14.500000
136.620000 0.300000 14.500000
136.620000 3.140000 14.500000
136.620000 5.980000 14.500000
136.620000 8.820000 14.500000
136.620000 11.660000 14.500000
136.620000 14.500000 14.500000
136.620000 17.340000 14.500000
136.620000 20.180000 14.500000
136.620000 23.020000 14.500000
136.620000 25.860000 14.500000
136.620000 28.700000 14.500000
136.620000 31.540000 14.500000
136.620000 34.380000 14.500000
136.620000 37.220000 14.500000
136.620000 -2.540000 17.340000
136.620000 0.300000 17.340000
136.620000 3.140000 17.340000
136.620000 5.980000 17.340000
136.620000 8.820000 17.340000
136.620000 11.660000 17.340000
136.620000 14.500000 17.340000
136.620000 17.340000 17.340000
136.620000 20.180000 17.340000
136.620000 23.020000 17.340000
136.620000 25.860000 17.340000
136.620000 28.700000 17.340000
136.620000 31.540000 17.340000
136.620000 34.380000 17.340000
136.620000 37.220000 17.340000
139.460000 -2.540000 11.660000
139.460000 0.300000 11.660000
139.460000 3.140000 11.660000
139.460000 5.980000 11.660000
139.460000 8.820000 11.660000
139.460000 11.660000 11.660000
139.460000 14.500000 11.660000
139.460000 17.340000 11.660000
139.460000 20.180000 11.660000
139.460000 23.020000 11.660000
139.460000 25.860000 11.660000
139.460000 28.700000 11.660000
139.460000 31.540000 11.660000
139.460000 34.380000 11.660000
139.460000 37.220000 11.660000
139.460000 -2.540000 14.500000
139.460000 0.300000 14.500000
139.460000 3.140000 14.500000
139.460000 5.980000 14.500000
139.460000 8.820000 14.500000
139.460000 11.660000 14.500000
139.460000 14.500000 14.500000
139.460000 17.340000 14.500000
139.460000 20.180000 14.500000
139.460000 23.020000 14.500000
139.460000 25.860000 14.500000
139.460000 28.700000 14.500000
139.460000 31.540000 14.500000
139.460000 34.380000 14.500000
139.460000 37.220000 14.500000
139.460000 -2.540000 17.340000
139.460000 0.300000 17.340000
139.460000 3.140000 17.340000
139.460000 5.980000 17.340000
139.460000 8.820000 17.340000
139.460000 11.660000 17.340000
139.460000 14.500000 17.340000
139.460000 17.340000 17.340000
139.460000 20.180000 17.340000
139.460000 23.020000 17.340000
139.460000 25.860000 17.340000
139.460000 28.700000 17.340000
139.460000 31.540000 17.340000
139.460000 34.380000 17.340000
139.460000 37.220000 17.340000
142.300000 -2.540000 11.660000
142.300000 0.300000 11.660000
142.300000 3.140000 11.660000
142.300000 5.980000 11.660000
142.300000 8.820000 11.660000
142.300000 11.660000 11.660000
142.300000 14.500000 11.660000
142.300000 17.340000 11.660000
142.300000 20.180000 11.660000
142.300000 23.020000 11.660000
142.300000 25.860000 11.660000
142.300000 28.700000 11.660000
142.300000 31.540000 11.660000
142.300000 34.380000 11.660000
142.300000 37.220000 11.660000
142.300000 -2.540000 14.500000
142.300000 0.300000 14.500000
142.300000 3.140000 14.500000
142.300000 5.980000 14.500000
142.300000 8.820000 14.500000
142.300000 11.660000 14.500000
142.300000 14.500000 14.500000
142.300000 17.340000 14.500000
142.300000 20.180000 14.500000
142.300000 23.020000 14.500000
142.300000 25.860000 14.500000
142.300000 28.700000 14.500000
142.300000 31.540000 14.500000
142.300000 34.380000 14.500000
142.300000 37.220000 14.500000
142.300000 -2.540000 17.340000
142.300000 0.300000 17.340000
142.300000 3.140000 17.340000
142.300000 5.980000 17.340000
142.300000 8.820000 17.340000
142.300000 11.660000 17.340000
142.300000 14.500000 17.340000
142.300000 17.340000 17.340000
142.300000 20.180000 17.340000
142.300000 23.020000 17.340000
142.300000 25.860000 17.340000
142.300000 28.700000 17.340000
142.300000 31.540000 17.340000
142.300000 34.380000 17.340000
142.300000 37.220000 17.340000
145.140000 -2.540000 11.660000
145.140000 0.300000 11.660000
145.140000 3.140000 11.660000
145.140000 5.980000 11.660000
145.140000 8.820000 11.660000
145.140000 11.660000 11.660000
145.140000 14.500000 11.660000
145.140000 17.340000 11.660000
145.140000 20.180000 11.660000
145.140000 23.020000 11.660000
145.140000 25.860000 11.660000
145.140000 28.700000 11.660000
145.140000 31.540000 11.660000
145.140000 34.380000 11.660000
145.140000 37.220000 11.660000
145.140000 -2.540000 14.500000
145.140000 0.300000 14.500000
145.140000 3.140000 14.500000
145.140000 5.980000 14.500000
145.140000 8.820000 14.500000
145.140000 11.660000 14.500000
145.140000 14.500000 14.500000
145.140000 17.340000 14.500000
145.140000 20.180000 14.500000
145.140000 23.020000 14.500000
145.140000 25.860000 14.500000
145.140000 28.700000 14.500000
145.140000 31.540000 14.500000
145.140000 34.380000 14.500000
145.140000 37.220000 14.500000
145.140000 -2.540000 17.340000
145.140000 0.300000 17.340000
145.140000 3.140000 17.340000
145.140000 5.980000 17.340000
145.140000 8.820000 17.340000
145.140000 11.660000 17.340000
145.140000 14.500000 17.340000
145.140000 17.340000 17.340000
145.140000 20.180000 17.340000
145.140000 23.020000 17.340000
145.140000 25.860000 17.340000
145.140000 28.700000 17.340000
145.140000 31.540000 17.340000
145.140000 34.380000 17.340000
145.140000 37.220000 17.340000
147.980000 -2.540000 11.660000
147.980000 0.300000 11.660000
147.980000 3.140000 11.660000
147.980000 5.980000 11.660000
147.980000 8.820000 11.660000
147.980000 11.660000 11.660000
147.980000 14.500000 11.660000
147.980000 17.340000 11.660000
147.980000 20.180000 11.660000
147.980000 23.020000 11.660000
147.980000 25.860000 11.660000
147.980000 28.700000 11.660000
147.980000 31.540000 11.660000
147.980000 34.380000 11.660000
147.980000 37.220000 11.660000
147.980000 -2.540000 14.500000
147.980000 0.300000 14.500000
147.980000 3.140000 14.500000
147.980000 5.980000 14.500000
147.980000 8.820000 14.500000
147.980000 11.660000 14.500000
147.980000 14.500000 14.500000
147.980000 17.340000 14.500000
147.980000 20.180000 14.500000
147.980000 23.020000 14.500000
147.980000 25.860000 14.500000
147.980000 28.700000 14.500000
147.980000 31.540000 14.500000
147.980000 34.380000 14.500000
147.980000 37.220000 14.500000
147.980000 -2.540000 17.340000
147.980000 0.300000 17.340000
147.980000 3.140000 17.340000
147.980000 5.980000 17.340000
147.980000 8.820000 17.340000
147.980000 11.660000 17.340000
147.980000 14.500000 17.340000
147.980000 17.340000 17.340000
147.980000 20.180000 17.340000
147.980000 23.020000 17.340000
147.980000 25.860000 17.340000
147.980000 28.700000 17.340000
147.980000 31.540000 17.340000
147.980000 34.380000 17.340000
147.980000 37.220000 17.340000
150.820000 -2.540000 11.660000
150.820000 0.300000 11.660000
150.820000 3.140000 11.660000
150.820000 5.980000 11.660000
150.820000 8.820000 11.660000
150.820000 11.660000 11.660000
150.820000 14.500000 11.660000
150.820000 17.340000 11.660000
150.820000 20.180000 11.660000
150.820000 23.020000 11.660000
150.820000 25.860000 11.660000
150.820000 28.700000 11.660000
150.820000 31.540000 11.660000
150.820000 34.380000 11.660000
150.820000 37.220000 11.660000
150.820000 -2.540000 14.500000
150.820000 0.300000 14.500000
150.820000 3.140000 14.500000
150.820000 5.980000 14.500000
150.820000 8.820000 14.500000
150.820000 11.660000 14.500000
150.820000 14.500000 14.500000
150.820000 17.340000 14.500000
150.820000 20.180000 14.500000
150.820000 23.020000 14.500000
150.820000 25.860000 14.500000
150.820000 28.700000 14.500000
150.820000 31.540000 14.500000
150.820000 34.380000 14.500000
150.820000 37.220000 14.500000
150.820000 -2.540000 17.340000
150.820000 0.300000 17.340000
150.820000 3.140000 17.340000
150.820000 5.980000 17.340000
150.820000 8.820000 17.340000
150.820000 11.660000 17.340000
150.820000 14.500000 17.340000
150.820000 17.340000 17.340000
150.820000 20.180000 17.340000
150.820000 23.020000 17.340000
150.820000 25.860000 17.340000
150.820000 28.700000 17.340000
150.820000 31.540000 17.340000
150.820000 34.380000 17.340000
150.820000 37.220000 17.340000
153.660000 -2.540000 11.660000
153.660000 0.300000 11.660000
153.660000 3.140000 11.660000
153.660000 5.980000 11.660000
153.660000 8.820000 11.660000
153.660000 11.660000 11.660000
153.660000 14.500000 11.660000
153.660000 17.340000 11.660000
153.660000 20.180000 11.660000
153.660000 23.020000 11.660000
153.660000 25.860000 11.660000
153.660000 28.700000 11.660000
153.660000 31.540000 11.660000
153.660000 34.380000 11.660000
153.660000 37.220000 11.660000
153.660000 -2.540000 14.500000
153.660000 0.300000 14.500000
153.660000 3.140000 14.500000
153.660000 5.980000 14.500000
153.660000 8.820000 14.500000
153.660000 11.660000 14.500000
153.660000 14.500000 14.500000
153.660000 17.340000 14.500000
153.660000 20.180000 14.500000
153.660000 23.020000 14.500000
153.660000 25.860000 14.500000
153.660000 28.700000 14.500000
153.660000 31.540000 14.500000
153.660000 34.380000 14.500000
153.660000 37.220000 14.500000
153.660000 -2.540000 17.340000
153.660000 0.300000 17.340000
153.660000 3.140000 17.340000
153.660000 5.980000 17.340000
153.660000 8.820000 17.340000
153.660000 11.660000 17.340000
153.660000 14.500000 17.340000
153.660000 17.340000 17.340000
153.660000 20.180000 17.340000
153.660000 23.020000 17.340000
153.660000 25.860000 17.340000
153.660000 28.700000 17.340000
153.660000 31.540000 17.340000
153.660000 34.380000 17.340000
153.660000 37.220000 17.340000
156.500000 -30.940000 11.660000
156.500000 -28.100000 11.660000
156.500000 -25.260000 11.660000
156.500000 -22.420000 11.660000
156.500000 -19.580000 11.660000
156.500000 -16.740000 11.660000
156.500000 -13.900000 11.660000
156.500000 -11.060000 11.660000
156.500000 -8.220000 11.660000
156.500000 -5.380000 11.660000
156.500000 -2.540000 11.660000
156.500000 0.300000 11.660000
156.500000 3.140000 11.660000
156.500000 5.980000 11.660000
156.500000 8.820000 11.660000
156.500000 11.660000 11.660000
156.500000 14.500000 11.660000
156.500000 17.340000 11.660000
156.500000 20.180000 11.660000
156.500000 23.020000 11.660000
156.500000 25.860000 11.660000
156.500000 28.700000 11.660000
156.500000 31.540000 11.660000
156.500000 34.380000 11.660000
156.500000 37.220000 11.660000
156.500000 40.060000 11.660000
156.500000 42.900000 11.660000
156.500000 45.740000 11.660000
156.500000 48.580000 11.660000
156.500000 51.420000 11.660000
156.500000 54.260000 11.660000
156.500000 57.100000 11.660000
156.500000 59.940000 11.660000
156.500000 62.780000 11.660000
156.500000 65.620000 11.660000
156.500000 -30.940000 14.500000
156.500000 -28.100000 14.500000
156.500000 -25.260000 14.500000
156.500000 -22.420000 14.500000
156.500000 -19.580000 14.500000
156.500000 -16.740000 14.500000
156.500000 -13.900000 14.500000
156.500000 -11.060000 14.500000
156.500000 -8.220000 14.500000
156.500000 -5.380000 14.500000
156.500000 -2.540000 14.500000
156.500000 0.300000 14.500000
156.500000 3.140000 14.500000
156.500000 5.980000 14.500000
156.500000 8.820000 14.500000
156.500000 11.660000 14.500000
156.500000 14.500000 14.500000
156.500000 17.340000 14.500000
156.500000 20.180000 14.500000
156.500000 23.020000 14.500000
156.500000 25.860000 14.500000
156.500000 28.700000 14.500000
156.500000 31.540000 14.500000
156.500000 34.380000 14.500000
156.500000 37.220000 14.500000
156.500000 40.060000 14.500000
156.500000 42.900000 14.500000
156.500000 45.740000 14.500000
156.500000 48.580000 14.500000
156.500000 51.420000 14.500000
156.500000 54.260000 14.500000
156.500000 57.100000 14.500000
156.500000 59.940000 14.500000
156.500000 62.780000 14.500000
156.500000 65.620000 14.500000
156.500000 -30.940000 17.340000
156.500000 -28.100000 17.340000
156.500000 -25.260000 17.340000
156.500000 -22.420000 17.340000
156.500000 -19.580000 17.340000
156.500000 -16.740000 17.340000
156.500000 -13.900000 17.340000
156.500000 -11.060000 17.340000
156.500000 -8.220000 17.340000
156.500000 -5.380000 17.340000
156.500000 -2.540000 17.340000
156.500000 0.300000 17.340000
156.500000 3.140000 17.340000
156.500000 5.980000 17.340000
156.500000 8.820000 17.340000
156.500000 11.660000 17.340000
156.500000 14.500000 17.340000
156.500000 17.340000 17.340000
156.500000 20.180000 17.340000
156.500000 23.020000 17.340000
156.500000 25.860000 17.340000
156.500000 28.700000 17.340000
156.500000 31.540000 17.340000
156.500000 34.380000 17.340000
156.500000 37.220000 17.340000
156.500000 40.060000 17.340000
156.500000 42.900000 17.340000
156.500000 45.740000 17.340000
156.500000 48.580000 17.340000
156.500000 51.420000 17.340000
156.500000 54.260000 17.340000
156.500000 57.100000 17.340000
156.500000 59.940000 17.340000
156.500000 62.780000 17.340000
156.500000 65.620000 17.340000
159.340000 -30.940000 11.660000
159.340000 -28.100000 11.660000
159.340000 -25.260000 11.660000
159.340000 -22.420000 11.660000
159.340000 -19.580000 11.660000
159.340000 -16.740000 11.660000
159.340000 -13.900000 11.660000
159.340000 -11.060000 11.660000
159.340000 -8.220000 11.660000
159.340000 -5.380000 11.660000
159.340000 -2.540000 11.660000
159.340000 0.300000 11.660000
159.340000 3.140000 11.660000
159.340000 5.980000 11.660000
159.340000 8.820000 11.660000
159.340000 11.660000 11.660000
159.340000 14.500000 11.660000
159.340000 17.340000 11.660000
159.340000 20.180000 11.660000
159.340000 23.020000 11.660000
159.340000 25.860000 11.660000
159.340000 28.700000 11.660000
159.340000 31.540000 11.660000
159.340000 34.380000 11.660000
159.340000 37.220000 11.660000
159.340000 40.060000 11.660000
159.340000 42.900000 11.660000
159.340000 45.740000 11.660000
159.340000 48.580000 11.660000
159.340000 51.420000 11.660000
159.340000 54.260000 11.660000
159.340000 57.100000 11.660000
159.340000 59.940000 11.660000
159.340000 62.780000 11.660000
159.340000 65.620000 11.660000
159.340000 -30.940000 14.500000
159.340000 -28.100000 14.500000
159.340000 -25.260000 14.500000
159.340000 -22.420000 14.500000
159.340000 -19.580000 14.500000
159.340000 -16.740000 14.500000
159.340000 -13.900000 14.500000
159.340000 -11.060000 14.500000
159.340000 -8.220000 14.500000
159.340000 -5.380000 14.500000
159.340000 -2.540000 14.500000
159.340000 0.300000 14.500000
159.340000 3.140000 14.500000
159.340000 5.980000 14.500000
159.340000 8.820000 14.500000
159.340000 11.660000 14.500000
159.340000 14.500000 14.500000
159.340000 17.340000 14.500000
159.340000 20.180000 14.500000
159.340000 23.020000 14.500000
159.340000 25.860000 14.500000
159.340000 28.700000 14.500000
159.340000 31.540000 14.500000
159.340000 34.380000 14.500000
159.340000 37.220000 14.500000
159.340000 40.060000 14.500000
159.340000 42.900000 14.500000
159.340000 45.740000 14.500000
159.340000 48.580000 14.500000
159.340000 51.420000 14.500000
159.340000 54.260000 14.500000
159.340000 57.100000 14.500000
159.340000 59.940000 14.500000
159.340000 62.780000 14.500000
159.340000 65.620000 14.500000
159.340000 -30.940000 17.340000
159.340000 -28.100000 17.340000
159.340000 -25.260000 17.340000
159.340000 -22.420000 17.340000
159.340000 -19.580000 17.340000
159.340000 -16.740000 17.340000
159.340000 -13.900000 17.340000
159.340000 -11.060000 17.340000
159.340000 -8.220000 17.340000
159.340000 -5.380000 17.340000
159.340000 -2.540000 17.340000
159.340000 0.300000 17.340000
159.340000 3.140000 17.340000
159.340000 5.980000 17.340000
159.340000 8.820000 17.340000
159.340000 11.660000 17.340000
159.340000 14.500000 17.340000
159.340000 17.340000 17.340000
159.340000 20.180000 17.340000
159.340000 23.020000 17.340000
159.340000 25.860000 17.340000
159.340000 28.700000 17.340000
159.340000 31.540000 17.340000
159.340000 34.380000 17.340000
159.340000 37.220000 17.340000
159.340000 40.060000 17.340000
159.340000 42.900000 17.340000
159.340000 45.740000 17.340000
159.340000 48.580000 17.340000
159.340000 51.420000 17.340000
159.340000 54.260000 17.340000
159.340000 57.100000 17.340000
159.340000 59.940000 17.340000
159.340000 62.780000 17.340000
159.340000 65.620000 17.340000
162.180000 -30.940000 11.660000
162.180000 -28.100000 11.660000
162.180000 -25.260000 11.660000
162.180000 -22.420000 11.660000
162.180000 -19.580000 11.660000
162.180000 -16.740000 11.660000
162.180000 -13.900000 11.660000
162.180000 -11.060000 11.660000
162.180000 -8.220000 11.660000
162.180000 -5.380000 11.660000
162.180000 -2.540000 11.660000
162.180000 0.300000 11.660000
162.180000 3.140000 11.660000
162.180000 5.980000 11.660000
162.180000 8.820000 11.660000
162.180000 11.660000 11.660000
162.180000 14.500000 11.660000
162.180000 17.340000 11.660000
162.180000 20.180000 11.660000
162.180000 23.020000 11.660000
162.180000 25.860000 11.660000
162.180000 28.700000 11.660000
162.180000 31.540000 11.660000
162.180000 34.380000 11.660000
162.180000 37.220000 11.660000
162.180000 40.060000 11.660000
162.180000 42.900000 11.660000
162.180000 45.740000 11.660000
162.180000 48.580000 11.660000
162.180000 51.420000 11.660000
162.180000 54.260000 11.660000
162.180000 57.100000 11.660000
162.180000 59.940000 11.660000
162.180000 62.780000 11.660000
162.180000 65.620000 11.660000
162.180000 -30.940000 14.500000
162.180000 -28.100000 14.500000
162.180000 -25.260000 14.500000
162.180000 -22.420000 14.500000
162.180000 -19.580000 14.500000
162.180000 -16.740000 14.500000
162.180000 -13.900000 14.500000
162.180000 -11.060000 14.500000
162.180000 -8.220000 14.500000
162.180000 -5.380000 14.500000
162.180000 -2.540000 14.500000
162.180000 0.300000 14.500000
162.180000 3.140000 14.500000
162.180000 5.980000 14.500000
162.180000 8.820000 14.500000
162.180000 11.660000 14.500000
162.180000 14.500000 14.500000
162.180000 17.340000 14.500000
162.180000 20.180000 14.500000
162.180000 23.020000 14.500000
162.180000 25.860000 14.500000
162.180000 28.700000 14.500000
162.180000 31.540000 14.500000
162.180000 34.380000 14.500000
162.180000 37.220000 14.500000
162.180000 40.060000 14.500000
162.180000 42.900000 14.500000
162.180000 45.740000 14.500000
162.180000 48.580000 14.500000
162.180000 51.420000 14.500000
162.180000 54.260000 14.500000
162.180000 57.100000 14.500000
162.180000 59.940000 14.500000
162.180000 62.780000 14.500000
162.180000 65.620000 14.500000
162.180000 -30.940000 17.340000
162.180000 -28.100000 17.340000
162.180000 -25.260000 17.340000
162.180000 -22.420000 17.340000
162.180000 -19.580000 17.340000
162.180000 -16.740000 17.340000
162.180000 -13.900000 17.340000
162.180000 -11.060000 17.340000
162.180000 -8.220000 17.340000
162.180000 -5.380000 17.340000
162.180000 -2.540000 17.340000
162.180000 0.300000 17.340000
162.180000 3.140000 17.340000
162.180000 5.980000 17.340000
162.180000 8.820000 17.340000
162.180000 11.660000 17.340000
162.180000 14.500000 17.340000
162.180000 17.340000 17.340000
162.180000 20.180000 17.340000
162.180000 23.020000 17.340000
162.180000 25.860000 17.340000
162.180000 28.700000 17.340000
162.180000 31.540000 17.340000
162.180000 34.380000 17.340000
162.180000 37.220000 17.340000
162.180000 40.060000 17.340000
162.180000 42.900000 17.340000
162.180000 45.740000 17.340000
162.180000 48.580000 17.340000
162.180000 51.420000 17.340000
162.180000 54.260000 17.340000
162.180000 57.100000 17.340000
162.180000 59.940000 17.340000
162.180000 62.780000 17.340000
162.180000 65.620000 17.340000
165.020000 -30.940000 11.660000
165.020000 -28.100000 11.660000
165.020000 -25.260000 11.660000
165.020000 -22.420000 11.660000
165.020000 -19.580000 11.660000
165.020000 -16.740000 11.660000
165.020000 -13.900000 11.660000
165.020000 -11.060000 11.660000
165.020000 -8.220000 11.660000
165.020000 -5.380000 11.660000
165.020000 -2.540000 11.660000
165.020000 0.300000 11.660000
165.020000 3.140000 11.660000
165.020000 5.980000 11.660000
165.020000 8.820000 11.660000
165.020000 11.660000 11.660000
165.020000 14.500000 11.660000
165.020000 17.340000 11.660000
165.020000 20.180000 11.660000
165.020000 23.020000 11.660000
165.020000 25.860000 11.660000
165.020000 28.700000 11.660000
165.020000 31.540000 11.660000
165.020000 34.380000 11.660000
165.020000 37.220000 11.660000
165.020000 40.060000 11.660000
165.020000 42.900000 11.660000
165.020000 45.740000 11.660000
165.020000 48.580000 11.660000
165.020000 51.420000 11.660000
165.020000 54.260000 11.660000
165.020000 57.100000 11.660000
165.020000 59.940000 11.660000
165.020000 62.780000 11.660000
165.020000 65.620000 11.660000
165.020000 -30.940000 14.500000
165.020000 -28.100000 14.500000
165.020000 -25.260000 14.500000
165.020000 -22.420000 14.500000
165.020000 -19.580000 14.500000
165.020000 -16.740000 14.500000
165.020000 -13.900000 14.500000
165.020000 -11.060000 14.500000
165.020000 -8.220000 14.500000
165.020000 -5.380000 14.500000
165.020000 -2.540000 14.500000
165.020000 0.300000 14.500000
165.020000 3.140000 14.500000
165.020000 5.980000 14.500000
165.020000 8.820000 14.500000
165.020000 11.660000 14.500000
165.020000 14.500000 14.500000
165.020000 17.340000 14.500000
165.020000 20.180000 14.500000
165.020000 23.020000 14.500000
165.020000 25.860000 14.500000
165.020000 28.700000 14.500000
165.020000 31.540000 14.500000
165.020000 34.380000 14.500000
165.020000 37.220000 14.500000
165.020000 40.060000 14.500000
165.020000 42.900000 14.500000
165.020000 45.740000 14.500000
165.020000 48.580000 14.500000
165.020000 51.420000 14.500000
165.020000 54.260000 14.500000
165.020000 57.100000 14.500000
165.020000 59.940000 14.500000
165.020000 62.780000 14.500000
165.020000 65.620000 14.500000
165.020000 -30.940000 17.340000
165.020000 -28.100000 17.340000
165.020000 -25.260000 17.340000
165.020000 -22.420000 17.340000
165.020000 -19.580000 17.340000
165.020000 -16.740000 17.340000
165.020000 -13.900000 17.340000
165.020000 -11.060000 17.340000
165.020000 -8.220000 17.340000
165.020000 -5.380000 17.340000
165.020000 -2.540000 17.340000
165.020000 0.300000 17.340000
165.020000 3.140000 17.340000
165.020000 5.980000 17.340000
165.020000 8.820000 17.340000
165.020000 11.660000 17.340000
165.020000 14.500000 17.340000
165.020000 17.340000 17.340000
165.020000 20.180000 17.340000
165.020000 23.020000 17.340000
165.020000 25.860000 17.340000
165.020000 28.700000 17.340000
165.020000 31.540000 17.340000
165.020000 34.380000 17.340000
165.020000 37.220000 17.340000
165.020000 40.060000 17.340000
165.020000 42.900000 17.340000
165.020000 45.740000 17.340000
165.020000 48.580000 17.340000
165.020000 51.420000 17.340000
165.020000 54.260000 17.340000
165.020000 57.100000 17.340000
165.020000 59.940000 17.340000
165.020000 62.780000 17.340000
165.020000 65.620000 17.340000
167.860000 -30.940000 11.660000
167.860000 -28.100000 11.660000
167.860000 -25.260000 11.660000
167.860000 -22.420000 11.660000
167.860000 -19.580000 11.660000
167.860000 -16.740000 11.660000
167.860000 -13.900000 11.660000
167.860000 -11.060000 11.660000
167.860000 -8.220000 11.660000
167.860000 -5.380000 11.660000
167.860000 -2.540000 11.660000
167.860000 0.300000 11.660000
167.860000 3.140000 11.660000
167.860000 5.980000 11.660000
167.860000 8.820000 11.660000
167.860000 11.660000 11.660000
167.860000 14.500000 11.660000
167.860000 17.340000 11.660000
167.860000 20.180000 11.660000
167.860000 23.020000 11.660000
167.860000 25.860000 11.660000
167.860000 28.700000 11.660000
167.860000 31.540000 11.660000
167.860000 34.380000 11.660000
167.860000 37.220000 11.660000
167.860000 40.060000 11.660000
167.860000 42.900000 11.660000
167.860000 45.740000 11.660000
167.860000 48.580000 11.660000
167.860000 51.420000 11.660000
167.860000 54.260000 11.660000
167.860000 57.100000 11.660000
167.860000 59.940000 11.660000
167.860000 62.780000 11.660000
167.860000 65.620000 11.660000
167.860000 -30.940000 14.500000
167.860000 -28.100000 14.500000
167.860000 -25.260000 14.500000
167.860000 -22.420000 14.500000
167.860000 -19.580000 14.500000
167.860000 -16.740000 14.500000
167.860000 -13.900000 14.500000
167.860000 -11.060000 14.500000
167.860000 -8.220000 14.500000
167.860000 -5.380000 14.500000
167.860000 -2.540000 14.500000
167.860000 0.300000 14.500000
167.860000 3.140000 14.500000
167.860000 5.980000 14.500000
167.860000 8.820000 14.500000
167.860000 11.660000 14.500000
167.860000 14.500000 14.500000
167.860000 17.340000 14.500000
167.860000 20.180000 14.500000
167.860000 23.020000 14.500000
167.860000 25.860000 14.500000
167.860000 28.700000 14.500000
167.860000 31.540000 14.500000
167.860000 34.380000 14.500000
167.860000 37.220000 14.500000
167.860000 40.060000 14.500000
167.860000 42.900000 14.500000
167.860000 45.740000 14.500000
167.860000 48.580000 14.500000
167.860000 51.420000 14.500000
167.860000 54.260000 14.500000
167.860000 57.100000 14.500000
167.860000 59.940000 14.500000
167.860000 62.780000 14.500000
167.860000 65.620000 14.500000
167.860000 -30.940000 17.340000
167.860000 -28.100000 17.340000
167.860000 -25.260000 17.340000
167.860000 -22.420000 17.340000
167.860000 -19.580000 17.340000
167.860000 -16.740000 17.340000
167.860000 -13.900000 17.340000
167.860000 -11.060000 17.340000
167.860000 -8.220000 17.340000
167.860000 -5.380000 17.340000
167.860000 -2.540000 17.340000
167.860000 0.300000 17.340000
167.860000 3.140000 17.340000
167.860000 5.980000 17.340000
167.860000 8.820000 17.340000
167.860000 11.660000 17.340000
167.860000 14.500000 17.340000
167.860000 17.340000 17.340000
167.860000 20.180000 17.340000
167.860000 23.020000 17.340000
167.860000 25.860000 17.340000
167.860000 28.700000 17.340000
167.860000 31.540000 17.340000
167.860000 34.380000 17.340000
167.860000 37.220000 17.340000
167.860000 40.060000 17.340000
167.860000 42.900000 17.340000
167.860000 45.740000 17.340000
167.860000 48.580000 17.340000
167.860000 51.420000 17.340000
167.860000 54.260000 17.340000
167.860000 57.100000 17.340000
167.860000 59.940000 17.340000
167.860000 62.780000 17.340000
167.860000 65.620000 17.340000
170.700000 -30.940000 11.660000
170.700000 -28.100000 11.660000
170.700000 -25.260000 11.660000
170.700000 -22.420000 11.660000
170.700000 -19.580000 11.660000
170.700000 -16.740000 11.660000
170.700000 -13.900000 11.660000
170.700000 -11.060000 11.660000
170.700000 -8.220000 11.660000
170.700000 -5.380000 11.660000
170.700000 -2.540000 11.660000
170.700000 0.300000 11.660000
170.700000 3.140000 11.660000
170.700000 5.980000 11.660000
170.700000 8.820000 11.660000
170.700000 11.660000 11.660000
170.700000 14.500000 11.660000
170.700000 17.340000 11.660000
170.700000 20.180000 11.660000
170.700000 23.020000 11.660000
170.700000 25.860000 11.660000
170.700000 28.700000 11.660000
170.700000 31.540000 11.660000
170.700000 34.380000 11.660000
170.700000 37.220000 11.660000
170.700000 40.060000 11.660000
170.700000 42.900000 11.660000
170.700000 45.740000 11.660000
170.700000 48.580000 11.660000
170.700000 51.420000 11.660000
170.700000 54.260000 11.660000
170.700000 57.100000 11.660000
170.700000 59.940000 11.660000
170.700000 62.780000 11.660000
170.700000 65.620000 11.660000
170.700000 -30.940000 14.500000
170.700000 -28.100000 14.500000
170.700000 -25.260000 14.500000
170.700000 -22.420000 14.500000
170.700000 -19.580000 14.500000
170.700000 -16.740000 14.500000
170.700000 -13.900000 14.500000
170.700000 -11.060000 14.500000
170.700000 -8.220000 14.500000
170.700000 -5.380000 14.500000
170.700000 -2.540000 14.500000
170.700000 0.300000 14.500000
170.700000 3.140000 14.500000
170.700000 5.980000 14.500000
170.700000 8.820000 14.500000
170.700000 11.660000 14.500000
170.700000 14.500000 14.500000
170.700000 17.340000 14.500000
170.700000 20.180000 14.500000
170.700000 23.020000 14.500000
170.700000 25.860000 14.500000
170.700000 28.700000 14.500000
170.700000 31.540000 14.500000
170.700000 34.380000 14.500000
170.700000 37.220000 14.500000
170.700000 40.060000 14.500000
170.700000 42.900000 14.500000
170.700000 45.740000 14.500000
170.700000 48.580000 14.500000
170.700000 51.420000 14.500000
170.700000 54.260000 14.500000
170.700000 57.100000 14.500000
170.700000 59.940000 14.500000
170.700000 62.780000 14.500000
170.700000 65.620000 14.500000
170.700000 -30.940000 17.340000
170.700000 -28.100000 17.340000
170.700000 -25.260000 17.340000
170.700000 -22.420000 17.340000
170.700000 -19.580000 17.340000
170.700000 -16.740000 17.340000
170.700000 -13.900000 17.340000
170.700000 -11.060000 17.340000
170.700000 -8.220000 17.340000
170.700000 -5.380000 17.340000
170.700000 -2.540000 17.340000
170.700000 0.300000 17.340000
170.700000 3.140000 17.340000
170.700000 5.980000 17.340000
170.700000 8.820000 17.340000
170.700000 11.660000 17.340000
170.700000 14.500000 17.340000
170.700000 17.340000 17.340000
170.700000 20.180000 17.340000
170.700000 23.020000 17.340000
170.700000 25.860000 17.340000
170.700000 28.700000 17.340000
170.700000 31.540000 17.340000
170.700000 34.380000 17.340000
170.700000 37.220000 17.340000
170.700000 40.060000 17.340000
170.700000 42.900000 17.340000
170.700000 45.740000 17.340000
170.700000 48.580000 17.340000
170.700000 51.420000 17.340000
170.700000 54.260000 17.340000
170.700000 57.100000 17.340000
170.700000 59.940000 17.340000
170.700000 62.780000 17.340000
170.700000 65.620000 17.340000
173.540000 -30.940000 11.660000
173.540000 -28.100000 11.660000
173.540000 -25.260000 11.660000
173.540000 -22.420000 11.660000
173.540000 -19.580000 11.660000
173.540000 -16.740000 11.660000
173.540000 -13.900000 11.660000
173.540000 -11.060000 11.660000
173.540000 -8.220000 11.660000
173.540000 -5.380000 11.660000
173.540000 -2.540000 11.660000
173.540000 0.300000 11.660000
173.540000 3.140000 11.660000
173.540000 5.980000 11.660000
173.540000 8.820000 11.660000
173.540000 11.660000 11.660000
173.540000 14.500000 11.660000
173.540000 17.340000 11.660000
173.540000 20.180000 11.660000
173.540000 23.020000 11.660000
173.540000 25.860000 11.660000
173.540000 28.700000 11.660000
173.540000 31.540000 11.660000
173.540000 34.380000 11.660000
173.540000 37.220000 11.660000
173.540000 40.060000 11.660000
173.540000 42.900000 11.660000
173.540000 45.740000 11.660000
173.540000 48.580000 11.660000
173.540000 51.420000 11.660000
173.540000 54.260000 11.660000
173.540000 57.100000 11.660000
173.540000 59.940000 11.660000
173.540000 62.780000 11.660000
173.540000 65.620000 11.660000
173.540000 -30.940000 14.500000
173.540000 -28.100000 14.500000
173.540000 -25.260000 14.500000
173.540000 -22.420000 14.500000
173.540000 -19.580000 14.500000
173.540000 -16.740000 14.500000
173.540000 -13.900000 14.500000
173.540000 -11.060000 14.500000
173.540000 -8.220000 14.500000
173.540000 -5.380000 14.500000
173.540000 -2.540000 14.500000
173.540000 0.300000 14.500000
173.540000 3.140000 14.500000
173.540000 5.980000 14.500000
173.540000 8.820000 14.500000
173.540000 11.660000 14.500000
173.540000 14.500000 14.500000
173.540000 17.340000 14.500000
173.540000 20.180000 14.500000
173.540000 23.020000 14.500000
173.540000 25.860000 14.500000
173.540000 28.700000 14.500000
173.540000 31.540000 14.500000
173.540000 34.380000 14.500000
173.540000 37.220000 14.500000
173.540000 40.060000 14.500000
173.540000 42.900000 14.500000
173.540000 45.740000 14.500000
173.540000 48.580000 14.500000
173.540000 51.420000 14.500000
173.540000 54.260000 14.500000
173.540000 57.100000 14.500000
173.540000 59.940000 14.500000
173.540000 62.780000 14.500000
173.540000 65.620000 14.500000
173.540000 -30.940000 17.340000
173.540000 -28.100000 17.340000
173.540000 -25.260000 17.340000
173.540000 -22.420000 17.340000
173.540000 -19.580000 17.340000
173.540000 -16.740000 17.340000
173.540000 -13.900000 17.340000
173.540000 -11.060000 17.340000
173.540000 -8.220000 17.340000
173.540000 -5.380000 17.340000
173.540000 -2.540000 17.340000
173.540000 0.300000 17.340000
173.540000 3.140000 17.340000
173.540000 5.980000 17.340000
173.540000 8.820000 17.340000
173.540000 11.660000 17.340000
173.540000 14.500000 17.340000
173.540000 17.340000 17.340000
173.540000 20.180000 17.340000
173.540000 23.020000 17.340000
173.540000 25.860000 17.340000
173.540000 28.700000 17.340000
173.540000 31.540000 17.340000
173.540000 34.380000 17.340000
173.540000 37.220000 17.340000
173.540000 40.060000 17.340000
173.540000 42.900000 17.340000
173.540000 45.740000 17.340000
173.540000 48.580000 17.340000
173.540000 51.420000 17.340000
173.540000 54.260000 17.340000
173.540000 57.100000 17.340000
173.540000 59.940000 17.340000
173.540000 62.780000 17.340000
173.540000 65.620000 17.340000
176.380000 -30.940000 11.660000
176.380000 -28.100000 11.660000
176.380000 -25.260000 11.660000
176.380000 -22.420000 11.660000
176.380000 -19.580000 11.660000
176.380000 -16.740000 11.660000
176.380000 -13.900000 11.660000
176.380000 -11.060000 11.660000
176.380000 -8.220000 11.660000
176.380000 -5.380000 11.660000
176.380000 -2.540000 11.660000
176.380000 0.300000 11.660000
176.380000 3.140000 11.660000
176.380000 5.980000 11.660000
176.380000 8.820000 11.660000
176.380000 11.660000 11.660000
176.380000 14.500000 11.660000
176.380000 17.340000 11.660000
176.380000 20.180000 11.660000
176.380000 23.020000 11.660000
176.380000 25.860000 11.660000
176.380000 28.700000 11.660000
176.380000 31.540000 11.660000
176.380000 34.380000 11.660000
176.380000 37.220000 11.660000
176.380000 40.060000 11.660000
176.380000 42.900000 11.660000
176.380000 45.740000 11.660000
176.380000 48.580000 11.660000
176.380000 51.420000 11.660000
176.380000 54.260000 11.660000
176.380000 57.100000 11.660000
176.380000 59.940000 11.660000
176.380000 62.780000 11.660000
176.380000 65.620000 11.660000
176.380000 -30.940000 14.500000
176.380000 -28.100000 14.500000
176.380000 -25.260000 14.500000
176.380000 -22.420000 14.500000
176.380000 -19.580000 14.500000
176.380000 -16.740000 14.500000
176.380000 -13.900000 14.500000
176.380000 -11.060000 14.500000
176.380000 -8.220000 14.500000
176.380000 -5.380000 14.500000
176.380000 -2.540000 14.500000
176.380000 0.300000 14.500000
176.380000 3.140000 14.500000
176.380000 5.980000 14.500000
176.380000 8.820000 14.500000
176.380000 11.660000 14.500000
176.380000 14.500000 14.500000
176.380000 17.340000 14.500000
176.380000 20.180000 14.500000
176.380000 23.020000 14.500000
176.380000 25.860000 14.500000
176.380000 28.700000 14.500000
176.380000 31.540000 14.500000
176.380000 34.380000 14.500000
176.380000 37.220000 14.500000
176.380000 40.060000 14.500000
176.380000 42.900000 14.500000
176.380000 45.740000 14.500000
176.380000 48.580000 14.500000
176.380000 51.420000 14.500000
176.380000 54.260000 14.500000
176.380000 57.100000 14.500000
176.380000 59.940000 14.500000
176.380000 62.780000 14.500000
176.380000 65.620000 14.500000
176.380000 -30.940000 17.340000
176.380000 -28.100000 17.340000
176.380000 -25.260000 17.340000
176.380000 -22.420000 17.340000
176.380000 -19.580000 17.340000
176.380000 -16.740000 17.340000
176.380000 -13.900000 17.340000
176.380000 -11.060000 17.340000
176.380000 -8.220000 17.340000
176.380000 -5.380000 17.340000
176.380000 -2.540000 17.340000
176.380000 0.300000 17.340000
176.380000 3.140000 17.340000
176.380000 5.980000 17.340000
176.380000 8.820000 17.340000
176.380000 11.660000 17.340000
176.380000 14.500000 17.340000
176.380000 17.340000 17.340000
176.380000 20.180000 17.340000
176.380000 23.020000 17.340000
176.380000 25.860000 17.340000
176.380000 28.700000 17.340000
176.380000 31.540000 17.340000
176.380000 34.380000 17.340000
176.380000 37.220000 17.340000
176.380000 40.060000 17.340000
176.380000 42.900000 17.340000
176.380000 45.740000 17.340000
176.380000 48.580000 17.340000
176.380000 51.420000 17.340000
176.380000 54.260000 17.340000
176.380000 57.100000 17.340000
176.380000 59.940000 17.340000
176.380000 62.780000 17.340000
176.380000 65.620000 17.340000
179.220000 -30.940000 11.660000
179.220000 -28.100000 11.660000
179.220000 -25.260000 11.660000
179.220000 -22.420000 11.660000
179.220000 -19.580000 11.660000
179.220000 -16.740000 11.660000
179.220000 -13.900000 11.660000
179.220000 -11.060000 11.660000
179.220000 -8.220000 11.660000
179.220000 -5.380000 11.660000
179.220000 -2.540000 11.660000
179.220000 0.300000 11.660000
179.220000 3.140000 11.660000
179.220000 5.980000 11.660000
179.220000 8.820000 11.660000
179.220000 11.660000 11.660000
179.220000 14.500000 11.660000
179.220000 17.340000 11.660000
179.220000 20.180000 11.660000
179.220000 23.020000 11.660000
179.220000 25.860000 11.660000
179.220000 28.700000 11.660000
179.220000 31.540000 11.660000
179.220000 34.380000 11.660000
179.220000 37.220000 11.660000
179.220000 40.060000 11.660000
179.220000 42.900000 11.660000
179.220000 45.740000 11.660000
179.220000 48.580000 11.660000
179.220000 51.420000 11.660000
179.220000 54.260000 11.660000
179.220000 57.100000 11.660000
179.220000 59.940000 11.660000
179.220000 62.780000 11.660000
179.220000 65.620000 11.660000
179.220000 -30.940000 14.500000
179.220000 -28.100000 14.500000
179.220000 -25.260000 14.500000
179.220000 -22.420000 14.500000
179.220000 -19.580000 14.500000
179.220000 -16.740000 14.500000
179.220000 -13.900000 14.500000
179.220000 -11.060000 14.500000
179.220000 -8.220000 14.500000
179.220000 -5.380000 14.500000
179.220000 -2.540000 14.500000
179.220000 0.300000 14.500000
179.220000 3.140000 14.500000
179.220000 5.980000 14.500000
179.220000 8.820000 14.500000
179.220000 11.660000 14.500000
179.220000 14.500000 14.500000
179.220000 17.340000 14.500000
179.220000 20.180000 14.500000
179.220000 23.020000 14.500000
179.220000 25.860000 14.500000
179.220000 28.700000 14.500000
179.220000 31.540000 14.500000
179.220000 34.380000 14.500000
179.220000 37.220000 14.500000
179.220000 40.060000 14.500000
179.220000 42.900000 14.500000
179.220000 45.740000 14.500000
179.220000 48.580000 14.500000
179.220000 51.420000 14.500000
179.220000 54.260000 14.500000
179.220000 57.100000 14.500000
179.220000 59.940000 14.500000
179.220000 62.780000 14.500000
179.220000 65.620000 14.500000
179.220000 -30.940000 17.340000
179.220000 -28.100000 17.340000
179.220000 -25.260000 17.340000
179.220000 -22.420000 17.340000
179.220000 -19.580000 17.340000
179.220000 -16.740000 17.340000
179.220000 -13.900000 17.340000
179.220000 -11.060000 17.340000
179.220000 -8.220000 17.340000
179.220000 -5.380000 17.340000
179.220000 -2.540000 17.340000
179.220000 0.300000 17.340000
179.220000 3.140000 17.340000
179.220000 5.980000 17.340000
179.220000 8.820000 17.340000
179.220000 11.660000 17.340000
179.220000 14.500000 17.340000
179.220000 17.340000 17.340000
179.220000 20.180000 17.340000
179.220000 23.020000 17.340000
179.220000 25.860000 17.340000
179.220000 28.700000 17.340000
179.220000 31.540000 17.340000
179.220000 34.380000 17.340000
179.220000 37.220000 17.340000
179.220000 40.060000 17.340000
179.220000 42.900000 17.340000
179.220000 45.740000 17.340000
179.220000 48.580000 17.340000
179.220000 51.420000 17.340000
179.220000 54.260000 17.340000
179.220000 57.100000 17.340000
179.220000 59.940000 17.340000
179.220000 62.780000 17.340000
179.220000 65.620000 17.340000
182.060000 -30.940000 11.660000
182.060000 -28.100000 11.660000
182.060000 -25.260000 11.660000
182.060000 -22.420000 11.660000
182.060000 -19.580000 11.660000
182.060000 -16.740000 11.660000
182.060000 -13.900000 11.660000
182.060000 -11.060000 11.660000
182.060000 -8.220000 11.660000
182.060000 -5.380000 11.660000
182.060000 -2.540000 11.660000
182.060000 0.300000 11.660000
182.060000 3.140000 11.660000
182.060000 5.980000 11.660000
182.060000 8.820000 11.660000
182.060000 11.660000 11.660000
182.060000 14.500000 11.660000
182.060000 17.340000 11.660000
182.060000 20.180000 11.660000
182.060000 23.020000 11.660000
182.060000 25.860000 11.660000
182.060000 28.700000 11.660000
182.060000 31.540000 11.660000
182.060000 34.380000 11.660000
182.060000 37.220000 11.660000
182.060000 40.060000 11.660000
182.060000 42.900000 11.660000
182.060000 45.740000 11.660000
182.060000 48.580000 11.660000
182.060000 51.420000 11.660000
182.060000 54.260000 11.660000
182.060000 57.100000 11.660000
182.060000 59.940000 11.660000
182.060000 62.780000 11.660000
182.060000 65.620000 11.660000
182.060000 -30.940000 14.500000
182.060000 -28.100000 14.500000
182.060000 -25.260000 14.500000
182.060000 -22.420000 14.500000
182.060000 -19.580000 14.500000
182.060000 -16.740000 14.500000
182.060000 -13.900000 14.500000
182.060000 -11.060000 14.500000
182.060000 -8.220000 14.500000
182.060000 -5.380000 14.500000
182.060000 -2.540000 14.500000
182.060000 0.300000 14.500000
182.060000 3.140000 14.500000
182.060000 5.980000 14.500000
182.060000 8.820000 14.500000
182.060000 11.660000 14.500000
182.060000 14.500000 14.500000
182.060000 17.340000 14.500000
182.060000 20.180000 14.500000
182.060000 23.020000 14.500000
182.060000 25.860000 14.500000
182.060000 28.700000 14.500000
182.060000 31.540000 14.500000
182.060000 34.380000 14.500000
182.060000 37.220000 14.500000
182.060000 40.060000 14.500000
182.060000 42.900000 14.500000
182.060000 45.740000 14.500000
182.060000 48.580000 14.500000
182.060000 51.420000 14.500000
182.060000 54.260000 14.500000
182.060000 57.100000 14.500000
182.060000 59.940000 14.500000
182.060000 62.780000 14.500000
182.060000 65.620000 14.500000
182.060000 -30.940000 17.340000
182.060000 -28.100000 17.340000
182.060000 -25.260000 17.340000
182.060000 -22.420000 17.340000
182.060000 -19.580000 17.340000
182.060000 -16.740000 17.340000
182.060000 -13.900000 17.340000
182.060000 -11.060000 17.340000
182.060000 -8.220000 17.340000
182.060000 -5.380000 17.340000
182.060000 -2.540000 17.340000
182.060000 0.300000 17.340000
182.060000 3.140000 17.340000
182.060000 5.980000 17.340000
182.060000 8.820000 17.340000
182.060000 11.660000 17.340000
182.060000 14.500000 17.340000
182.060000 17.340000 17.340000
182.060000 20.180000 17.340000
182.060000 23.020000 17.340000
182.060000 25.860000 17.340000
182.060000 28.700000 17.340000
182.060000 31.540000 17.340000
182.060000 34.380000 17.340000
182.060000 37.220000 17.340000
182.060000 40.060000 17.340000
182.060000 42.900000 17.340000
182.060000 45.740000 17.340000
182.060000 48.580000 17.340000
182.060000 51.420000 17.340000
182.060000 54.260000 17.340000
182.060000 57.100000 17.340000
182.060000 59.940000 17.340000
182.060000 62.780000 17.340000
182.060000 65.620000 17.340000
184.900000 -30.940000 11.660000
184.900000 -28.100000 11.660000
184.900000 -25.260000 11.660000
184.900000 -22.420000 11.660000
184.900000 -19.580000 11.660000
184.900000 -16.740000 11.660000
184.900000 -13.900000 11.660000
184.900000 -11.060000 11.660000
184.900000 -8.220000 11.660000
184.900000 -5.380000 11.660000
184.900000 -2.540000 11.660000
184.900000 0.300000 11.660000
184.900000 3.140000 11.660000
184.900000 5.980000 11.660000
184.900000 8.820000 11.660000
184.900000 11.660000 11.660000
184.900000 14.500000 11.660000
184.900000 17.340000 11.660000
184.900000 20.180000 11.660000
184.900000 23.020000 11.660000
184.900000 25.860000 11.660000
184.900000 28.700000 11.660000
184.900000 31.540000 11.660000
184.900000 34.380000 11.660000
184.900000 37.220000 11.660000
184.900000 40.060000 11.660000
184.900000 42.900000 11.660000
184.900000 45.740000 11.660000
184.900000 48.580000 11.660000
184.900000 51.420000 11.660000
184.900000 54.260000 11.660000
184.900000 57.100000 11.660000
184.900000 59.940000 11.660000
184.900000 62.780000 11.660000
184.900000 65.620000 11.660000
184.900000 -30.940000 14.500000
184.900000 -28.100000 14.500000
184.900000 -25.260000 14.500000
184.900000 -22.420000 14.500000
184.900000 -19.580000 14.500000
184.900000 -16.740000 14.500000
184.900000 -13.900000 14.500000
184.900000 -11.060000 14.500000
184.900000 -8.220000 14.500000
184.900000 -5.380000 14.500000
184.900000 -2.540000 14.500000
184.900000 0.300000 14.500000
184.900000 3.140000 14.500000
184.900000 5.980000 14.500000
184.900000 8.820000 14.500000
184.900000 11.660000 14.500000
184.900000 14.500000 14.500000
184.900000 17.340000 14.500000
184.900000 20.180000 14.500000
184.900000 23.020000 14.500000
184.900000 25.860000 14.500000
184.900000 28.700000 14.500000
184.900000 31.540000 14.500000
184.900000 34.380000 14.500000
184.900000 37.220000 14.500000
184.900000 40.060000 14.500000
184.900000 42.900000 14.500000
184.900000 45.740000 14.500000
184.900000 48.580000 14.500000
184.900000 51.420000 14.500000
184.900000 54.260000 14.500000
184.900000 57.100000 14.500000
184.900000 59.940000 14.500000
184.900000 62.780000 14.500000
184.900000 65.620000 14.500000
184.900000 -30.940000 17.340000
184.900000 -28.100000 17.340000
184.900000 -25.260000 17.340000
184.900000 -22.420000 17.340000
184.900000 -19.580000 17.340000
184.900000 -16.740000 17.340000
184.900000 -13.900000 17.340000
184.900000 -11.060000 17.340000
184.900000 -8.220000 17.340000
184.900000 -5.380000 17.340000
184.900000 -2.540000 17.340000
184.900000 0.300000 17.340000
184.900000 3.140000 17.340000
184.900000 5.980000 17.340000
184.900000 8.820000 17.340000
184.900000 11.660000 17.340000
184.900000 14.500000 17.340000
184.900000 17.340000 17.340000
184.900000 20.180000 17.340000
184.900000 23.020000 17.340000
184.900000 25.860000 17.340000
184.900000 28.700000 17.340000
184.900000 31.540000 17.340000
184.900000 34.380000 17.340000
184.900000 37.220000 17.340000
184.900000 40.060000 17.340000
184.900000 42.900000 17.340000
184.900000 45.740000 17.340000
184.900000 48.580000 17.340000
184.900000 51.420000 17.340000
184.900000 54.260000 17.340000
184.900000 57.100000 17.340000
184.900000 59.940000 17.340000
184.900000 62.780000 17.340000
184.900000 65.620000 17.340000
187.740000 -30.940000 11.660000
187.740000 -28.100000 11.660000
187.740000 -25.260000 11.660000
187.740000 -22.420000 11.660000
187.740000 -19.580000 11.660000
187.740000 -16.740000 11.660000
187.740000 -13.900000 11.660000
187.740000 -11.060000 11.660000
187.740000 -8.220000 11.660000
187.740000 -5.380000 11.660000
187.740000 -2.540000 11.660000
187.740000 0.300000 11.660000
187.740000 3.140000 11.660000
187.740000 5.980000 11.660000
187.740000 8.820000 11.660000
187.740000 11.660000 11.660000
187.740000 14.500000 11.660000
187.740000 17.340000 11.660000
187.740000 20.180000 11.660000
187.740000 23.020000 11.660000
187.740000 25.860000 11.660000
187.740000 28.700000 11.660000
187.740000 31.540000 11.660000
187.740000 34.380000 11.660000
187.740000 37.220000 11.660000
187.740000 40.060000 11.660000
187.740000 42.900000 11.660000
187.740000 45.740000 11.660000
187.740000 48.580000 11.660000
187.740000 51.420000 11.660000
187.740000 54.260000 11.660000
187.740000 57.100000 11.660000
187.740000 59.940000 11.660000
187.740000 62.780000 11.660000
187.740000 65.620000 11.660000
187.740000 -30.940000 14.500000
187.740000 -28.100000 14.500000
187.740000 -25.260000 14.500000
187.740000 -22.420000 14.500000
187.740000 -19.580000 14.500000
187.740000 -16.740000 14.500000
187.740000 -13.900000 14.500000
187.740000 -11.060000 14.500000
187.740000 -8.220000 14.500000
187.740000 -5.380000 14.500000
187.740000 -2.540000 14.500000
187.740000 0.300000 14.500000
187.740000 3.140000 14.500000
187.740000 5.980000 14.500000
187.740000 8.820000 14.500000
187.740000 11.660000 14.500000
187.740000 14.500000 14.500000
187.740000 17.340000 14.500000
187.740000 20.180000 14.500000
187.740000 23.020000 14.500000
187.740000 25.860000 14.500000
187.740000 28.700000 14.500000
187.740000 31.540000 14.500000
187.740000 34.380000 14.500000
187.740000 37.220000 14.500000
187.740000 40.060000 14.500000
187.740000 42.900000 14.500000
187.740000 45.740000 14.500000
187.740000 48.580000 14.500000
187.740000 51.420000 14.500000
187.740000 54.260000 14.500000
187.740000 57.100000 14.500000
187.740000 59.940000 14.500000
187.740000 62.780000 14.500000
187.740000 65.620000 14.500000
187.740000 -30.940000 17.340000
187.740000 -28.100000 17.340000
187.740000 -25.260000 17.340000
187.740000 -22.420000 17.340000
187.740000 -19.580000 17.340000
187.740000 -16.740000 17.340000
187.740000 -13.900000 17.340000
187.740000 -11.060000 17.340000
187.740000 -8.220000 17.340000
187.740000 -5.380000 17.340000
187.740000 -2.540000 17.340000
187.740000 0.300000 17.340000
187.740000 3.140000 17.340000
187.740000 5.980000 17.340000
187.740000 8.820000 17.340000
187.740000 11.660000 17.340000
187.740000 14.500000 17.340000
187.740000 17.340000 17.340000
187.740000 20.180000 17.340000
187.740000 23.020000 17.340000
187.740000 25.860000 17.340000
187.740000 28.700000 17.340000
187.740000 31.540000 17.340000
187.740000 34.380000 17.340000
187.740000 37.220000 17.340000
187.740000 40.060000 17.340000
187.740000 42.900000 17.340000
187.740000 45.740000 17.340000
187.740000 48.580000 17.340000
187.740000 51.420000 17.340000
187.740000 54.260000 17.340000
187.740000 57.100000 17.340000
187.740000 59.940000 17.340000
187.740000 62.780000 17.340000
187.740000 65.620000 17.340000
190.580000 -30.940000 11.660000
190.580000 -28.100000 11.660000
190.580000 -25.260000 11.660000
190.580000 -22.420000 11.660000
190.580000 -19.580000 11.660000
190.580000 -16.740000 11.660000
190.580000 -13.900000 11.660000
190.580000 -11.060000 11.660000
190.580000 -8.220000 11.660000
190.580000 -5.380000 11.660000
190.580000 -2.540000 11.660000
190.580000 0.300000 11.660000
190.580000 3.140000 11.660000
190.580000 5.980000 11.660000
190.580000 8.820000 11.660000
190.580000 11.660000 11.660000
190.580000 14.500000 11.660000
190.580000 17.340000 11.660000
190.580000 20.180000 11.660000
190.580000 23.020000 11.660000
190.580000 25.860000 11.660000
190.580000 28.700000 11.660000
190.580000 31.540000 11.660000
190.580000 34.380000 11.660000
190.580000 37.220000 11.660000
190.580000 40.060000 11.660000
190.580000 42.900000 11.660000
190.580000 45.740000 11.660000
190.580000 48.580000 11.660000
190.580000 51.420000 11.660000
190.580000 54.260000 11.660000
190.580000 57.100000 11.660000
190.580000 59.940000 11.660000
190.580000 62.780000 11.660000
190.580000 65.620000 11.660000
190.580000 -30.940000 14.500000
190.580000 -28.100000 14.500000
190.580000 -25.260000 14.500000
190.580000 -22.420000 14.500000
190.580000 -19.580000 14.500000
190.580000 -16.740000 14.500000
190.580000 -13.900000 14.500000
190.580000 -11.060000 14.500000
190.580000 -8.220000 14.500000
190.580000 -5.380000 14.500000
190.580000 -2.540000 14.500000
190.580000 0.300000 14.500000
190.580000 3.140000 14.500000
190.580000 5.980000 14.500000
190.580000 8.820000 14.500000
190.580000 11.660000 14.500000
190.580000 14.500000 14.500000
190.580000 17.340000 14.500000
190.580000 20.180000 14.500000
190.580000 23.020000 14.500000
190.580000 25.860000 14.500000
190.580000 28.700000 14.500000
190.580000 31.540000 14.500000
190.580000 34.380000 14.500000
190.580000 37.220000 14.500000
190.580000 40.060000 14.500000
190.580000 42.900000 14.500000
190.580000 45.740000 14.500000
190.580000 48.580000 14.500000
190.580000 51.420000 14.500000
190.580000 54.260000 14.500000
190.580000 57.100000 14.500000
190.580000 59.940000 14.500000
190.580000 62.780000 14.500000
190.580000 65.620000 14.500000
190.580000 -30.940000 17.340000
190.580000 -28.100000 17.340000
190.580000 -25.260000 17.340000
190.580000 -22.420000 17.340000
190.580000 -19.580000 17.340000
190.580000 -16.740000 17.340000
190.580000 -13.900000 17.340000
190.580000 -11.060000 17.340000
190.580000 -8.220000 17.340000
190.580000 -5.380000 17.340000
190.580000 -2.540000 17.340000
190.580000 0.300000 17.340000
190.580000 3.140000 17.340000
190.580000 5.980000 17.340000
190.580000 8.820000 17.340000
190.580000 11.660000 17.340000
190.580000 14.500000 17.340000
190.580000 17.340000 17.340000
190.580000 20.180000 17.340000
190.580000 23.020000 17.340000
190.580000 25.860000 17.340000
190.580000 28.700000 17.340000
190.580000 31.540000 17.340000
190.580000 34.380000 17.340000
190.580000 37.220000 17.340000
190.580000 40.060000 17.340000
190.580000 42.900000 17.340000
190.580000 45.740000 17.340000
190.580000 48.580000 17.340000
190.580000 51.420000 17.340000
190.580000 54.260000 17.340000
190.580000 57.100000 17.340000
190.580000 59.940000 17.340000
190.580000 62.780000 17.340000
190.580000 65.620000 17.340000
193.420000 -30.940000 11.660000
193.420000 -28.100000 11.660000
193.420000 -25.260000 11.660000
193.420000 -22.420000 11.660000
193.420000 -19.580000 11.660000
193.420000 -16.740000 11.660000
193.420000 -13.900000 11.660000
193.420000 -11.060000 11.660000
193.420000 -8.220000 11.660000
193.420000 -5.380000 11.660000
193.420000 -2.540000 11.660000
193.420000 0.300000 11.660000
193.420000 3.140000 11.660000
193.420000 5.980000 11.660000
193.420000 8.820000 11.660000
193.420000 11.660000 11.660000
193.420000 14.500000 11.660000
193.420000 17.340000 11.660000
193.420000 20.180000 11.660000
193.420000 23.020000 11.660000
193.420000 25.860000 11.660000
193.420000 28.700000 11.660000
193.420000 31.540000 11.660000
193.420000 34.380000 11.660000
193.420000 37.220000 11.660000
193.420000 40.060000 11.660000
193.420000 42.900000 11.660000
193.420000 45.740000 11.660000
193.420000 48.580000 11.660000
193.420000 51.420000 11.660000
193.420000 54.260000 11.660000
193.420000 57.100000 11.660000
193.420000 59.940000 11.660000
193.420000 62.780000 11.660000
193.420000 65.620000 11.660000
193.420000 -30.940000 14.500000
193.420000 -28.100000 14.500000
193.420000 -25.260000 14.500000
193.420000 -22.420000 14.500000
193.420000 -19.580000 14.500000
193.420000 -16.740000 14.500000
193.420000 -13.900000 14.500000
193.420000 -11.060000 14.500000
193.420000 -8.220000 14.500000
193.420000 -5.380000 14.500000
193.420000 -2.540000 14.500000
193.420000 0.300000 14.500000
193.420000 3.140000 14.500000
193.420000 5.980000 14.500000
193.420000 8.820000 14.500000
193.420000 11.660000 14.500000
193.420000 14.500000 14.500000
193.420000 17.340000 14.500000
193.420000 20.180000 14.500000
193.420000 23.020000 14.500000
193.420000 25.860000 14.500000
193.420000 28.700000 14.500000
193.420000 31.540000 14.500000
193.420000 34.380000 14.500000
193.420000 37.220000 14.500000
193.420000 40.060000 14.500000
193.420000 42.900000 14.500000
193.420000 45.740000 14.500000
193.420000 48.580000 14.500000
193.420000 51.420000 14.500000
193.420000 54.260000 14.500000
193.420000 57.100000 14.500000
193.420000 59.940000 14.500000
193.420000 62.780000 14.500000
193.420000 65.620000 14.500000
193.420000 -30.940000 17.340000
193.420000 -28.100000 17.340000
193.420000 -25.260000 17.340000
193.420000 -22.420000 17.340000
193.420000 -19.580000 17.340000
193.420000 -16.740000 17.340000
193.420000 -13.900000 17.340000
193.420000 -11.060000 17.340000
193.420000 -8.220000 17.340000
193.420000 -5.380000 17.340000
193.420000 -2.540000 17.340000
193.420000 0.300000 17.340000
193.420000 3.140000 17.340000
193.420000 5.980000 17.340000
193.420000 8.820000 17.340000
193.420000 11.660000 17.340000
193.420000 14.500000 17.340000
193.420000 17.340000 17.340000
193.420000 20.180000 17.340000
193.420000 23.020000 17.340000
193.420000 25.860000 17.340000
193.420000 28.700000 17.340000
193.420000 31.540000 17.340000
193.420000 34.380000 17.340000
193.420000 37.220000 17.340000
193.420000 40.060000 17.340000
193.420000 42.900000 17.340000
193.420000 45.740000 17.340000
193.420000 48.580000 17.340000
193.420000 51.420000 17.340000
193.420000 54.260000 17.340000
193.420000 57.100000 17.340000
193.420000 59.940000 17.340000
193.420000 62.780000 17.340000
193.420000 65.620000 17.340000
196.260000 -2.540000 11.660000
196.260000 0.300000 11.660000
196.260000 3.140000 11.660000
196.260000 5.980000 11.660000
196.260000 8.820000 11.660000
196.260000 11.660000 11.660000
196.260000 14.500000 11.660000
196.260000 17.340000 11.660000
196.260000 20.180000 11.660000
196.260000 23.020000 11.660000
196.260000 25.860000 11.660000
196.260000 28.700000 11.660000
196.260000 31.540000 11.660000
196.260000 34.380000 11.660000
196.260000 37.220000 11.660000
196.260000 -2.540000 14.500000
196.260000 0.300000 14.500000
196.260000 3.140000 14.500000
196.260000 5.980000 14.500000
196.260000 8.820000 14.500000
196.260000 11.660000 14.500000
196.260000 14.500000 14.500000
196.260000 17.340000 14.500000
196.260000 20.180000 14.500000
196.260000 23.020000 14.500000
196.260000 25.860000 14.500000
196.260000 28.700000 14.500000
196.260000 31.540000 14.500000
196.260000 34.380000 14.500000
196.260000 37.220000 14.500000
196.260000 -2.540000 17.340000
196.260000 0.300000 17.340000
196.260000 3.140000 17.340000
196.260000 5.980000 17.340000
196.260000 8.820000 17.340000
196.260000 11.660000 17.340000
196.260000 14.500000 17.340000
196.260000 17.340000 17.340000
196.260000 20.180000 17.340000
196.260000 23.020000 17.340000
196.260000 25.860000 17.340000
196.260000 28.700000 17.340000
196.260000 31.540000 17.340000
196.260000 34.380000 17.340000
196.260000 37.220000 17.340000
199.100000 -2.540000 11.660000
199.100000 0.300000 11.660000
199.100000 3.140000 11.660000
199.100000 5.980000 11.660000
199.100000 8.820000 11.660000
199.100000 11.660000 11.660000
199.100000 14.500000 11.660000
199.100000 17.340000 11.660000
199.100000 20.180000 11.660000
199.100000 23.020000 11.660000
199.100000 25.860000 11.660000
199.100000 28.700000 11.660000
199.100000 31.540000 11.660000
199.100000 34.380000 11.660000
199.100000 37.220000 11.660000
199.100000 -2.540000 14.500000
199.100000 0.300000 14.500000
199.100000 3.140000 14.500000
199.100000 5.980000 14.500000
199.100000 8.820000 14.500000
199.100000 11.660000 14.500000
199.100000 14.500000 14.500000
199.100000 17.340000 14.500000
199.100000 20.180000 14.500000
199.100000 23.020000 14.500000
199.100000 25.860000 14.500000
199.100000 28.700000 14.500000
199.100000 31.540000 14.500000
199.100000 34.380000 14.500000
199.100000 37.220000 14.500000
199.100000 -2.540000 17.340000
199.100000 0.300000 17.340000
199.100000 3.140000 17.340000
199.100000 5.980000 17.340000
199.100000 8.820000 17.340000
199.100000 11.660000 17.340000
199.100000 14.500000 17.340000
199.100000 17.340000 17.340000
199.100000 20.180000 17.340000
199.100000 23.020000 17.340000
199.100000 25.860000 17.340000
199.100000 28.700000 17.340000
199.100000 31.540000 17.340000
199.100000 34.380000 17.340000
199.100000 37.220000 17.340000
201.940000 -2.540000 11.660000
201.940000 0.300000 11.660000
201.940000 3.140000 11.660000
201.940000 5.980000 11.660000
201.940000 8.820000 11.660000
201.940000 11.660000 11.660000
201.940000 14.500000 11.660000
201.940000 17.340000 11.660000
201.940000 20.180000 11.660000
201.940000 23.020000 11.660000
201.940000 25.860000 11.660000
201.940000 28.700000 11.660000
201.940000 31.540000 11.660000
201.940000 34.380000 11.660000
201.940000 37.220000 11.660000
201.940000 -2.540000 14.500000
201.940000 0.300000 14.500000
201.940000 3.140000 14.500000
201.940000 5.980000 14.500000
201.940000 8.820000 14.500000
201.940000 11.660000 14.500000
201.940000 14.500000 14.500000
201.940000 17.340000 14.500000
201.940000 20.180000 14.500000
201.940000 23.020000 14.500000
201.940000 25.860000 14.500000
201.940000 28.700000 14.500000
201.940000 31.540000 14.500000
201.940000 34.380000 14.500000
201.940000 37.220000 14.500000
201.940000 -2.540000 17.340000
201.940000 0.300000 17.340000
201.940000 3.140000 17.340000
201.940000 5.980000 17.340000
201.940000 8.820000 17.340000
201.940000 11.660000 17.340000
201.940000 14.500000 17.340000
201.940000 17.340000 17.340000
201.940000 20.180000 17.340000
201.940000 23.020000 17.340000
201.940000 25.860000 17.340000
201.940000 28.700000 17.340000
201.940000 31.540000 17.340000
201.940000 34.380000 17.340000
201.940000 37.220000 17.340000
204.780000 -2.540000 11.660000
204.780000 0.300000 11.660000
204.780000 3.140000 11.660000
204.780000 5.980000 11.660000
204.780000 8.820000 11.660000
204.780000 11.660000 11.660000
204.780000 14.500000 11.660000
204.780000 17.340000 11.660000
204.780000 20.180000 11.660000
204.780000 23.020000 11.660000
204.780000 25.860000 11.660000
204.780000 28.700000 11.660000
204.780000 31.540000 11.660000
204.780000 34.380000 11.660000
204.780000 37.220000 11.660000
204.780000 -2.540000 14.500000
204.780000 0.300000 14.500000
204.780000 3.140000 14.500000
204.780000 5.980000 14.500000
204.780000 8.820000 14.500000
204.780000 11.660000 14.500000
204.780000 14.500000 14.500000
204.780000 17.340000 14.500000
204.780000 20.180000 14.500000
204.780000 23.020000 14.500000
204.780000 25.860000 14.500000
204.780000 28.700000 14.500000
204.780000 31.540000 14.500000
204.780000 34.380000 14.500000
204.780000 37.220000 14.500000
204.780000 -2.540000 17.340000
204.780000 0.300000 17.340000
204.780000 3.140000 17.340000
204.780000 5.980000 17.340000
204.780000 8.820000 17.340000
204.780000 11.660000 17.340000
204.780000 14.500000 17.340000
204.780000 17.340000 17.340000
204.780000 20.180000 17.340000
204.780000 23.020000 17.340000
204.780000 25.860000 17.340000
204.780000 28.700000 17.340000
204.780000 31.540000 17.340000
204.780000 34.380000 17.340000
204.780000 37.220000 17.340000
207.620000 -2.540000 11.660000
207.620000 0.300000 11.660000
207.620000 3.140000 11.660000
207.620000 5.980000 11.660000
207.620000 8.820000 11.660000
207.620000 11.660000 11.660000
207.620000 14.500000 11.660000
207.620000 17.340000 11.660000
207.620000 20.180000 11.660000
207.620000 23.020000 11.660000
207.620000 25.860000 11.660000
207.620000 28.700000 11.660000
207.620000 31.540000 11.660000
207.620000 34.380000 11.660000
207.620000 37.220000 11.660000
207.620000 -2.540000 14.500000
207.620000 0.300000 14.500000
207.620000 3.140000 14.500000
207.620000 5.980000 14.500000
207.620000 8.820000 14.500000
207.620000 11.660000 14.500000
207.620000 14.500000 14.500000
207.620000 17.340000 14.500000
207.620000 20.180000 14.500000
207.620000 23.020000 14.500000
207.620000 25.860000 14.500000
207.620000 28.700000 14.500000
207.620000 31.540000 14.500000
207.620000 34.380000 14.500000
207.620000 37.220000 14.500000
207.620000 -2.540000 17.340000
207.620000 0.300000 17.340000
207.620000 3.140000 17.340000
207.620000 5.980000 17.340000
207.620000 8.820000 17.340000
207.620000 11.660000 17.340000
207.620000 14.500000 17.340000
207.620000 17.340000 17.340000
207.620000 20.180000 17.340000
207.620000 23.020000 17.340000
207.620000 25.860000 17.340000
207.620000 28.700000 17.340000
207.620000 31.540000 17.340000
207.620000 34.380000 17.340000
207.620000 37.220000 17.340000
210.460000 -2.540000 11.660000
210.460000 0.300000 11.660000
210.460000 3.140000 11.660000
210.460000 5.980000 11.660000
210.460000 8.820000 11.660000
210.460000 11.660000 11.660000
210.460000 14.500000 11.660000
210.460000 17.340000 11.660000
210.460000 20.180000 11.660000
210.460000 23.020000 11.660000
210.460000 25.860000 11.660000
210.460000 28.700000 11.660000
210.460000 31.540000 11.660000
210.460000 34.380000 11.660000
210.460000 37.220000 11.660000
210.460000 -2.540000 14.500000
210.460000 0.300000 14.500000
210.460000 3.140000 14.500000
210.460000 5.980000 14.500000
210.460000 8.820000 14.500000
210.460000 11.660000 14.500000
210.460000 14.500000 14.500000
210.460000 17.340000 14.500000
210.460000 20.180000 14.500000
210.460000 23.020000 14.500000
210.460000 25.860000 14.500000
210.460000 28.700000 14.500000
210.460000 31.540000 14.500000
210.460000 34.380000 14.500000
210.460000 37.220000 14.500000
210.460000 -2.540000 17.340000
210.460000 0.300000 17.340000
210.460000 3.140000 17.340000
210.460000 5.980000 17.340000
210.460000 8.820000 17.340000
210.460000 11.660000 17.340000
210.460000 14.500000 17.340000
210.460000 17.340000 17.340000
210.460000 20.180000 17.340000
210.460000 23.020000 17.340000
210.460000 25.860000 17.340000
210.460000 28.700000 17.340000
210.460000 31.540000 17.340000
210.460000 34.380000 17.340000
210.460000 37.220000 17.340000
213.300000 -2.540000 11.660000
213.300000 0.300000 11.660000
213.300000 3.140000 11.660000
213.300000 5.980000 11.660000
213.300000 8.820000 11.660000
213.300000 11.660000 11.660000
213.300000 14.500000 11.660000
213.300000 17.340000 11.660000
213.300000 20.180000 11.660000
213.300000 23.020000 11.660000
213.300000 25.860000 11.660000
213.300000 28.700000 11.660000
213.300000 31.540000 11.660000
213.300000 34.380000 11.660000
213.300000 37.220000 11.660000
213.300000 -2.540000 14.500000
213.300000 0.300000 14.500000
213.300000 3.140000 14.500000
213.300000 5.980000 14.500000
213.300000 8.820000 14.500000
213.300000 11.660000 14.500000
213.300000 14.500000 14.500000
213.300000 17.340000 14.500000
213.300000 20.180000 14.500000
213.300000 23.020000 14.500000
213.300000 25.860000 14.500000
213.300000 28.700000 14.500000
213.300000 31.540000 14.500000
213.300000 34.380000 14.500000
213.300000 37.220000 14.500000
213.300000 -2.540000 17.340000
213.300000 0.300000 17.340000
213.300000 3.140000 17.340000
213.300000 5.980000 17.340000
213.300000 8.820000 17.340000
213.300000 11.660000 17.340000
213.300000 14.500000 17.340000
213.300000 17.340000 17.340000
213.300000 20.180000 17.340000
213.300000 23.020000 17.340000
213.300000 25.860000 17.340000
213.300000 28.700000 17.340000
213.300000 31.540000 17.340000
213.300000 34.380000 17.340000
213.300000 37.220000 17.340000
216.140000 -2.540000 11.660000
216.140000 0.300000 11.660000
216.140000 3.140000 11.660000
216.140000 5.980000 11.660000
216.140000 8.820000 11.660000
216.140000 11.660000 11.660000
216.140000 14.500000 11.660000
216.140000 17.340000 11.660000
216.140000 20.180000 11.660000
216.140000 23.020000 11.660000
216.140000 25.860000 11.660000
216.140000 28.700000 11.660000
216.140000 31.540000 11.660000
216.140000 34.380000 11.660000
216.140000 37.220000 11.660000
216.140000 -2.540000 14.500000
216.140000 0.300000 14.500000
216.140000 3.140000 14.500000
216.140000 5.980000 14.500000
216.140000 8.820000 14.500000
216.140000 11.660000 14.500000
216.140000 14.500000 14.500000
216.140000 17.340000 14.500000
216.140000 20.180000 14.500000
216.140000 23.020000 14.500000
216.140000 25.860000 14.500000
216.140000 28.700000 14.500000
216.140000 31.540000 14.500000
216.140000 34.380000 14.500000
216.140000 37.220000 14.500000
216.140000 -2.540000 17.340000
216.140000 0.300000 17.340000
216.140000 3.140000 17.340000
216.140000 5.980000 17.340000
216.140000 8.820000 17.340000
216.140000 11.660000 17.340000
216.140000 14.500000 17.340000
216.140000 17.340000 17.340000
216.140000 20.180000 17.340000
216.140000 23.020000 17.340000
216.140000 25.860000 17.340000
216.140000 28.700000 17.340000
216.140000 31.540000 17.340000
216.140000 34.380000 17.340000
216.140000 37.220000 17.340000
218.980000 -2.540000 11.660000
218.980000 0.300000 11.660000
218.980000 3.140000 11.660000
218.980000 5.980000 11.660000
218.980000 8.820000 11.660000
218.980000 11.660000 11.660000
218.980000 14.500000 11.660000
218.980000 17.340000 11.660000
218.980000 20.180000 11.660000
218.980000 23.020000 11.660000
218.980000 25.860000 11.660000
218.980000 28.700000 11.660000
218.980000 31.540000 11.660000
218.980000 34.380000 11.660000
218.980000 37.220000 11.660000
218.980000 -2.540000 14.500000
218.980000 0.300000 14.500000
218.980000 3.140000 14.500000
218.980000 5.980000 14.500000
218.980000 8.820000 14.500000
218.980000 11.660000 14.500000
218.980000 14.500000 14.500000
218.980000 17.340000 14.500000
218.980000 20.180000 14.500000
218.980000 23.020000 14.500000
218.980000 25.860000 14.500000
218.980000 28.700000 14.500000
218.980000 31.540000 14.500000
218.980000 34.380000 14.500000
218.980000 37.220000 14.500000
218.980000 -2.540000 17.340000
218.980000 0.300000 17.340000
218.980000 3.140000 17.340000
218.980000 5.980000 17.340000
218.980000 8.820000 17.340000
218.980000 11.660000 17.340000
218.980000 14.500000 17.340000
218.980000 17.340000 17.340000
218.980000 20.180000 17.340000
218.980000 23.020000 17.340000
218.980000 25.860000 17.340000
218.980000 28.700000 17.340000
218.980000 31.540000 17.340000
218.980000 34.380000 17.340000
218.980000 37.220000 17.340000
221.820000 -2.540000 11.660000
221.820000 0.300000 11.660000
221.820000 3.140000 11.660000
221.820000 5.980000 11.660000
221.820000 8.820000 11.660000
221.820000 11.660000 11.660000
221.820000 14.500000 11.660000
221.820000 17.340000 11.660000
221.820000 20.180000 11.660000
221.820000 23.020000 11.660000
221.820000 25.860000 11.660000
221.820000 28.700000 11.660000
221.820000 31.540000 11.660000
221.820000 34.380000 11.660000
221.820000 37.220000 11.660000
221.820000 -2.540000 14.500000
221.820000 0.300000 14.500000
221.820000 3.140000 14.500000
221.820000 5.980000 14.500000
221.820000 8.820000 14.500000
221.820000 11.660000 14.500000
221.820000 14.500000 14.500000
221.820000 17.340000 14.500000
221.820000 20.180000 14.500000
221.820000 23.020000 14.500000
221.820000 25.860000 14.500000
221.820000 28.700000 14.500000
221.820000 31.540000 14.500000
221.820000 34.380000 14.500000
221.820000 37.220000 14.500000
221.820000 -2.540000 17.340000
221.820000 0.300000 17.340000
221.820000 3.140000 17.340000
221.820000 5.980000 17.340000
221.820000 8.820000 17.340000
221.820000 11.660000 17.340000
221.820000 14.500000 17.340000
221.820000 17.340000 17.340000
221.820000 20.180000 17.340000
221.820000 23.020000 17.340000
221.820000 25.860000 17.340000
221.820000 28.700000 17.340000
221.820000 31.540000 17.340000
221.820000 34.380000 17.340000
221.820000 37.220000 17.340000
224.660000 -2.540000 11.660000
224.660000 0.300000 11.660000
224.660000 3.140000 11.660000
224.660000 5.980000 11.660000
224.660000 8.820000 11.660000
224.660000 11.660000 11.660000
224.660000 14.500000 11.660000
224.660000 17.340000 11.660000
224.660000 20.180000 11.660000
224.660000 23.020000 11.660000
224.660000 25.860000 11.660000
224.660000 28.700000 11.660000
224.660000 31.540000 11.660000
224.660000 34.380000 11.660000
224.660000 37.220000 11.660000
224.660000 -2.540000 14.500000
224.660000 0.300000 14.500000
224.660000 3.140000 14.500000
224.660000 5.980000 14.500000
224.660000 8.820000 14.500000
224.660000 11.660000 14.500000
224.660000 14.500000 14.500000
224.660000 17.340000 14.500000
224.660000 20.180000 14.500000
224.660000 23.020000 14.500000
224.660000 25.860000 14.500000
224.660000 28.700000 14.500000
224.660000 31.540000 14.500000
224.660000 34.380000 14.500000
224.660000 37.220000 14.500000
224.660000 -2.540000 17.340000
224.660000 0.300000 17.340000
224.660000 3.140000 17.340000
224.660000 5.980000 17.340000
224.660000 8.820000 17.340000
224.660000 11.660000 17.340000
224.660000 14.500000 17.340000
224.660000 17.340000 17.340000
224.660000 20.180000 17.340000
224.660000 23.020000 17.340000
224.660000 25.860000 17.340000
224.660000 28.700000 17.340000
224.660000 31.540000 17.340000
224.660000 34.380000 17.340000
224.660000 37.220000 17.340000
