20.180000 -2.540000 68.460000
20.180000 0.300000 68.460000
20.180000 3.140000 68.460000
20.180000 5.980000 68.460000
20.180000 8.820000 68.460000
20.180000 11.660000 68.460000
20.180000 14.500000 68.460000
20.180000 17.340000 68.460000
20.180000 20.180000 68.460000
20.180000 23.020000 68.460000
20.180000 25.860000 68.460000
20.180000 28.700000 68.460000
20.180000 31.540000 68.460000
20.180000 34.380000 68.460000
20.180000 37.220000 68.460000
20.180000 -2.540000 71.300000
20.180000 0.300000 71.300000
20.180000 3.140000 71.300000
20.180000 5.980000 71.300000
20.180000 8.820000 71.300000
20.180000 11.660000 71.300000
20.180000 14.500000 71.300000
20.180000 17.340000 71.300000
20.180000 20.180000 71.300000
20.180000 23.020000 71.300000
20.180000 25.860000 71.300000
20.180000 28.700000 71.300000
20.180000 31.540000 71.300000
20.180000 34.380000 71.300000
20.180000 37.220000 71.300000
20.180000 -2.540000 74.140000
20.180000 0.300000 74.140000
20.180000 3.140000 74.140000
20.180000 5.980000 74.140000
20.180000 8.820000 74.140000
20.180000 11.660000 74.140000
20.180000 14.500000 74.140000
20.180000 17.340000 74.140000
20.180000 20.180000 74.140000
20.180000 23.020000 74.140000
20.180000 25.860000 74.140000
20.180000 28.700000 74.140000
20.180000 31.540000 74.140000
20.180000 34.380000 74.140000
20.180000 37.220000 74.140000
20.180000 -2.540000 76.980000
20.180000 0.300000 76.980000
20.180000 3.140000 76.980000
20.180000 5.980000 76.980000
20.180000 8.820000 76.980000
20.180000 11.660000 76.980000
20.180000 14.500000 76.980000
20.180000 17.340000 76.980000
20.180000 20.180000 76.980000
20.180000 23.020000 76.980000
20.180000 25.860000 76.980000
20.180000 28.700000 76.980000
20.180000 31.540000 76.980000
20.180000 34.380000 76.980000
20.180000 37.220000 76.980000
20.180000 -2.540000 79.820000
20.180000 0.300000 79.820000
20.180000 3.140000 79.820000
20.180000 5.980000 79.820000
20.180000 8.820000 79.820000
20.180000 11.660000 79.820000
20.180000 14.500000 79.820000
20.180000 17.340000 79.820000
20.180000 20.180000 79.820000
20.180000 23.020000 79.820000
20.180000 25.860000 79.820000
20.180000 28.700000 79.820000
20.180000 31.540000 79.820000
20.180000 34.380000 79.820000
20.180000 37.220000 79.820000
20.180000 -2.540000 82.660000
20.180000 0.300000 82.660000
20.180000 3.140000 82.660000
20.180000 5.980000 82.660000
20.180000 8.820000 82.660000
20.180000 11.660000 82.660000
20.180000 14.500000 82.660000
20.180000 17.340000 82.660000
20.180000 20.180000 82.660000
20.180000 23.020000 82.660000
20.180000 25.860000 82.660000
20.180000 28.700000 82.660000
20.180000 31.540000 82.660000
20.180000 34.380000 82.660000
20.180000 37.220000 82.660000
23.020000 -2.540000 68.460000
23.020000 0.300000 68.460000
23.020000 3.140000 68.460000
23.020000 5.980000 68.460000
23.020000 8.820000 68.460000
23.020000 11.660000 68.460000
23.020000 14.500000 68.460000
23.020000 17.340000 68.460000
23.020000 20.180000 68.460000
23.020000 23.020000 68.460000
23.020000 25.860000 68.460000
23.020000 28.700000 68.460000
23.020000 31.540000 68.460000
23.020000 34.380000 68.460000
23.020000 37.220000 68.460000
23.020000 -2.540000 71.300000
23.020000 0.300000 71.300000
23.020000 3.140000 71.300000
23.020000 5.980000 71.300000
23.020000 8.820000 71.300000
23.020000 11.660000 71.300000
23.020000 14.500000 71.300000
23.020000 17.340000 71.300000
23.020000 20.180000 71.300000
23.020000 23.020000 71.300000
23.020000 25.860000 71.300000
23.020000 28.700000 71.300000
23.020000 31.540000 71.300000
23.020000 34.380000 71.300000
23.020000 37.220000 71.300000
23.020000 -2.540000 74.140000
23.020000 0.300000 74.140000
23.020000 3.140000 74.140000
23.020000 5.980000 74.140000
23.020000 8.820000 74.140000
23.020000 11.660000 74.140000
23.020000 14.500000 74.140000
23.020000 17.340000 74.140000
23.020000 20.180000 74.140000
23.020000 23.020000 74.140000
23.020000 25.860000 74.140000
23.020000 28.700000 74.140000
23.020000 31.540000 74.140000
23.020000 34.380000 74.140000
23.020000 37.220000 74.140000
23.020000 -2.540000 76.980000
23.020000 0.300000 76.980000
23.020000 3.140000 76.980000
23.020000 5.980000 76.980000
23.020000 8.820000 76.980000
23.020000 11.660000 76.980000
23.020000 14.500000 76.980000
23.020000 17.340000 76.980000
23.020000 20.180000 76.980000
23.020000 23.020000 76.980000
23.020000 25.860000 76.980000
23.020000 28.700000 76.980000
23.020000 31.540000 76.980000
23.020000 34.380000 76.980000
23.020000 37.220000 76.980000
23.020000 -2.540000 79.820000
23.020000 0.300000 79.820000
23.020000 3.140000 79.820000
23.020000 5.980000 79.820000
23.020000 8.820000 79.820000
23.020000 11.660000 79.820000
23.020000 14.500000 79.820000
23.020000 17.340000 79.820000
23.020000 20.180000 79.820000
23.020000 23.020000 79.820000
23.020000 25.860000 79.820000
23.020000 28.700000 79.820000
23.020000 31.540000 79.820000
23.020000 34.380000 79.820000
23.020000 37.220000 79.820000
23.020000 -2.540000 82.660000
23.020000 0.300000 82.660000
23.020000 3.140000 82.660000
23.020000 5.980000 82.660000
23.020000 8.820000 82.660000
23.020000 11.660000 82.660000
23.020000 14.500000 82.660000
23.020000 17.340000 82.660000
23.020000 20.180000 82.660000
23.020000 23.020000 82.660000
23.020000 25.860000 82.660000
23.020000 28.700000 82.660000
23.020000 31.540000 82.660000
23.020000 34.380000 82.660000
23.020000 37.220000 82.660000
25.860000 -2.540000 68.460000
25.860000 0.300000 68.460000
25.860000 3.140000 68.460000
25.860000 5.980000 68.460000
25.860000 8.820000 68.460000
25.860000 11.660000 68.460000
25.860000 14.500000 68.460000
25.860000 17.340000 68.460000
25.860000 20.180000 68.460000
25.860000 23.020000 68.460000
25.860000 25.860000 68.460000
25.860000 28.700000 68.460000
25.860000 31.540000 68.460000
25.860000 34.380000 68.460000
25.860000 37.220000 68.460000
25.860000 -2.540000 71.300000
25.860000 0.300000 71.300000
25.860000 3.140000 71.300000
25.860000 5.980000 71.300000
25.860000 8.820000 71.300000
25.860000 11.660000 71.300000
25.860000 14.500000 71.300000
25.860000 17.340000 71.300000
25.860000 20.180000 71.300000
25.860000 23.020000 71.300000
25.860000 25.860000 71.300000
25.860000 28.700000 71.300000
25.860000 31.540000 71.300000
25.860000 34.380000 71.300000
25.860000 37.220000 71.300000
25.860000 -2.540000 74.140000
25.860000 0.300000 74.140000
25.860000 3.140000 74.140000
25.860000 5.980000 74.140000
25.860000 8.820000 74.140000
25.860000 11.660000 74.140000
25.860000 14.500000 74.140000
25.860000 17.340000 74.140000
25.860000 20.180000 74.140000
25.860000 23.020000 74.140000
25.860000 25.860000 74.140000
25.860000 28.700000 74.140000
25.860000 31.540000 74.140000
25.860000 34.380000 74.140000
25.860000 37.220000 74.140000
25.860000 -2.540000 76.980000
25.860000 0.300000 76.980000
25.860000 3.140000 76.980000
25.860000 5.980000 76.980000
25.860000 8.820000 76.980000
25.860000 11.660000 76.980000
25.860000 14.500000 76.980000
25.860000 17.340000 76.980000
25.860000 20.180000 76.980000
25.860000 23.020000 76.980000
25.860000 25.860000 76.980000
25.860000 28.700000 76.980000
25.860000 31.540000 76.980000
25.860000 34.380000 76.980000
25.860000 37.220000 76.980000
25.860000 -2.540000 79.820000
25.860000 0.300000 79.820000
25.860000 3.140000 79.820000
25.860000 5.980000 79.820000
25.860000 8.820000 79.820000
25.860000 11.660000 79.820000
25.860000 14.500000 79.820000
25.860000 17.340000 79.820000
25.860000 20.180000 79.820000
25.860000 23.020000 79.820000
25.860000 25.860000 79.820000
25.860000 28.700000 79.820000
25.860000 31.540000 79.820000
25.860000 34.380000 79.820000
25.860000 37.220000 79.820000
25.860000 -2.540000 82.660000
25.860000 0.300000 82.660000
25.860000 3.140000 82.660000
25.860000 5.980000 82.660000
25.860000 8.820000 82.660000
25.860000 11.660000 82.660000
25.860000 14.500000 82.660000
25.860000 17.340000 82.660000
25.860000 20.180000 82.660000
25.860000 23.020000 82.660000
25.860000 25.860000 82.660000
25.860000 28.700000 82.660000
25.860000 31.540000 82.660000
25.860000 34.380000 82.660000
25.860000 37.220000 82.660000
28.700000 -2.540000 68.460000
28.700000 0.300000 68.460000
28.700000 3.140000 68.460000
28.700000 5.980000 68.460000
28.700000 8.820000 68.460000
28.700000 11.660000 68.460000
28.700000 14.500000 68.460000
28.700000 17.340000 68.460000
28.700000 20.180000 68.460000
28.700000 23.020000 68.460000
28.700000 25.860000 68.460000
28.700000 28.700000 68.460000
28.700000 31.540000 68.460000
28.700000 34.380000 68.460000
28.700000 37.220000 68.460000
28.700000 -2.540000 71.300000
28.700000 0.300000 71.300000
28.700000 3.140000 71.300000
28.700000 5.980000 71.300000
28.700000 8.820000 71.300000
28.700000 11.660000 71.300000
28.700000 14.500000 71.300000
28.700000 17.340000 71.300000
28.700000 20.180000 71.300000
28.700000 23.020000 71.300000
28.700000 25.860000 71.300000
28.700000 28.700000 71.300000
28.700000 31.540000 71.300000
28.700000 34.380000 71.300000
28.700000 37.220000 71.300000
28.700000 -2.540000 74.140000
28.700000 0.300000 74.140000
28.700000 3.140000 74.140000
28.700000 5.980000 74.140000
28.700000 8.820000 74.140000
28.700000 11.660000 74.140000
28.700000 14.500000 74.140000
28.700000 17.340000 74.140000
28.700000 20.180000 74.140000
28.700000 23.020000 74.140000
28.700000 25.860000 74.140000
28.700000 28.700000 74.140000
28.700000 31.540000 74.140000
28.700000 34.380000 74.140000
28.700000 37.220000 74.140000
28.700000 -2.540000 76.980000
28.700000 0.300000 76.980000
28.700000 3.140000 76.980000
28.700000 5.980000 76.980000
28.700000 8.820000 76.980000
28.700000 11.660000 76.980000
28.700000 14.500000 76.980000
28.700000 17.340000 76.980000
28.700000 20.180000 76.980000
28.700000 23.020000 76.980000
28.700000 25.860000 76.980000
28.700000 28.700000 76.980000
28.700000 31.540000 76.980000
28.700000 34.380000 76.980000
28.700000 37.220000 76.980000
28.700000 -2.540000 79.820000
28.700000 0.300000 79.820000
28.700000 3.140000 79.820000
28.700000 5.980000 79.820000
28.700000 8.820000 79.820000
28.700000 11.660000 79.820000
28.700000 14.500000 79.820000
28.700000 17.340000 79.820000
28.700000 20.180000 79.820000
28.700000 23.020000 79.820000
28.700000 25.860000 79.820000
28.700000 28.700000 79.820000
28.700000 31.540000 79.820000
28.700000 34.380000 79.820000
28.700000 37.220000 79.820000
28.700000 -2.540000 82.660000
28.700000 0.300000 82.660000
28.700000 3.140000 82.660000
28.700000 5.980000 82.660000
28.700000 8.820000 82.660000
28.700000 11.660000 82.660000
28.700000 14.500000 82.660000
28.700000 17.340000 82.660000
28.700000 20.180000 82.660000
28.700000 23.020000 82.660000
28.700000 25.860000 82.660000
28.700000 28.700000 82.660000
28.700000 31.540000 82.660000
28.700000 34.380000 82.660000
28.700000 37.220000 82.660000
31.540000 -2.540000 68.460000
31.540000 0.300000 68.460000
31.540000 3.140000 68.460000
31.540000 5.980000 68.460000
31.540000 8.820000 68.460000
31.540000 11.660000 68.460000
31.540000 14.500000 68.460000
31.540000 17.340000 68.460000
31.540000 20.180000 68.460000
31.540000 23.020000 68.460000
31.540000 25.860000 68.460000
31.540000 28.700000 68.460000
31.540000 31.540000 68.460000
31.540000 34.380000 68.460000
31.540000 37.220000 68.460000
31.540000 -2.540000 71.300000
31.540000 0.300000 71.300000
31.540000 3.140000 71.300000
31.540000 5.980000 71.300000
31.540000 8.820000 71.300000
31.540000 11.660000 71.300000
31.540000 14.500000 71.300000
31.540000 17.340000 71.300000
31.540000 20.180000 71.300000
31.540000 23.020000 71.300000
31.540000 25.860000 71.300000
31.540000 28.700000 71.300000
31.540000 31.540000 71.300000
31.540000 34.380000 71.300000
31.540000 37.220000 71.300000
31.540000 -2.540000 74.140000
31.540000 0.300000 74.140000
31.540000 3.140000 74.140000
31.540000 5.980000 74.140000
31.540000 8.820000 74.140000
31.540000 11.660000 74.140000
31.540000 14.500000 74.140000
31.540000 17.340000 74.140000
31.540000 20.180000 74.140000
31.540000 23.020000 74.140000
31.540000 25.860000 74.140000
31.540000 28.700000 74.140000
31.540000 31.540000 74.140000
31.540000 34.380000 74.140000
31.540000 37.220000 74.140000
31.540000 -2.540000 76.980000
31.540000 0.300000 76.980000
31.540000 3.140000 76.980000
31.540000 5.980000 76.980000
31.540000 8.820000 76.980000
31.540000 11.660000 76.980000
31.540000 14.500000 76.980000
31.540000 17.340000 76.980000
31.540000 20.180000 76.980000
31.540000 23.020000 76.980000
31.540000 25.860000 76.980000
31.540000 28.700000 76.980000
31.540000 31.540000 76.980000
31.540000 34.380000 76.980000
31.540000 37.220000 76.980000
31.540000 -2.540000 79.820000
31.540000 0.300000 79.820000
31.540000 3.140000 79.820000
31.540000 5.980000 79.820000
31.540000 8.820000 79.820000
31.540000 11.660000 79.820000
31.540000 14.500000 79.820000
31.540000 17.340000 79.820000
31.540000 20.180000 79.820000
31.540000 23.020000 79.820000
31.540000 25.860000 79.820000
31.540000 28.700000 79.820000
31.540000 31.540000 79.820000
31.540000 34.380000 79.820000
31.540000 37.220000 79.820000
31.540000 -2.540000 82.660000
31.540000 0.300000 82.660000
31.540000 3.140000 82.660000
31.540000 5.980000 82.660000
31.540000 8.820000 82.660000
31.540000 11.660000 82.660000
31.540000 14.500000 82.660000
31.540000 17.340000 82.660000
31.540000 20.180000 82.660000
31.540000 23.020000 82.660000
31.540000 25.860000 82.660000
31.540000 28.700000 82.660000
31.540000 31.540000 82.660000
31.540000 34.380000 82.660000
31.540000 37.220000 82.660000
34.380000 -2.540000 68.460000
34.380000 0.300000 68.460000
34.380000 3.140000 68.460000
34.380000 5.980000 68.460000
34.380000 8.820000 68.460000
34.380000 11.660000 68.460000
34.380000 14.500000 68.460000
34.380000 17.340000 68.460000
34.380000 20.180000 68.460000
34.380000 23.020000 68.460000
34.380000 25.860000 68.460000
34.380000 28.700000 68.460000
34.380000 31.540000 68.460000
34.380000 34.380000 68.460000
34.380000 37.220000 68.460000
34.380000 -2.540000 71.300000
34.380000 0.300000 71.300000
34.380000 3.140000 71.300000
34.380000 5.980000 71.300000
34.380000 8.820000 71.300000
34.380000 11.660000 71.300000
34.380000 14.500000 71.300000
34.380000 17.340000 71.300000
34.380000 20.180000 71.300000
34.380000 23.020000 71.300000
34.380000 25.860000 71.300000
34.380000 28.700000 71.300000
34.380000 31.540000 71.300000
34.380000 34.380000 71.300000
34.380000 37.220000 71.300000
34.380000 -2.540000 74.140000
34.380000 0.300000 74.140000
34.380000 3.140000 74.140000
34.380000 5.980000 74.140000
34.380000 8.820000 74.140000
34.380000 11.660000 74.140000
34.380000 14.500000 74.140000
34.380000 17.340000 74.140000
34.380000 20.180000 74.140000
34.380000 23.020000 74.140000
34.380000 25.860000 74.140000
34.380000 28.700000 74.140000
34.380000 31.540000 74.140000
34.380000 34.380000 74.140000
34.380000 37.220000 74.140000
34.380000 -2.540000 76.980000
34.380000 0.300000 76.980000
34.380000 3.140000 76.980000
34.380000 5.980000 76.980000
34.380000 8.820000 76.980000
34.380000 11.660000 76.980000
34.380000 14.500000 76.980000
34.380000 17.340000 76.980000
34.380000 20.180000 76.980000
34.380000 23.020000 76.980000
34.380000 25.860000 76.980000
34.380000 28.700000 76.980000
34.380000 31.540000 76.980000
34.380000 34.380000 76.980000
34.380000 37.220000 76.980000
34.380000 -2.540000 79.820000
34.380000 0.300000 79.820000
34.380000 3.140000 79.820000
34.380000 5.980000 79.820000
34.380000 8.820000 79.820000
34.380000 11.660000 79.820000
34.380000 14.500000 79.820000
34.380000 17.340000 79.820000
34.380000 20.180000 79.820000
34.380000 23.020000 79.820000
34.380000 25.860000 79.820000
34.380000 28.700000 79.820000
34.380000 31.540000 79.820000
34.380000 34.380000 79.820000
34.380000 37.220000 79.820000
34.380000 -2.540000 82.660000
34.380000 0.300000 82.660000
34.380000 3.140000 82.660000
34.380000 5.980000 82.660000
34.380000 8.820000 82.660000
34.380000 11.660000 82.660000
34.380000 14.500000 82.660000
34.380000 17.340000 82.660000
34.380000 20.180000 82.660000
34.380000 23.020000 82.660000
34.380000 25.860000 82.660000
34.380000 28.700000 82.660000
34.380000 31.540000 82.660000
34.380000 34.380000 82.660000
34.380000 37.220000 82.660000
37.220000 -2.540000 68.460000
37.220000 0.300000 68.460000
37.220000 3.140000 68.460000
37.220000 5.980000 68.460000
37.220000 8.820000 68.460000
37.220000 11.660000 68.460000
37.220000 14.500000 68.460000
37.220000 17.340000 68.460000
37.220000 20.180000 68.460000
37.220000 23.020000 68.460000
37.220000 25.860000 68.460000
37.220000 28.700000 68.460000
37.220000 31.540000 68.460000
37.220000 34.380000 68.460000
37.220000 37.220000 68.460000
37.220000 -2.540000 71.300000
37.220000 0.300000 71.300000
37.220000 3.140000 71.300000
37.220000 5.980000 71.300000
37.220000 8.820000 71.300000
37.220000 11.660000 71.300000
37.220000 14.500000 71.300000
37.220000 17.340000 71.300000
37.220000 20.180000 71.300000
37.220000 23.020000 71.300000
37.220000 25.860000 71.300000
37.220000 28.700000 71.300000
37.220000 31.540000 71.300000
37.220000 34.380000 71.300000
37.220000 37.220000 71.300000
37.220000 -2.540000 74.140000
37.220000 0.300000 74.140000
37.220000 3.140000 74.140000
37.220000 5.980000 74.140000
37.220000 8.820000 74.140000
37.220000 11.660000 74.140000
37.220000 14.500000 74.140000
37.220000 17.340000 74.140000
37.220000 20.180000 74.140000
37.220000 23.020000 74.140000
37.220000 25.860000 74.140000
37.220000 28.700000 74.140000
37.220000 31.540000 74.140000
37.220000 34.380000 74.140000
37.220000 37.220000 74.140000
37.220000 -2.540000 76.980000
37.220000 0.300000 76.980000
37.220000 3.140000 76.980000
37.220000 5.980000 76.980000
37.220000 8.820000 76.980000
37.220000 11.660000 76.980000
37.220000 14.500000 76.980000
37.220000 17.340000 76.980000
37.220000 20.180000 76.980000
37.220000 23.020000 76.980000
37.220000 25.860000 76.980000
37.220000 28.700000 76.980000
37.220000 31.540000 76.980000
37.220000 34.380000 76.980000
37.220000 37.220000 76.980000
37.220000 -2.540000 79.820000
37.220000 0.300000 79.820000
37.220000 3.140000 79.820000
37.220000 5.980000 79.820000
37.220000 8.820000 79.820000
37.220000 11.660000 79.820000
37.220000 14.500000 79.820000
37.220000 17.340000 79.820000
37.220000 20.180000 79.820000
37.220000 23.020000 79.820000
37.220000 25.860000 79.820000
37.220000 28.700000 79.820000
37.220000 31.540000 79.820000
37.220000 34.380000 79.820000
37.220000 37.220000 79.820000
37.220000 -2.540000 82.660000
37.220000 0.300000 82.660000
37.220000 3.140000 82.660000
37.220000 5.980000 82.660000
37.220000 8.820000 82.660000
37.220000 11.660000 82.660000
37.220000 14.500000 82.660000
37.220000 17.340000 82.660000
37.220000 20.180000 82.660000
37.220000 23.020000 82.660000
37.220000 25.860000 82.660000
37.220000 28.700000 82.660000
37.220000 31.540000 82.660000
37.220000 34.380000 82.660000
37.220000 37.220000 82.660000
40.060000 -2.540000 68.460000
40.060000 0.300000 68.460000
40.060000 3.140000 68.460000
40.060000 5.980000 68.460000
40.060000 8.820000 68.460000
40.060000 11.660000 68.460000
40.060000 14.500000 68.460000
40.060000 17.340000 68.460000
40.060000 20.180000 68.460000
40.060000 23.020000 68.460000
40.060000 25.860000 68.460000
40.060000 28.700000 68.460000
40.060000 31.540000 68.460000
40.060000 34.380000 68.460000
40.060000 37.220000 68.460000
40.060000 -2.540000 71.300000
40.060000 0.300000 71.300000
40.060000 3.140000 71.300000
40.060000 5.980000 71.300000
40.060000 8.820000 71.300000
40.060000 11.660000 71.300000
40.060000 14.500000 71.300000
40.060000 17.340000 71.300000
40.060000 20.180000 71.300000
40.060000 23.020000 71.300000
40.060000 25.860000 71.300000
40.060000 28.700000 71.300000
40.060000 31.540000 71.300000
40.060000 34.380000 71.300000
40.060000 37.220000 71.300000
40.060000 -2.540000 74.140000
40.060000 0.300000 74.140000
40.060000 3.140000 74.140000
40.060000 5.980000 74.140000
40.060000 8.820000 74.140000
40.060000 11.660000 74.140000
40.060000 14.500000 74.140000
40.060000 17.340000 74.140000
40.060000 20.180000 74.140000
40.060000 23.020000 74.140000
40.060000 25.860000 74.140000
40.060000 28.700000 74.140000
40.060000 31.540000 74.140000
40.060000 34.380000 74.140000
40.060000 37.220000 74.140000
40.060000 -2.540000 76.980000
40.060000 0.300000 76.980000
40.060000 3.140000 76.980000
40.060000 5.980000 76.980000
40.060000 8.820000 76.980000
40.060000 11.660000 76.980000
40.060000 14.500000 76.980000
40.060000 17.340000 76.980000
40.060000 20.180000 76.980000
40.060000 23.020000 76.980000
40.060000 25.860000 76.980000
40.060000 28.700000 76.980000
40.060000 31.540000 76.980000
40.060000 34.380000 76.980000
40.060000 37.220000 76.980000
40.060000 -2.540000 79.820000
40.060000 0.300000 79.820000
40.060000 3.140000 79.820000
40.060000 5.980000 79.820000
40.060000 8.820000 79.820000
40.060000 11.660000 79.820000
40.060000 14.500000 79.820000
40.060000 17.340000 79.820000
40.060000 20.180000 79.820000
40.060000 23.020000 79.820000
40.060000 25.860000 79.820000
40.060000 28.700000 79.820000
40.060000 31.540000 79.820000
40.060000 34.380000 79.820000
40.060000 37.220000 79.820000
40.060000 -2.540000 82.660000
40.060000 0.300000 82.660000
40.060000 3.140000 82.660000
40.060000 5.980000 82.660000
40.060000 8.820000 82.660000
40.060000 11.660000 82.660000
40.060000 14.500000 82.660000
40.060000 17.340000 82.660000
40.060000 20.180000 82.660000
40.060000 23.020000 82.660000
40.060000 25.860000 82.660000
40.060000 28.700000 82.660000
40.060000 31.540000 82.660000
40.060000 34.380000 82.660000
40.060000 37.220000 82.660000
42.900000 -2.540000 68.460000
42.900000 0.300000 68.460000
42.900000 3.140000 68.460000
42.900000 5.980000 68.460000
42.900000 8.820000 68.460000
42.900000 11.660000 68.460000
42.900000 14.500000 68.460000
42.900000 17.340000 68.460000
42.900000 20.180000 68.460000
42.900000 23.020000 68.460000
42.900000 25.860000 68.460000
42.900000 28.700000 68.460000
42.900000 31.540000 68.460000
42.900000 34.380000 68.460000
42.900000 37.220000 68.460000
42.900000 -2.540000 71.300000
42.900000 0.300000 71.300000
42.900000 3.140000 71.300000
42.900000 5.980000 71.300000
42.900000 8.820000 71.300000
42.900000 11.660000 71.300000
42.900000 14.500000 71.300000
42.900000 17.340000 71.300000
42.900000 20.180000 71.300000
42.900000 23.020000 71.300000
42.900000 25.860000 71.300000
42.900000 28.700000 71.300000
42.900000 31.540000 71.300000
42.900000 34.380000 71.300000
42.900000 37.220000 71.300000
42.900000 -2.540000 74.140000
42.900000 0.300000 74.140000
42.900000 3.140000 74.140000
42.900000 5.980000 74.140000
42.900000 8.820000 74.140000
42.900000 11.660000 74.140000
42.900000 14.500000 74.140000
42.900000 17.340000 74.140000
42.900000 20.180000 74.140000
42.900000 23.020000 74.140000
42.900000 25.860000 74.140000
42.900000 28.700000 74.140000
42.900000 31.540000 74.140000
42.900000 34.380000 74.140000
42.900000 37.220000 74.140000
42.900000 -2.540000 76.980000
42.900000 0.300000 76.980000
42.900000 3.140000 76.980000
42.900000 5.980000 76.980000
42.900000 8.820000 76.980000
42.900000 11.660000 76.980000
42.900000 14.500000 76.980000
42.900000 17.340000 76.980000
42.900000 20.180000 76.980000
42.900000 23.020000 76.980000
42.900000 25.860000 76.980000
42.900000 28.700000 76.980000
42.900000 31.540000 76.980000
42.900000 34.380000 76.980000
42.900000 37.220000 76.980000
42.900000 -2.540000 79.820000
42.900000 0.300000 79.820000
42.900000 3.140000 79.820000
42.900000 5.980000 79.820000
42.900000 8.820000 79.820000
42.900000 11.660000 79.820000
42.900000 14.500000 79.820000
42.900000 17.340000 79.820000
42.900000 20.180000 79.820000
42.900000 23.020000 79.820000
42.900000 25.860000 79.820000
42.900000 28.700000 79.820000
42.900000 31.540000 79.820000
42.900000 34.380000 79.820000
42.900000 37.220000 79.820000
42.900000 -2.540000 82.660000
42.900000 0.300000 82.660000
42.900000 3.140000 82.660000
42.900000 5.980000 82.660000
42.900000 8.820000 82.660000
42.900000 11.660000 82.660000
42.900000 14.500000 82.660000
42.900000 17.340000 82.660000
42.900000 20.180000 82.660000
42.900000 23.020000 82.660000
42.900000 25.860000 82.660000
42.900000 28.700000 82.660000
42.900000 31.540000 82.660000
42.900000 34.380000 82.660000
42.900000 37.220000 82.660000
45.740000 -2.540000 68.460000
45.740000 0.300000 68.460000
45.740000 3.140000 68.460000
45.740000 5.980000 68.460000
45.740000 8.820000 68.460000
45.740000 11.660000 68.460000
45.740000 14.500000 68.460000
45.740000 17.340000 68.460000
45.740000 20.180000 68.460000
45.740000 23.020000 68.460000
45.740000 25.860000 68.460000
45.740000 28.700000 68.460000
45.740000 31.540000 68.460000
45.740000 34.380000 68.460000
45.740000 37.220000 68.460000
45.740000 -2.540000 71.300000
45.740000 0.300000 71.300000
45.740000 3.140000 71.300000
45.740000 5.980000 71.300000
45.740000 8.820000 71.300000
45.740000 11.660000 71.300000
45.740000 14.500000 71.300000
45.740000 17.340000 71.300000
45.740000 20.180000 71.300000
45.740000 23.020000 71.300000
45.740000 25.860000 71.300000
45.740000 28.700000 71.300000
45.740000 31.540000 71.300000
45.740000 34.380000 71.300000
45.740000 37.220000 71.300000
45.740000 -2.540000 74.140000
45.740000 0.300000 74.140000
45.740000 3.140000 74.140000
45.740000 5.980000 74.140000
45.740000 8.820000 74.140000
45.740000 11.660000 74.140000
45.740000 14.500000 74.140000
45.740000 17.340000 74.140000
45.740000 20.180000 74.140000
45.740000 23.020000 74.140000
45.740000 25.860000 74.140000
45.740000 28.700000 74.140000
45.740000 31.540000 74.140000
45.740000 34.380000 74.140000
45.740000 37.220000 74.140000
45.740000 -2.540000 76.980000
45.740000 0.300000 76.980000
45.740000 3.140000 76.980000
45.740000 5.980000 76.980000
45.740000 8.820000 76.980000
45.740000 11.660000 76.980000
45.740000 14.500000 76.980000
45.740000 17.340000 76.980000
45.740000 20.180000 76.980000
45.740000 23.020000 76.980000
45.740000 25.860000 76.980000
45.740000 28.700000 76.980000
45.740000 31.540000 76.980000
45.740000 34.380000 76.980000
45.740000 37.220000 76.980000
45.740000 -2.540000 79.820000
45.740000 0.300000 79.820000
45.740000 3.140000 79.820000
45.740000 5.980000 79.820000
45.740000 8.820000 79.820000
45.740000 11.660000 79.820000
45.740000 14.500000 79.820000
45.740000 17.340000 79.820000
45.740000 20.180000 79.820000
45.740000 23.020000 79.820000
45.740000 25.860000 79.820000
45.740000 28.700000 79.820000
45.740000 31.540000 79.820000
45.740000 34.380000 79.820000
45.740000 37.220000 79.820000
45.740000 -2.540000 82.660000
45.740000 0.300000 82.660000
45.740000 3.140000 82.660000
45.740000 5.980000 82.660000
45.740000 8.820000 82.660000
45.740000 11.660000 82.660000
45.740000 14.500000 82.660000
45.740000 17.340000 82.660000
45.740000 20.180000 82.660000
45.740000 23.020000 82.660000
45.740000 25.860000 82.660000
45.740000 28.700000 82.660000
45.740000 31.540000 82.660000
45.740000 34.380000 82.660000
45.740000 37.220000 82.660000
48.580000 -2.540000 68.460000
48.580000 0.300000 68.460000
48.580000 3.140000 68.460000
48.580000 5.980000 68.460000
48.580000 8.820000 68.460000
48.580000 11.660000 68.460000
48.580000 14.500000 68.460000
48.580000 17.340000 68.460000
48.580000 20.180000 68.460000
48.580000 23.020000 68.460000
48.580000 25.860000 68.460000
48.580000 28.700000 68.460000
48.580000 31.540000 68.460000
48.580000 34.380000 68.460000
48.580000 37.220000 68.460000
48.580000 -2.540000 71.300000
48.580000 0.300000 71.300000
48.580000 3.140000 71.300000
48.580000 5.980000 71.300000
48.580000 8.820000 71.300000
48.580000 11.660000 71.300000
48.580000 14.500000 71.300000
48.580000 17.340000 71.300000
48.580000 20.180000 71.300000
48.580000 23.020000 71.300000
48.580000 25.860000 71.300000
48.580000 28.700000 71.300000
48.580000 31.540000 71.300000
48.580000 34.380000 71.300000
48.580000 37.220000 71.300000
48.580000 -2.540000 74.140000
48.580000 0.300000 74.140000
48.580000 3.140000 74.140000
48.580000 5.980000 74.140000
48.580000 8.820000 74.140000
48.580000 11.660000 74.140000
48.580000 14.500000 74.140000
48.580000 17.340000 74.140000
48.580000 20.180000 74.140000
48.580000 23.020000 74.140000
48.580000 25.860000 74.140000
48.580000 28.700000 74.140000
48.580000 31.540000 74.140000
48.580000 34.380000 74.140000
48.580000 37.220000 74.140000
48.580000 -2.540000 76.980000
48.580000 0.300000 76.980000
48.580000 3.140000 76.980000
48.580000 5.980000 76.980000
48.580000 8.820000 76.980000
48.580000 11.660000 76.980000
48.580000 14.500000 76.980000
48.580000 17.340000 76.980000
48.580000 20.180000 76.980000
48.580000 23.020000 76.980000
48.580000 25.860000 76.980000
48.580000 28.700000 76.980000
48.580000 31.540000 76.980000
48.580000 34.380000 76.980000
48.580000 37.220000 76.980000
48.580000 -2.540000 79.820000
48.580000 0.300000 79.820000
48.580000 3.140000 79.820000
48.580000 5.980000 79.820000
48.580000 8.820000 79.820000
48.580000 11.660000 79.820000
48.580000 14.500000 79.820000
48.580000 17.340000 79.820000
48.580000 20.180000 79.820000
48.580000 23.020000 79.820000
48.580000 25.860000 79.820000
48.580000 28.700000 79.820000
48.580000 31.540000 79.820000
48.580000 34.380000 79.820000
48.580000 37.220000 79.820000
48.580000 -2.540000 82.660000
48.580000 0.300000 82.660000
48.580000 3.140000 82.660000
48.580000 5.980000 82.660000
48.580000 8.820000 82.660000
48.580000 11.660000 82.660000
48.580000 14.500000 82.660000
48.580000 17.340000 82.660000
48.580000 20.180000 82.660000
48.580000 23.020000 82.660000
48.580000 25.860000 82.660000
48.580000 28.700000 82.660000
48.580000 31.540000 82.660000
48.580000 34.380000 82.660000
48.580000 37.220000 82.660000
