11.035156 -1.730469 67.535156
11.035156 0.496094 67.535156
11.035156 2.722656 67.535156
11.035156 4.949219 67.535156
11.035156 7.175781 67.535156
11.035156 9.402344 67.535156
11.035156 11.628906 67.535156
11.035156 13.855469 67.535156
11.035156 16.082031 67.535156
11.035156 18.308594 67.535156
11.035156 20.535156 67.535156
11.035156 22.761719 67.535156
11.035156 24.988281 67.535156
11.035156 27.214844 67.535156
11.035156 29.441406 67.535156
11.035156 31.667969 67.535156
11.035156 33.894531 67.535156
11.035156 36.121094 67.535156
11.035156 38.347656 67.535156
11.035156 -1.730469 69.761719
11.035156 0.496094 69.761719
11.035156 2.722656 69.761719
11.035156 4.949219 69.761719
11.035156 7.175781 69.761719
11.035156 9.402344 69.761719
11.035156 11.628906 69.761719
11.035156 13.855469 69.761719
11.035156 16.082031 69.761719
11.035156 18.308594 69.761719
11.035156 20.535156 69.761719
11.035156 22.761719 69.761719
11.035156 24.988281 69.761719
11.035156 27.214844 69.761719
11.035156 29.441406 69.761719
11.035156 31.667969 69.761719
11.035156 33.894531 69.761719
11.035156 36.121094 69.761719
11.035156 38.347656 69.761719
11.035156 -1.730469 71.988281
11.035156 0.496094 71.988281
11.035156 2.722656 71.988281
11.035156 4.949219 71.988281
11.035156 7.175781 71.988281
11.035156 9.402344 71.988281
11.035156 11.628906 71.988281
11.035156 13.855469 71.988281
11.035156 16.082031 71.988281
11.035156 18.308594 71.988281
11.035156 20.535156 71.988281
11.035156 22.761719 71.988281
11.035156 24.988281 71.988281
11.035156 27.214844 71.988281
11.035156 29.441406 71.988281
11.035156 31.667969 71.988281
11.035156 33.894531 71.988281
11.035156 36.121094 71.988281
11.035156 38.347656 71.988281
11.035156 -1.730469 74.214844
11.035156 0.496094 74.214844
11.035156 2.722656 74.214844
11.035156 4.949219 74.214844
11.035156 7.175781 74.214844
11.035156 9.402344 74.214844
11.035156 11.628906 74.214844
11.035156 13.855469 74.214844
11.035156 16.082031 74.214844
11.035156 18.308594 74.214844
11.035156 20.535156 74.214844
11.035156 22.761719 74.214844
11.035156 24.988281 74.214844
11.035156 27.214844 74.214844
11.035156 29.441406 74.214844
11.035156 31.667969 74.214844
11.035156 33.894531 74.214844
11.035156 36.121094 74.214844
11.035156 38.347656 74.214844
11.035156 -1.730469 76.441406
11.035156 0.496094 76.441406
11.035156 2.722656 76.441406
11.035156 4.949219 76.441406
11.035156 7.175781 76.441406
11.035156 9.402344 76.441406
11.035156 11.628906 76.441406
11.035156 13.855469 76.441406
11.035156 16.082031 76.441406
11.035156 18.308594 76.441406
11.035156 20.535156 76.441406
11.035156 22.761719 76.441406
11.035156 24.988281 76.441406
11.035156 27.214844 76.441406
11.035156 29.441406 76.441406
11.035156 31.667969 76.441406
11.035156 33.894531 76.441406
11.035156 36.121094 76.441406
11.035156 38.347656 76.441406
11.035156 -1.730469 78.667969
11.035156 0.496094 78.667969
11.035156 2.722656 78.667969
11.035156 4.949219 78.667969
11.035156 7.175781 78.667969
11.035156 9.402344 78.667969
11.035156 11.628906 78.667969
11.035156 13.855469 78.667969
11.035156 16.082031 78.667969
11.035156 18.308594 78.667969
11.035156 20.535156 78.667969
11.035156 22.761719 78.667969
11.035156 24.988281 78.667969
11.035156 27.214844 78.667969
11.035156 29.441406 78.667969
11.035156 31.667969 78.667969
11.035156 33.894531 78.667969
11.035156 36.121094 78.667969
11.035156 38.347656 78.667969
11.035156 -1.730469 80.894531
11.035156 0.496094 80.894531
11.035156 2.722656 80.894531
11.035156 4.949219 80.894531
11.035156 7.175781 80.894531
11.035156 9.402344 80.894531
11.035156 11.628906 80.894531
11.035156 13.855469 80.894531
11.035156 16.082031 80.894531
11.035156 18.308594 80.894531
11.035156 20.535156 80.894531
11.035156 22.761719 80.894531
11.035156 24.988281 80.894531
11.035156 27.214844 80.894531
11.035156 29.441406 80.894531
11.035156 31.667969 80.894531
11.035156 33.894531 80.894531
11.035156 36.121094 80.894531
11.035156 38.347656 80.894531
11.035156 -1.730469 83.121094
11.035156 0.496094 83.121094
11.035156 2.722656 83.121094
11.035156 4.949219 83.121094
11.035156 7.175781 83.121094
11.035156 9.402344 83.121094
11.035156 11.628906 83.121094
11.035156 13.855469 83.121094
11.035156 16.082031 83.121094
11.035156 18.308594 83.121094
11.035156 20.535156 83.121094
11.035156 22.761719 83.121094
11.035156 24.988281 83.121094
11.035156 27.214844 83.121094
11.035156 29.441406 83.121094
11.035156 31.667969 83.121094
11.035156 33.894531 83.121094
11.035156 36.121094 83.121094
11.035156 38.347656 83.121094
11.035156 -1.730469 85.347656
11.035156 0.496094 85.347656
11.035156 2.722656 85.347656
11.035156 4.949219 85.347656
11.035156 7.175781 85.347656
11.035156 9.402344 85.347656
11.035156 11.628906 85.347656
11.035156 13.855469 85.347656
11.035156 16.082031 85.347656
11.035156 18.308594 85.347656
11.035156 20.535156 85.347656
11.035156 22.761719 85.347656
11.035156 24.988281 85.347656
11.035156 27.214844 85.347656
11.035156 29.441406 85.347656
11.035156 31.667969 85.347656
11.035156 33.894531 85.347656
11.035156 36.121094 85.347656
11.035156 38.347656 85.347656
11.035156 -1.730469 87.574219
11.035156 0.496094 87.574219
11.035156 2.722656 87.574219
11.035156 4.949219 87.574219
11.035156 7.175781 87.574219
11.035156 9.402344 87.574219
11.035156 11.628906 87.574219
11.035156 13.855469 87.574219
11.035156 16.082031 87.574219
11.035156 18.308594 87.574219
11.035156 20.535156 87.574219
11.035156 22.761719 87.574219
11.035156 24.988281 87.574219
11.035156 27.214844 87.574219
11.035156 29.441406 87.574219
11.035156 31.667969 87.574219
11.035156 33.894531 87.574219
11.035156 36.121094 87.574219
11.035156 38.347656 87.574219
11.035156 -1.730469 89.800781
11.035156 0.496094 89.800781
11.035156 2.722656 89.800781
11.035156 4.949219 89.800781
11.035156 7.175781 89.800781
11.035156 9.402344 89.800781
11.035156 11.628906 89.800781
11.035156 13.855469 89.800781
11.035156 16.082031 89.800781
11.035156 18.308594 89.800781
11.035156 20.535156 89.800781
11.035156 22.761719 89.800781
11.035156 24.988281 89.800781
11.035156 27.214844 89.800781
11.035156 29.441406 89.800781
11.035156 31.667969 89.800781
11.035156 33.894531 89.800781
11.035156 36.121094 89.800781
11.035156 38.347656 89.800781
11.035156 -1.730469 92.027344
11.035156 0.496094 92.027344
11.035156 2.722656 92.027344
11.035156 4.949219 92.027344
11.035156 7.175781 92.027344
11.035156 9.402344 92.027344
11.035156 11.628906 92.027344
11.035156 13.855469 92.027344
11.035156 16.082031 92.027344
11.035156 18.308594 92.027344
11.035156 20.535156 92.027344
11.035156 22.761719 92.027344
11.035156 24.988281 92.027344
11.035156 27.214844 92.027344
11.035156 29.441406 92.027344
11.035156 31.667969 92.027344
11.035156 33.894531 92.027344
11.035156 36.121094 92.027344
11.035156 38.347656 92.027344
11.035156 -1.730469 94.253906
11.035156 0.496094 94.253906
11.035156 2.722656 94.253906
11.035156 4.949219 94.253906
11.035156 7.175781 94.253906
11.035156 9.402344 94.253906
11.035156 11.628906 94.253906
11.035156 13.855469 94.253906
11.035156 16.082031 94.253906
11.035156 18.308594 94.253906
11.035156 20.535156 94.253906
11.035156 22.761719 94.253906
11.035156 24.988281 94.253906
11.035156 27.214844 94.253906
11.035156 29.441406 94.253906
11.035156 31.667969 94.253906
11.035156 33.894531 94.253906
11.035156 36.121094 94.253906
11.035156 38.347656 94.253906
11.035156 -1.730469 96.480469
11.035156 0.496094 96.480469
11.035156 2.722656 96.480469
11.035156 4.949219 96.480469
11.035156 7.175781 96.480469
11.035156 9.402344 96.480469
11.035156 11.628906 96.480469
11.035156 13.855469 96.480469
11.035156 16.082031 96.480469
11.035156 18.308594 96.480469
11.035156 20.535156 96.480469
11.035156 22.761719 96.480469
11.035156 24.988281 96.480469
11.035156 27.214844 96.480469
11.035156 29.441406 96.480469
11.035156 31.667969 96.480469
11.035156 33.894531 96.480469
11.035156 36.121094 96.480469
11.035156 38.347656 96.480469
11.035156 -1.730469 98.707031
11.035156 0.496094 98.707031
11.035156 2.722656 98.707031
11.035156 4.949219 98.707031
11.035156 7.175781 98.707031
11.035156 9.402344 98.707031
11.035156 11.628906 98.707031
11.035156 13.855469 98.707031
11.035156 16.082031 98.707031
11.035156 18.308594 98.707031
11.035156 20.535156 98.707031
11.035156 22.761719 98.707031
11.035156 24.988281 98.707031
11.035156 27.214844 98.707031
11.035156 29.441406 98.707031
11.035156 31.667969 98.707031
11.035156 33.894531 98.707031
11.035156 36.121094 98.707031
11.035156 38.347656 98.707031
11.035156 -1.730469 100.933594
11.035156 0.496094 100.933594
11.035156 2.722656 100.933594
11.035156 4.949219 100.933594
11.035156 7.175781 100.933594
11.035156 9.402344 100.933594
11.035156 11.628906 100.933594
11.035156 13.855469 100.933594
11.035156 16.082031 100.933594
11.035156 18.308594 100.933594
11.035156 20.535156 100.933594
11.035156 22.761719 100.933594
11.035156 24.988281 100.933594
11.035156 27.214844 100.933594
11.035156 29.441406 100.933594
11.035156 31.667969 100.933594
11.035156 33.894531 100.933594
11.035156 36.121094 100.933594
11.035156 38.347656 100.933594
11.035156 -1.730469 103.160156
11.035156 0.496094 103.160156
11.035156 2.722656 103.160156
11.035156 4.949219 103.160156
11.035156 7.175781 103.160156
11.035156 9.402344 103.160156
11.035156 11.628906 103.160156
11.035156 13.855469 103.160156
11.035156 16.082031 103.160156
11.035156 18.308594 103.160156
11.035156 20.535156 103.160156
11.035156 22.761719 103.160156
11.035156 24.988281 103.160156
11.035156 27.214844 103.160156
11.035156 29.441406 103.160156
11.035156 31.667969 103.160156
11.035156 33.894531 103.160156
11.035156 36.121094 103.160156
11.035156 38.347656 103.160156
11.035156 -1.730469 105.386719
11.035156 0.496094 105.386719
11.035156 2.722656 105.386719
11.035156 4.949219 105.386719
11.035156 7.175781 105.386719
11.035156 9.402344 105.386719
11.035156 11.628906 105.386719
11.035156 13.855469 105.386719
11.035156 16.082031 105.386719
11.035156 18.308594 105.386719
11.035156 20.535156 105.386719
11.035156 22.761719 105.386719
11.035156 24.988281 105.386719
11.035156 27.214844 105.386719
11.035156 29.441406 105.386719
11.035156 31.667969 105.386719
11.035156 33.894531 105.386719
11.035156 36.121094 105.386719
11.035156 38.347656 105.386719
11.035156 -1.730469 107.613281
11.035156 0.496094 107.613281
11.035156 2.722656 107.613281
11.035156 4.949219 107.613281
11.035156 7.175781 107.613281
11.035156 9.402344 107.613281
11.035156 11.628906 107.613281
11.035156 13.855469 107.613281
11.035156 16.082031 107.613281
11.035156 18.308594 107.613281
11.035156 20.535156 107.613281
11.035156 22.761719 107.613281
11.035156 24.988281 107.613281
11.035156 27.214844 107.613281
11.035156 29.441406 107.613281
11.035156 31.667969 107.613281
11.035156 33.894531 107.613281
11.035156 36.121094 107.613281
11.035156 38.347656 107.613281
13.261719 -1.730469 67.535156
13.261719 0.496094 67.535156
13.261719 2.722656 67.535156
13.261719 4.949219 67.535156
13.261719 7.175781 67.535156
13.261719 9.402344 67.535156
13.261719 11.628906 67.535156
13.261719 13.855469 67.535156
13.261719 16.082031 67.535156
13.261719 18.308594 67.535156
13.261719 20.535156 67.535156
13.261719 22.761719 67.535156
13.261719 24.988281 67.535156
13.261719 27.214844 67.535156
13.261719 29.441406 67.535156
13.261719 31.667969 67.535156
13.261719 33.894531 67.535156
13.261719 36.121094 67.535156
13.261719 38.347656 67.535156
13.261719 -1.730469 69.761719
13.261719 7.175781 69.761719
13.261719 9.402344 69.761719
13.261719 11.628906 69.761719
13.261719 22.761719 69.761719
13.261719 24.988281 69.761719
13.261719 27.214844 69.761719
13.261719 38.347656 69.761719
13.261719 -1.730469 71.988281
13.261719 7.175781 71.988281
13.261719 9.402344 71.988281
13.261719 11.628906 71.988281
13.261719 22.761719 71.988281
13.261719 24.988281 71.988281
13.261719 27.214844 71.988281
13.261719 38.347656 71.988281
13.261719 -1.730469 74.214844
13.261719 7.175781 74.214844
13.261719 9.402344 74.214844
13.261719 11.628906 74.214844
13.261719 22.761719 74.214844
13.261719 24.988281 74.214844
13.261719 27.214844 74.214844
13.261719 38.347656 74.214844
13.261719 -1.730469 76.441406
13.261719 7.175781 76.441406
13.261719 9.402344 76.441406
13.261719 11.628906 76.441406
13.261719 22.761719 76.441406
13.261719 24.988281 76.441406
13.261719 27.214844 76.441406
13.261719 38.347656 76.441406
13.261719 -1.730469 78.667969
13.261719 7.175781 78.667969
13.261719 9.402344 78.667969
13.261719 11.628906 78.667969
13.261719 22.761719 78.667969
13.261719 24.988281 78.667969
13.261719 27.214844 78.667969
13.261719 38.347656 78.667969
13.261719 -1.730469 80.894531
13.261719 7.175781 80.894531
13.261719 9.402344 80.894531
13.261719 11.628906 80.894531
13.261719 22.761719 80.894531
13.261719 24.988281 80.894531
13.261719 27.214844 80.894531
13.261719 38.347656 80.894531
13.261719 -1.730469 83.121094
13.261719 7.175781 83.121094
13.261719 9.402344 83.121094
13.261719 11.628906 83.121094
13.261719 22.761719 83.121094
13.261719 24.988281 83.121094
13.261719 27.214844 83.121094
13.261719 38.347656 83.121094
13.261719 -1.730469 85.347656
13.261719 7.175781 85.347656
13.261719 9.402344 85.347656
13.261719 11.628906 85.347656
13.261719 22.761719 85.347656
13.261719 24.988281 85.347656
13.261719 27.214844 85.347656
13.261719 38.347656 85.347656
13.261719 -1.730469 87.574219
13.261719 7.175781 87.574219
13.261719 9.402344 87.574219
13.261719 11.628906 87.574219
13.261719 22.761719 87.574219
13.261719 24.988281 87.574219
13.261719 27.214844 87.574219
13.261719 38.347656 87.574219
13.261719 -1.730469 89.800781
13.261719 7.175781 89.800781
13.261719 9.402344 89.800781
13.261719 11.628906 89.800781
13.261719 22.761719 89.800781
13.261719 24.988281 89.800781
13.261719 27.214844 89.800781
13.261719 38.347656 89.800781
13.261719 -1.730469 92.027344
13.261719 7.175781 92.027344
13.261719 9.402344 92.027344
13.261719 11.628906 92.027344
13.261719 22.761719 92.027344
13.261719 24.988281 92.027344
13.261719 27.214844 92.027344
13.261719 38.347656 92.027344
13.261719 -1.730469 94.253906
13.261719 7.175781 94.253906
13.261719 9.402344 94.253906
13.261719 11.628906 94.253906
13.261719 22.761719 94.253906
13.261719 24.988281 94.253906
13.261719 27.214844 94.253906
13.261719 38.347656 94.253906
13.261719 -1.730469 96.480469
13.261719 7.175781 96.480469
13.261719 9.402344 96.480469
13.261719 11.628906 96.480469
13.261719 22.761719 96.480469
13.261719 24.988281 96.480469
13.261719 27.214844 96.480469
13.261719 38.347656 96.480469
13.261719 -1.730469 98.707031
13.261719 7.175781 98.707031
13.261719 9.402344 98.707031
13.261719 11.628906 98.707031
13.261719 22.761719 98.707031
13.261719 24.988281 98.707031
13.261719 27.214844 98.707031
13.261719 38.347656 98.707031
13.261719 -1.730469 100.933594
13.261719 7.175781 100.933594
13.261719 9.402344 100.933594
13.261719 11.628906 100.933594
13.261719 22.761719 100.933594
13.261719 24.988281 100.933594
13.261719 27.214844 100.933594
13.261719 38.347656 100.933594
13.261719 -1.730469 103.160156
13.261719 7.175781 103.160156
13.261719 9.402344 103.160156
13.261719 11.628906 103.160156
13.261719 13.855469 103.160156
13.261719 20.535156 103.160156
13.261719 22.761719 103.160156
13.261719 24.988281 103.160156
13.261719 27.214844 103.160156
13.261719 38.347656 103.160156
13.261719 -1.730469 105.386719
13.261719 7.175781 105.386719
13.261719 13.855469 105.386719
13.261719 20.535156 105.386719
13.261719 27.214844 105.386719
13.261719 38.347656 105.386719
13.261719 -1.730469 107.613281
13.261719 0.496094 107.613281
13.261719 2.722656 107.613281
13.261719 4.949219 107.613281
13.261719 7.175781 107.613281
13.261719 13.855469 107.613281
13.261719 16.082031 107.613281
13.261719 18.308594 107.613281
13.261719 20.535156 107.613281
13.261719 27.214844 107.613281
13.261719 29.441406 107.613281
13.261719 31.667969 107.613281
13.261719 33.894531 107.613281
13.261719 36.121094 107.613281
13.261719 38.347656 107.613281
15.488281 -1.730469 67.535156
15.488281 0.496094 67.535156
15.488281 2.722656 67.535156
15.488281 4.949219 67.535156
15.488281 7.175781 67.535156
15.488281 9.402344 67.535156
15.488281 11.628906 67.535156
15.488281 13.855469 67.535156
15.488281 16.082031 67.535156
15.488281 18.308594 67.535156
15.488281 20.535156 67.535156
15.488281 22.761719 67.535156
15.488281 24.988281 67.535156
15.488281 27.214844 67.535156
15.488281 29.441406 67.535156
15.488281 31.667969 67.535156
15.488281 33.894531 67.535156
15.488281 36.121094 67.535156
15.488281 38.347656 67.535156
15.488281 -1.730469 69.761719
15.488281 7.175781 69.761719
15.488281 9.402344 69.761719
15.488281 11.628906 69.761719
15.488281 22.761719 69.761719
15.488281 24.988281 69.761719
15.488281 27.214844 69.761719
15.488281 38.347656 69.761719
15.488281 -1.730469 71.988281
15.488281 7.175781 71.988281
15.488281 9.402344 71.988281
15.488281 11.628906 71.988281
15.488281 22.761719 71.988281
15.488281 24.988281 71.988281
15.488281 27.214844 71.988281
15.488281 38.347656 71.988281
15.488281 -1.730469 74.214844
15.488281 7.175781 74.214844
15.488281 9.402344 74.214844
15.488281 11.628906 74.214844
15.488281 22.761719 74.214844
15.488281 24.988281 74.214844
15.488281 27.214844 74.214844
15.488281 38.347656 74.214844
15.488281 -1.730469 76.441406
15.488281 7.175781 76.441406
15.488281 9.402344 76.441406
15.488281 11.628906 76.441406
15.488281 22.761719 76.441406
15.488281 24.988281 76.441406
15.488281 27.214844 76.441406
15.488281 38.347656 76.441406
15.488281 -1.730469 78.667969
15.488281 7.175781 78.667969
15.488281 9.402344 78.667969
15.488281 11.628906 78.667969
15.488281 22.761719 78.667969
15.488281 24.988281 78.667969
15.488281 27.214844 78.667969
15.488281 38.347656 78.667969
15.488281 -1.730469 80.894531
15.488281 7.175781 80.894531
15.488281 9.402344 80.894531
15.488281 11.628906 80.894531
15.488281 22.761719 80.894531
15.488281 24.988281 80.894531
15.488281 27.214844 80.894531
15.488281 38.347656 80.894531
15.488281 -1.730469 83.121094
15.488281 7.175781 83.121094
15.488281 9.402344 83.121094
15.488281 11.628906 83.121094
15.488281 22.761719 83.121094
15.488281 24.988281 83.121094
15.488281 27.214844 83.121094
15.488281 38.347656 83.121094
15.488281 -1.730469 85.347656
15.488281 7.175781 85.347656
15.488281 9.402344 85.347656
15.488281 11.628906 85.347656
15.488281 22.761719 85.347656
15.488281 24.988281 85.347656
15.488281 27.214844 85.347656
15.488281 38.347656 85.347656
15.488281 -1.730469 87.574219
15.488281 7.175781 87.574219
15.488281 9.402344 87.574219
15.488281 11.628906 87.574219
15.488281 22.761719 87.574219
15.488281 24.988281 87.574219
15.488281 27.214844 87.574219
15.488281 38.347656 87.574219
15.488281 -1.730469 89.800781
15.488281 7.175781 89.800781
15.488281 9.402344 89.800781
15.488281 11.628906 89.800781
15.488281 22.761719 89.800781
15.488281 24.988281 89.800781
15.488281 27.214844 89.800781
15.488281 38.347656 89.800781
15.488281 -1.730469 92.027344
15.488281 7.175781 92.027344
15.488281 9.402344 92.027344
15.488281 11.628906 92.027344
15.488281 22.761719 92.027344
15.488281 24.988281 92.027344
15.488281 27.214844 92.027344
15.488281 38.347656 92.027344
15.488281 -1.730469 94.253906
15.488281 7.175781 94.253906
15.488281 9.402344 94.253906
15.488281 11.628906 94.253906
15.488281 22.761719 94.253906
15.488281 24.988281 94.253906
15.488281 27.214844 94.253906
15.488281 38.347656 94.253906
15.488281 -1.730469 96.480469
15.488281 7.175781 96.480469
15.488281 9.402344 96.480469
15.488281 11.628906 96.480469
15.488281 22.761719 96.480469
15.488281 24.988281 96.480469
15.488281 27.214844 96.480469
15.488281 38.347656 96.480469
15.488281 -1.730469 98.707031
15.488281 7.175781 98.707031
15.488281 9.402344 98.707031
15.488281 11.628906 98.707031
15.488281 22.761719 98.707031
15.488281 24.988281 98.707031
15.488281 27.214844 98.707031
15.488281 38.347656 98.707031
15.488281 -1.730469 100.933594
15.488281 7.175781 100.933594
15.488281 9.402344 100.933594
15.488281 11.628906 100.933594
15.488281 22.761719 100.933594
15.488281 24.988281 100.933594
15.488281 27.214844 100.933594
15.488281 38.347656 100.933594
15.488281 -1.730469 103.160156
15.488281 7.175781 103.160156
15.488281 9.402344 103.160156
15.488281 11.628906 103.160156
15.488281 13.855469 103.160156
15.488281 20.535156 103.160156
15.488281 22.761719 103.160156
15.488281 24.988281 103.160156
15.488281 27.214844 103.160156
15.488281 29.441406 103.160156
15.488281 38.347656 103.160156
15.488281 -1.730469 105.386719
15.488281 7.175781 105.386719
15.488281 13.855469 105.386719
15.488281 20.535156 105.386719
15.488281 27.214844 105.386719
15.488281 29.441406 105.386719
15.488281 38.347656 105.386719
15.488281 -1.730469 107.613281
15.488281 0.496094 107.613281
15.488281 2.722656 107.613281
15.488281 4.949219 107.613281
15.488281 7.175781 107.613281
15.488281 13.855469 107.613281
15.488281 16.082031 107.613281
15.488281 18.308594 107.613281
15.488281 20.535156 107.613281
15.488281 27.214844 107.613281
15.488281 29.441406 107.613281
15.488281 31.667969 107.613281
15.488281 33.894531 107.613281
15.488281 36.121094 107.613281
15.488281 38.347656 107.613281
17.714844 -1.730469 67.535156
17.714844 0.496094 67.535156
17.714844 2.722656 67.535156
17.714844 4.949219 67.535156
17.714844 7.175781 67.535156
17.714844 9.402344 67.535156
17.714844 11.628906 67.535156
17.714844 13.855469 67.535156
17.714844 16.082031 67.535156
17.714844 18.308594 67.535156
17.714844 20.535156 67.535156
17.714844 22.761719 67.535156
17.714844 24.988281 67.535156
17.714844 27.214844 67.535156
17.714844 29.441406 67.535156
17.714844 31.667969 67.535156
17.714844 33.894531 67.535156
17.714844 36.121094 67.535156
17.714844 38.347656 67.535156
17.714844 -1.730469 69.761719
17.714844 9.402344 69.761719
17.714844 11.628906 69.761719
17.714844 22.761719 69.761719
17.714844 24.988281 69.761719
17.714844 38.347656 69.761719
17.714844 -1.730469 71.988281
17.714844 9.402344 71.988281
17.714844 11.628906 71.988281
17.714844 22.761719 71.988281
17.714844 24.988281 71.988281
17.714844 38.347656 71.988281
17.714844 -1.730469 74.214844
17.714844 9.402344 74.214844
17.714844 11.628906 74.214844
17.714844 22.761719 74.214844
17.714844 24.988281 74.214844
17.714844 38.347656 74.214844
17.714844 -1.730469 76.441406
17.714844 9.402344 76.441406
17.714844 11.628906 76.441406
17.714844 22.761719 76.441406
17.714844 24.988281 76.441406
17.714844 38.347656 76.441406
17.714844 -1.730469 78.667969
17.714844 9.402344 78.667969
17.714844 11.628906 78.667969
17.714844 22.761719 78.667969
17.714844 24.988281 78.667969
17.714844 38.347656 78.667969
17.714844 -1.730469 80.894531
17.714844 9.402344 80.894531
17.714844 11.628906 80.894531
17.714844 22.761719 80.894531
17.714844 24.988281 80.894531
17.714844 38.347656 80.894531
17.714844 -1.730469 83.121094
17.714844 9.402344 83.121094
17.714844 11.628906 83.121094
17.714844 22.761719 83.121094
17.714844 24.988281 83.121094
17.714844 38.347656 83.121094
17.714844 -1.730469 85.347656
17.714844 9.402344 85.347656
17.714844 11.628906 85.347656
17.714844 22.761719 85.347656
17.714844 24.988281 85.347656
17.714844 38.347656 85.347656
17.714844 -1.730469 87.574219
17.714844 9.402344 87.574219
17.714844 11.628906 87.574219
17.714844 22.761719 87.574219
17.714844 24.988281 87.574219
17.714844 38.347656 87.574219
17.714844 -1.730469 89.800781
17.714844 9.402344 89.800781
17.714844 11.628906 89.800781
17.714844 22.761719 89.800781
17.714844 24.988281 89.800781
17.714844 38.347656 89.800781
17.714844 -1.730469 92.027344
17.714844 9.402344 92.027344
17.714844 11.628906 92.027344
17.714844 22.761719 92.027344
17.714844 24.988281 92.027344
17.714844 38.347656 92.027344
17.714844 -1.730469 94.253906
17.714844 0.496094 94.253906
17.714844 2.722656 94.253906
17.714844 9.402344 94.253906
17.714844 11.628906 94.253906
17.714844 22.761719 94.253906
17.714844 24.988281 94.253906
17.714844 31.667969 94.253906
17.714844 33.894531 94.253906
17.714844 38.347656 94.253906
17.714844 -1.730469 96.480469
17.714844 0.496094 96.480469
17.714844 2.722656 96.480469
17.714844 9.402344 96.480469
17.714844 11.628906 96.480469
17.714844 22.761719 96.480469
17.714844 24.988281 96.480469
17.714844 31.667969 96.480469
17.714844 33.894531 96.480469
17.714844 38.347656 96.480469
17.714844 -1.730469 98.707031
17.714844 0.496094 98.707031
17.714844 2.722656 98.707031
17.714844 9.402344 98.707031
17.714844 11.628906 98.707031
17.714844 22.761719 98.707031
17.714844 24.988281 98.707031
17.714844 31.667969 98.707031
17.714844 33.894531 98.707031
17.714844 38.347656 98.707031
17.714844 -1.730469 100.933594
17.714844 0.496094 100.933594
17.714844 2.722656 100.933594
17.714844 9.402344 100.933594
17.714844 11.628906 100.933594
17.714844 22.761719 100.933594
17.714844 24.988281 100.933594
17.714844 31.667969 100.933594
17.714844 33.894531 100.933594
17.714844 38.347656 100.933594
17.714844 -1.730469 103.160156
17.714844 0.496094 103.160156
17.714844 2.722656 103.160156
17.714844 7.175781 103.160156
17.714844 9.402344 103.160156
17.714844 11.628906 103.160156
17.714844 13.855469 103.160156
17.714844 20.535156 103.160156
17.714844 22.761719 103.160156
17.714844 24.988281 103.160156
17.714844 27.214844 103.160156
17.714844 31.667969 103.160156
17.714844 33.894531 103.160156
17.714844 38.347656 103.160156
17.714844 -1.730469 105.386719
17.714844 0.496094 105.386719
17.714844 2.722656 105.386719
17.714844 7.175781 105.386719
17.714844 9.402344 105.386719
17.714844 11.628906 105.386719
17.714844 13.855469 105.386719
17.714844 20.535156 105.386719
17.714844 22.761719 105.386719
17.714844 24.988281 105.386719
17.714844 27.214844 105.386719
17.714844 31.667969 105.386719
17.714844 33.894531 105.386719
17.714844 38.347656 105.386719
17.714844 -1.730469 107.613281
17.714844 0.496094 107.613281
17.714844 2.722656 107.613281
17.714844 4.949219 107.613281
17.714844 7.175781 107.613281
17.714844 9.402344 107.613281
17.714844 11.628906 107.613281
17.714844 13.855469 107.613281
17.714844 16.082031 107.613281
17.714844 18.308594 107.613281
17.714844 20.535156 107.613281
17.714844 22.761719 107.613281
17.714844 24.988281 107.613281
17.714844 27.214844 107.613281
17.714844 29.441406 107.613281
17.714844 31.667969 107.613281
17.714844 33.894531 107.613281
17.714844 36.121094 107.613281
17.714844 38.347656 107.613281
19.941406 -1.730469 67.535156
19.941406 0.496094 67.535156
19.941406 2.722656 67.535156
19.941406 4.949219 67.535156
19.941406 7.175781 67.535156
19.941406 9.402344 67.535156
19.941406 11.628906 67.535156
19.941406 13.855469 67.535156
19.941406 16.082031 67.535156
19.941406 18.308594 67.535156
19.941406 20.535156 67.535156
19.941406 22.761719 67.535156
19.941406 24.988281 67.535156
19.941406 27.214844 67.535156
19.941406 29.441406 67.535156
19.941406 31.667969 67.535156
19.941406 33.894531 67.535156
19.941406 36.121094 67.535156
19.941406 38.347656 67.535156
19.941406 -1.730469 69.761719
19.941406 0.496094 69.761719
19.941406 2.722656 69.761719
19.941406 4.949219 69.761719
19.941406 7.175781 69.761719
19.941406 9.402344 69.761719
19.941406 11.628906 69.761719
19.941406 13.855469 69.761719
19.941406 16.082031 69.761719
19.941406 18.308594 69.761719
19.941406 20.535156 69.761719
19.941406 22.761719 69.761719
19.941406 24.988281 69.761719
19.941406 27.214844 69.761719
19.941406 29.441406 69.761719
19.941406 31.667969 69.761719
19.941406 33.894531 69.761719
19.941406 36.121094 69.761719
19.941406 38.347656 69.761719
19.941406 -1.730469 71.988281
19.941406 0.496094 71.988281
19.941406 2.722656 71.988281
19.941406 4.949219 71.988281
19.941406 7.175781 71.988281
19.941406 9.402344 71.988281
19.941406 11.628906 71.988281
19.941406 13.855469 71.988281
19.941406 16.082031 71.988281
19.941406 18.308594 71.988281
19.941406 20.535156 71.988281
19.941406 22.761719 71.988281
19.941406 24.988281 71.988281
19.941406 27.214844 71.988281
19.941406 29.441406 71.988281
19.941406 31.667969 71.988281
19.941406 33.894531 71.988281
19.941406 36.121094 71.988281
19.941406 38.347656 71.988281
19.941406 -1.730469 74.214844
19.941406 0.496094 74.214844
19.941406 2.722656 74.214844
19.941406 4.949219 74.214844
19.941406 7.175781 74.214844
19.941406 9.402344 74.214844
19.941406 11.628906 74.214844
19.941406 13.855469 74.214844
19.941406 16.082031 74.214844
19.941406 18.308594 74.214844
19.941406 20.535156 74.214844
19.941406 22.761719 74.214844
19.941406 24.988281 74.214844
19.941406 27.214844 74.214844
19.941406 29.441406 74.214844
19.941406 31.667969 74.214844
19.941406 33.894531 74.214844
19.941406 36.121094 74.214844
19.941406 38.347656 74.214844
19.941406 -1.730469 76.441406
19.941406 0.496094 76.441406
19.941406 2.722656 76.441406
19.941406 4.949219 76.441406
19.941406 7.175781 76.441406
19.941406 9.402344 76.441406
19.941406 11.628906 76.441406
19.941406 13.855469 76.441406
19.941406 16.082031 76.441406
19.941406 18.308594 76.441406
19.941406 20.535156 76.441406
19.941406 22.761719 76.441406
19.941406 24.988281 76.441406
19.941406 27.214844 76.441406
19.941406 29.441406 76.441406
19.941406 31.667969 76.441406
19.941406 33.894531 76.441406
19.941406 36.121094 76.441406
19.941406 38.347656 76.441406
19.941406 -1.730469 78.667969
19.941406 0.496094 78.667969
19.941406 2.722656 78.667969
19.941406 4.949219 78.667969
19.941406 7.175781 78.667969
19.941406 9.402344 78.667969
19.941406 11.628906 78.667969
19.941406 13.855469 78.667969
19.941406 16.082031 78.667969
19.941406 18.308594 78.667969
19.941406 20.535156 78.667969
19.941406 22.761719 78.667969
19.941406 24.988281 78.667969
19.941406 27.214844 78.667969
19.941406 29.441406 78.667969
19.941406 31.667969 78.667969
19.941406 33.894531 78.667969
19.941406 36.121094 78.667969
19.941406 38.347656 78.667969
19.941406 -1.730469 80.894531
19.941406 0.496094 80.894531
19.941406 2.722656 80.894531
19.941406 4.949219 80.894531
19.941406 7.175781 80.894531
19.941406 9.402344 80.894531
19.941406 11.628906 80.894531
19.941406 13.855469 80.894531
19.941406 16.082031 80.894531
19.941406 18.308594 80.894531
19.941406 20.535156 80.894531
19.941406 22.761719 80.894531
19.941406 24.988281 80.894531
19.941406 27.214844 80.894531
19.941406 29.441406 80.894531
19.941406 31.667969 80.894531
19.941406 33.894531 80.894531
19.941406 36.121094 80.894531
19.941406 38.347656 80.894531
19.941406 -1.730469 83.121094
19.941406 0.496094 83.121094
19.941406 2.722656 83.121094
19.941406 4.949219 83.121094
19.941406 7.175781 83.121094
19.941406 9.402344 83.121094
19.941406 11.628906 83.121094
19.941406 13.855469 83.121094
19.941406 16.082031 83.121094
19.941406 18.308594 83.121094
19.941406 20.535156 83.121094
19.941406 22.761719 83.121094
19.941406 24.988281 83.121094
19.941406 27.214844 83.121094
19.941406 29.441406 83.121094
19.941406 31.667969 83.121094
19.941406 33.894531 83.121094
19.941406 36.121094 83.121094
19.941406 38.347656 83.121094
19.941406 -1.730469 85.347656
19.941406 0.496094 85.347656
19.941406 2.722656 85.347656
19.941406 4.949219 85.347656
19.941406 7.175781 85.347656
19.941406 9.402344 85.347656
19.941406 11.628906 85.347656
19.941406 13.855469 85.347656
19.941406 16.082031 85.347656
19.941406 18.308594 85.347656
19.941406 20.535156 85.347656
19.941406 22.761719 85.347656
19.941406 24.988281 85.347656
19.941406 27.214844 85.347656
19.941406 29.441406 85.347656
19.941406 31.667969 85.347656
19.941406 33.894531 85.347656
19.941406 36.121094 85.347656
19.941406 38.347656 85.347656
19.941406 -1.730469 87.574219
19.941406 38.347656 87.574219
19.941406 -1.730469 89.800781
19.941406 38.347656 89.800781
19.941406 -1.730469 92.027344
19.941406 2.722656 92.027344
19.941406 31.667969 92.027344
19.941406 38.347656 92.027344
19.941406 -1.730469 94.253906
19.941406 0.496094 94.253906
19.941406 2.722656 94.253906
19.941406 4.949219 94.253906
19.941406 31.667969 94.253906
19.941406 33.894531 94.253906
19.941406 38.347656 94.253906
19.941406 -1.730469 96.480469
19.941406 0.496094 96.480469
19.941406 2.722656 96.480469
19.941406 4.949219 96.480469
19.941406 31.667969 96.480469
19.941406 33.894531 96.480469
19.941406 38.347656 96.480469
19.941406 -1.730469 98.707031
19.941406 0.496094 98.707031
19.941406 2.722656 98.707031
19.941406 4.949219 98.707031
19.941406 31.667969 98.707031
19.941406 33.894531 98.707031
19.941406 38.347656 98.707031
19.941406 -1.730469 100.933594
19.941406 0.496094 100.933594
19.941406 2.722656 100.933594
19.941406 4.949219 100.933594
19.941406 31.667969 100.933594
19.941406 33.894531 100.933594
19.941406 38.347656 100.933594
19.941406 -1.730469 103.160156
19.941406 0.496094 103.160156
19.941406 2.722656 103.160156
19.941406 4.949219 103.160156
19.941406 9.402344 103.160156
19.941406 11.628906 103.160156
19.941406 22.761719 103.160156
19.941406 24.988281 103.160156
19.941406 31.667969 103.160156
19.941406 33.894531 103.160156
19.941406 38.347656 103.160156
19.941406 -1.730469 105.386719
19.941406 0.496094 105.386719
19.941406 2.722656 105.386719
19.941406 4.949219 105.386719
19.941406 9.402344 105.386719
19.941406 11.628906 105.386719
19.941406 22.761719 105.386719
19.941406 24.988281 105.386719
19.941406 31.667969 105.386719
19.941406 33.894531 105.386719
19.941406 38.347656 105.386719
19.941406 -1.730469 107.613281
19.941406 0.496094 107.613281
19.941406 2.722656 107.613281
19.941406 4.949219 107.613281
19.941406 7.175781 107.613281
19.941406 9.402344 107.613281
19.941406 11.628906 107.613281
19.941406 13.855469 107.613281
19.941406 16.082031 107.613281
19.941406 18.308594 107.613281
19.941406 20.535156 107.613281
19.941406 22.761719 107.613281
19.941406 24.988281 107.613281
19.941406 27.214844 107.613281
19.941406 29.441406 107.613281
19.941406 31.667969 107.613281
19.941406 33.894531 107.613281
19.941406 36.121094 107.613281
19.941406 38.347656 107.613281
22.167969 -1.730469 85.347656
22.167969 0.496094 85.347656
22.167969 2.722656 85.347656
22.167969 4.949219 85.347656
22.167969 7.175781 85.347656
22.167969 9.402344 85.347656
22.167969 11.628906 85.347656
22.167969 13.855469 85.347656
22.167969 16.082031 85.347656
22.167969 18.308594 85.347656
22.167969 20.535156 85.347656
22.167969 22.761719 85.347656
22.167969 24.988281 85.347656
22.167969 27.214844 85.347656
22.167969 29.441406 85.347656
22.167969 31.667969 85.347656
22.167969 33.894531 85.347656
22.167969 36.121094 85.347656
22.167969 38.347656 85.347656
22.167969 -1.730469 87.574219
22.167969 38.347656 87.574219
22.167969 -1.730469 89.800781
22.167969 38.347656 89.800781
22.167969 -1.730469 92.027344
22.167969 38.347656 92.027344
22.167969 -1.730469 94.253906
22.167969 0.496094 94.253906
22.167969 2.722656 94.253906
22.167969 31.667969 94.253906
22.167969 33.894531 94.253906
22.167969 38.347656 94.253906
22.167969 -1.730469 96.480469
22.167969 0.496094 96.480469
22.167969 2.722656 96.480469
22.167969 31.667969 96.480469
22.167969 33.894531 96.480469
22.167969 38.347656 96.480469
22.167969 -1.730469 98.707031
22.167969 0.496094 98.707031
22.167969 2.722656 98.707031
22.167969 31.667969 98.707031
22.167969 33.894531 98.707031
22.167969 38.347656 98.707031
22.167969 -1.730469 100.933594
22.167969 0.496094 100.933594
22.167969 2.722656 100.933594
22.167969 31.667969 100.933594
22.167969 33.894531 100.933594
22.167969 38.347656 100.933594
22.167969 -1.730469 103.160156
22.167969 0.496094 103.160156
22.167969 2.722656 103.160156
22.167969 31.667969 103.160156
22.167969 33.894531 103.160156
22.167969 38.347656 103.160156
22.167969 -1.730469 105.386719
22.167969 0.496094 105.386719
22.167969 2.722656 105.386719
22.167969 31.667969 105.386719
22.167969 33.894531 105.386719
22.167969 38.347656 105.386719
22.167969 -1.730469 107.613281
22.167969 0.496094 107.613281
22.167969 2.722656 107.613281
22.167969 4.949219 107.613281
22.167969 7.175781 107.613281
22.167969 9.402344 107.613281
22.167969 11.628906 107.613281
22.167969 13.855469 107.613281
22.167969 16.082031 107.613281
22.167969 18.308594 107.613281
22.167969 20.535156 107.613281
22.167969 22.761719 107.613281
22.167969 24.988281 107.613281
22.167969 27.214844 107.613281
22.167969 29.441406 107.613281
22.167969 31.667969 107.613281
22.167969 33.894531 107.613281
22.167969 36.121094 107.613281
22.167969 38.347656 107.613281
24.394531 -1.730469 85.347656
24.394531 0.496094 85.347656
24.394531 2.722656 85.347656
24.394531 4.949219 85.347656
24.394531 7.175781 85.347656
24.394531 9.402344 85.347656
24.394531 11.628906 85.347656
24.394531 13.855469 85.347656
24.394531 16.082031 85.347656
24.394531 18.308594 85.347656
24.394531 20.535156 85.347656
24.394531 22.761719 85.347656
24.394531 24.988281 85.347656
24.394531 27.214844 85.347656
24.394531 29.441406 85.347656
24.394531 31.667969 85.347656
24.394531 33.894531 85.347656
24.394531 36.121094 85.347656
24.394531 38.347656 85.347656
24.394531 -1.730469 87.574219
24.394531 38.347656 87.574219
24.394531 -1.730469 89.800781
24.394531 38.347656 89.800781
24.394531 -1.730469 92.027344
24.394531 38.347656 92.027344
24.394531 -1.730469 94.253906
24.394531 38.347656 94.253906
24.394531 -1.730469 96.480469
24.394531 38.347656 96.480469
24.394531 -1.730469 98.707031
24.394531 38.347656 98.707031
24.394531 -1.730469 100.933594
24.394531 38.347656 100.933594
24.394531 -1.730469 103.160156
24.394531 38.347656 103.160156
24.394531 -1.730469 105.386719
24.394531 38.347656 105.386719
24.394531 -1.730469 107.613281
24.394531 0.496094 107.613281
24.394531 2.722656 107.613281
24.394531 4.949219 107.613281
24.394531 7.175781 107.613281
24.394531 9.402344 107.613281
24.394531 11.628906 107.613281
24.394531 13.855469 107.613281
24.394531 16.082031 107.613281
24.394531 18.308594 107.613281
24.394531 20.535156 107.613281
24.394531 22.761719 107.613281
24.394531 24.988281 107.613281
24.394531 27.214844 107.613281
24.394531 29.441406 107.613281
24.394531 31.667969 107.613281
24.394531 33.894531 107.613281
24.394531 36.121094 107.613281
24.394531 38.347656 107.613281
26.621094 -1.730469 85.347656
26.621094 0.496094 85.347656
26.621094 2.722656 85.347656
26.621094 4.949219 85.347656
26.621094 7.175781 85.347656
26.621094 9.402344 85.347656
26.621094 11.628906 85.347656
26.621094 13.855469 85.347656
26.621094 16.082031 85.347656
26.621094 18.308594 85.347656
26.621094 20.535156 85.347656
26.621094 22.761719 85.347656
26.621094 24.988281 85.347656
26.621094 27.214844 85.347656
26.621094 29.441406 85.347656
26.621094 31.667969 85.347656
26.621094 33.894531 85.347656
26.621094 36.121094 85.347656
26.621094 38.347656 85.347656
26.621094 -1.730469 87.574219
26.621094 38.347656 87.574219
26.621094 -1.730469 89.800781
26.621094 38.347656 89.800781
26.621094 -1.730469 92.027344
26.621094 38.347656 92.027344
26.621094 -1.730469 94.253906
26.621094 38.347656 94.253906
26.621094 -1.730469 96.480469
26.621094 13.855469 96.480469
26.621094 16.082031 96.480469
26.621094 18.308594 96.480469
26.621094 20.535156 96.480469
26.621094 38.347656 96.480469
26.621094 -1.730469 98.707031
26.621094 13.855469 98.707031
26.621094 16.082031 98.707031
26.621094 18.308594 98.707031
26.621094 20.535156 98.707031
26.621094 38.347656 98.707031
26.621094 -1.730469 100.933594
26.621094 13.855469 100.933594
26.621094 16.082031 100.933594
26.621094 18.308594 100.933594
26.621094 20.535156 100.933594
26.621094 38.347656 100.933594
26.621094 -1.730469 103.160156
26.621094 13.855469 103.160156
26.621094 16.082031 103.160156
26.621094 18.308594 103.160156
26.621094 20.535156 103.160156
26.621094 38.347656 103.160156
26.621094 -1.730469 105.386719
26.621094 13.855469 105.386719
26.621094 16.082031 105.386719
26.621094 18.308594 105.386719
26.621094 20.535156 105.386719
26.621094 38.347656 105.386719
26.621094 -1.730469 107.613281
26.621094 0.496094 107.613281
26.621094 2.722656 107.613281
26.621094 4.949219 107.613281
26.621094 7.175781 107.613281
26.621094 9.402344 107.613281
26.621094 11.628906 107.613281
26.621094 13.855469 107.613281
26.621094 16.082031 107.613281
26.621094 18.308594 107.613281
26.621094 20.535156 107.613281
26.621094 22.761719 107.613281
26.621094 24.988281 107.613281
26.621094 27.214844 107.613281
26.621094 29.441406 107.613281
26.621094 31.667969 107.613281
26.621094 33.894531 107.613281
26.621094 36.121094 107.613281
26.621094 38.347656 107.613281
28.847656 -1.730469 85.347656
28.847656 0.496094 85.347656
28.847656 2.722656 85.347656
28.847656 4.949219 85.347656
28.847656 7.175781 85.347656
28.847656 9.402344 85.347656
28.847656 11.628906 85.347656
28.847656 13.855469 85.347656
28.847656 16.082031 85.347656
28.847656 18.308594 85.347656
28.847656 20.535156 85.347656
28.847656 22.761719 85.347656
28.847656 24.988281 85.347656
28.847656 27.214844 85.347656
28.847656 29.441406 85.347656
28.847656 31.667969 85.347656
28.847656 33.894531 85.347656
28.847656 36.121094 85.347656
28.847656 38.347656 85.347656
28.847656 -1.730469 87.574219
28.847656 16.082031 87.574219
28.847656 18.308594 87.574219
28.847656 20.535156 87.574219
28.847656 38.347656 87.574219
28.847656 -1.730469 89.800781
28.847656 16.082031 89.800781
28.847656 18.308594 89.800781
28.847656 20.535156 89.800781
28.847656 38.347656 89.800781
28.847656 -1.730469 92.027344
28.847656 16.082031 92.027344
28.847656 18.308594 92.027344
28.847656 20.535156 92.027344
28.847656 38.347656 92.027344
28.847656 -1.730469 94.253906
28.847656 16.082031 94.253906
28.847656 18.308594 94.253906
28.847656 20.535156 94.253906
28.847656 38.347656 94.253906
28.847656 -1.730469 96.480469
28.847656 13.855469 96.480469
28.847656 16.082031 96.480469
28.847656 18.308594 96.480469
28.847656 20.535156 96.480469
28.847656 38.347656 96.480469
28.847656 -1.730469 98.707031
28.847656 13.855469 98.707031
28.847656 20.535156 98.707031
28.847656 38.347656 98.707031
28.847656 -1.730469 100.933594
28.847656 13.855469 100.933594
28.847656 20.535156 100.933594
28.847656 38.347656 100.933594
28.847656 -1.730469 103.160156
28.847656 13.855469 103.160156
28.847656 20.535156 103.160156
28.847656 38.347656 103.160156
28.847656 -1.730469 105.386719
28.847656 13.855469 105.386719
28.847656 20.535156 105.386719
28.847656 38.347656 105.386719
28.847656 -1.730469 107.613281
28.847656 0.496094 107.613281
28.847656 2.722656 107.613281
28.847656 4.949219 107.613281
28.847656 7.175781 107.613281
28.847656 9.402344 107.613281
28.847656 11.628906 107.613281
28.847656 13.855469 107.613281
28.847656 20.535156 107.613281
28.847656 22.761719 107.613281
28.847656 24.988281 107.613281
28.847656 27.214844 107.613281
28.847656 29.441406 107.613281
28.847656 31.667969 107.613281
28.847656 33.894531 107.613281
28.847656 36.121094 107.613281
28.847656 38.347656 107.613281
31.074219 -1.730469 85.347656
31.074219 0.496094 85.347656
31.074219 2.722656 85.347656
31.074219 4.949219 85.347656
31.074219 7.175781 85.347656
31.074219 9.402344 85.347656
31.074219 11.628906 85.347656
31.074219 13.855469 85.347656
31.074219 16.082031 85.347656
31.074219 18.308594 85.347656
31.074219 20.535156 85.347656
31.074219 22.761719 85.347656
31.074219 24.988281 85.347656
31.074219 27.214844 85.347656
31.074219 29.441406 85.347656
31.074219 31.667969 85.347656
31.074219 33.894531 85.347656
31.074219 36.121094 85.347656
31.074219 38.347656 85.347656
31.074219 -1.730469 87.574219
31.074219 16.082031 87.574219
31.074219 18.308594 87.574219
31.074219 20.535156 87.574219
31.074219 38.347656 87.574219
31.074219 -1.730469 89.800781
31.074219 16.082031 89.800781
31.074219 18.308594 89.800781
31.074219 20.535156 89.800781
31.074219 38.347656 89.800781
31.074219 -1.730469 92.027344
31.074219 16.082031 92.027344
31.074219 18.308594 92.027344
31.074219 20.535156 92.027344
31.074219 38.347656 92.027344
31.074219 -1.730469 94.253906
31.074219 16.082031 94.253906
31.074219 18.308594 94.253906
31.074219 20.535156 94.253906
31.074219 38.347656 94.253906
31.074219 -1.730469 96.480469
31.074219 13.855469 96.480469
31.074219 16.082031 96.480469
31.074219 18.308594 96.480469
31.074219 20.535156 96.480469
31.074219 38.347656 96.480469
31.074219 -1.730469 98.707031
31.074219 13.855469 98.707031
31.074219 20.535156 98.707031
31.074219 38.347656 98.707031
31.074219 -1.730469 100.933594
31.074219 13.855469 100.933594
31.074219 20.535156 100.933594
31.074219 38.347656 100.933594
31.074219 -1.730469 103.160156
31.074219 13.855469 103.160156
31.074219 20.535156 103.160156
31.074219 38.347656 103.160156
31.074219 -1.730469 105.386719
31.074219 13.855469 105.386719
31.074219 20.535156 105.386719
31.074219 38.347656 105.386719
31.074219 -1.730469 107.613281
31.074219 0.496094 107.613281
31.074219 2.722656 107.613281
31.074219 4.949219 107.613281
31.074219 7.175781 107.613281
31.074219 9.402344 107.613281
31.074219 11.628906 107.613281
31.074219 13.855469 107.613281
31.074219 20.535156 107.613281
31.074219 22.761719 107.613281
31.074219 24.988281 107.613281
31.074219 27.214844 107.613281
31.074219 29.441406 107.613281
31.074219 31.667969 107.613281
31.074219 33.894531 107.613281
31.074219 36.121094 107.613281
31.074219 38.347656 107.613281
33.300781 -1.730469 85.347656
33.300781 0.496094 85.347656
33.300781 2.722656 85.347656
33.300781 4.949219 85.347656
33.300781 7.175781 85.347656
33.300781 9.402344 85.347656
33.300781 11.628906 85.347656
33.300781 13.855469 85.347656
33.300781 16.082031 85.347656
33.300781 18.308594 85.347656
33.300781 20.535156 85.347656
33.300781 22.761719 85.347656
33.300781 24.988281 85.347656
33.300781 27.214844 85.347656
33.300781 29.441406 85.347656
33.300781 31.667969 85.347656
33.300781 33.894531 85.347656
33.300781 36.121094 85.347656
33.300781 38.347656 85.347656
33.300781 -1.730469 87.574219
33.300781 16.082031 87.574219
33.300781 18.308594 87.574219
33.300781 38.347656 87.574219
33.300781 -1.730469 89.800781
33.300781 16.082031 89.800781
33.300781 18.308594 89.800781
33.300781 38.347656 89.800781
33.300781 -1.730469 92.027344
33.300781 16.082031 92.027344
33.300781 18.308594 92.027344
33.300781 38.347656 92.027344
33.300781 -1.730469 94.253906
33.300781 16.082031 94.253906
33.300781 18.308594 94.253906
33.300781 38.347656 94.253906
33.300781 -1.730469 96.480469
33.300781 13.855469 96.480469
33.300781 16.082031 96.480469
33.300781 18.308594 96.480469
33.300781 20.535156 96.480469
33.300781 38.347656 96.480469
33.300781 -1.730469 98.707031
33.300781 13.855469 98.707031
33.300781 16.082031 98.707031
33.300781 18.308594 98.707031
33.300781 20.535156 98.707031
33.300781 38.347656 98.707031
33.300781 -1.730469 100.933594
33.300781 13.855469 100.933594
33.300781 16.082031 100.933594
33.300781 18.308594 100.933594
33.300781 20.535156 100.933594
33.300781 38.347656 100.933594
33.300781 -1.730469 103.160156
33.300781 13.855469 103.160156
33.300781 16.082031 103.160156
33.300781 18.308594 103.160156
33.300781 20.535156 103.160156
33.300781 38.347656 103.160156
33.300781 -1.730469 105.386719
33.300781 13.855469 105.386719
33.300781 16.082031 105.386719
33.300781 18.308594 105.386719
33.300781 20.535156 105.386719
33.300781 38.347656 105.386719
33.300781 -1.730469 107.613281
33.300781 0.496094 107.613281
33.300781 2.722656 107.613281
33.300781 4.949219 107.613281
33.300781 7.175781 107.613281
33.300781 9.402344 107.613281
33.300781 11.628906 107.613281
33.300781 13.855469 107.613281
33.300781 16.082031 107.613281
33.300781 18.308594 107.613281
33.300781 20.535156 107.613281
33.300781 22.761719 107.613281
33.300781 24.988281 107.613281
33.300781 27.214844 107.613281
33.300781 29.441406 107.613281
33.300781 31.667969 107.613281
33.300781 33.894531 107.613281
33.300781 36.121094 107.613281
33.300781 38.347656 107.613281
35.527344 -1.730469 85.347656
35.527344 0.496094 85.347656
35.527344 2.722656 85.347656
35.527344 4.949219 85.347656
35.527344 7.175781 85.347656
35.527344 9.402344 85.347656
35.527344 11.628906 85.347656
35.527344 13.855469 85.347656
35.527344 16.082031 85.347656
35.527344 18.308594 85.347656
35.527344 20.535156 85.347656
35.527344 22.761719 85.347656
35.527344 24.988281 85.347656
35.527344 27.214844 85.347656
35.527344 29.441406 85.347656
35.527344 31.667969 85.347656
35.527344 33.894531 85.347656
35.527344 36.121094 85.347656
35.527344 38.347656 85.347656
35.527344 -1.730469 87.574219
35.527344 38.347656 87.574219
35.527344 -1.730469 89.800781
35.527344 38.347656 89.800781
35.527344 -1.730469 92.027344
35.527344 38.347656 92.027344
35.527344 -1.730469 94.253906
35.527344 38.347656 94.253906
35.527344 -1.730469 96.480469
35.527344 16.082031 96.480469
35.527344 18.308594 96.480469
35.527344 20.535156 96.480469
35.527344 38.347656 96.480469
35.527344 -1.730469 98.707031
35.527344 16.082031 98.707031
35.527344 18.308594 98.707031
35.527344 20.535156 98.707031
35.527344 38.347656 98.707031
35.527344 -1.730469 100.933594
35.527344 16.082031 100.933594
35.527344 18.308594 100.933594
35.527344 20.535156 100.933594
35.527344 38.347656 100.933594
35.527344 -1.730469 103.160156
35.527344 16.082031 103.160156
35.527344 18.308594 103.160156
35.527344 20.535156 103.160156
35.527344 38.347656 103.160156
35.527344 -1.730469 105.386719
35.527344 16.082031 105.386719
35.527344 18.308594 105.386719
35.527344 20.535156 105.386719
35.527344 38.347656 105.386719
35.527344 -1.730469 107.613281
35.527344 0.496094 107.613281
35.527344 2.722656 107.613281
35.527344 4.949219 107.613281
35.527344 7.175781 107.613281
35.527344 9.402344 107.613281
35.527344 11.628906 107.613281
35.527344 13.855469 107.613281
35.527344 16.082031 107.613281
35.527344 18.308594 107.613281
35.527344 20.535156 107.613281
35.527344 22.761719 107.613281
35.527344 24.988281 107.613281
35.527344 27.214844 107.613281
35.527344 29.441406 107.613281
35.527344 31.667969 107.613281
35.527344 33.894531 107.613281
35.527344 36.121094 107.613281
35.527344 38.347656 107.613281
37.753906 -1.730469 85.347656
37.753906 0.496094 85.347656
37.753906 2.722656 85.347656
37.753906 4.949219 85.347656
37.753906 7.175781 85.347656
37.753906 9.402344 85.347656
37.753906 11.628906 85.347656
37.753906 13.855469 85.347656
37.753906 16.082031 85.347656
37.753906 18.308594 85.347656
37.753906 20.535156 85.347656
37.753906 22.761719 85.347656
37.753906 24.988281 85.347656
37.753906 27.214844 85.347656
37.753906 29.441406 85.347656
37.753906 31.667969 85.347656
37.753906 33.894531 85.347656
37.753906 36.121094 85.347656
37.753906 38.347656 85.347656
37.753906 -1.730469 87.574219
37.753906 16.082031 87.574219
37.753906 18.308594 87.574219
37.753906 38.347656 87.574219
37.753906 -1.730469 89.800781
37.753906 16.082031 89.800781
37.753906 18.308594 89.800781
37.753906 38.347656 89.800781
37.753906 -1.730469 92.027344
37.753906 16.082031 92.027344
37.753906 18.308594 92.027344
37.753906 38.347656 92.027344
37.753906 -1.730469 94.253906
37.753906 16.082031 94.253906
37.753906 18.308594 94.253906
37.753906 38.347656 94.253906
37.753906 -1.730469 96.480469
37.753906 13.855469 96.480469
37.753906 16.082031 96.480469
37.753906 18.308594 96.480469
37.753906 20.535156 96.480469
37.753906 38.347656 96.480469
37.753906 -1.730469 98.707031
37.753906 13.855469 98.707031
37.753906 16.082031 98.707031
37.753906 20.535156 98.707031
37.753906 38.347656 98.707031
37.753906 -1.730469 100.933594
37.753906 13.855469 100.933594
37.753906 16.082031 100.933594
37.753906 20.535156 100.933594
37.753906 38.347656 100.933594
37.753906 -1.730469 103.160156
37.753906 13.855469 103.160156
37.753906 16.082031 103.160156
37.753906 20.535156 103.160156
37.753906 38.347656 103.160156
37.753906 -1.730469 105.386719
37.753906 13.855469 105.386719
37.753906 16.082031 105.386719
37.753906 20.535156 105.386719
37.753906 38.347656 105.386719
37.753906 -1.730469 107.613281
37.753906 0.496094 107.613281
37.753906 2.722656 107.613281
37.753906 4.949219 107.613281
37.753906 7.175781 107.613281
37.753906 9.402344 107.613281
37.753906 11.628906 107.613281
37.753906 13.855469 107.613281
37.753906 16.082031 107.613281
37.753906 20.535156 107.613281
37.753906 22.761719 107.613281
37.753906 24.988281 107.613281
37.753906 27.214844 107.613281
37.753906 29.441406 107.613281
37.753906 31.667969 107.613281
37.753906 33.894531 107.613281
37.753906 36.121094 107.613281
37.753906 38.347656 107.613281
39.980469 -1.730469 85.347656
39.980469 0.496094 85.347656
39.980469 2.722656 85.347656
39.980469 4.949219 85.347656
39.980469 7.175781 85.347656
39.980469 9.402344 85.347656
39.980469 11.628906 85.347656
39.980469 13.855469 85.347656
39.980469 16.082031 85.347656
39.980469 18.308594 85.347656
39.980469 20.535156 85.347656
39.980469 22.761719 85.347656
39.980469 24.988281 85.347656
39.980469 27.214844 85.347656
39.980469 29.441406 85.347656
39.980469 31.667969 85.347656
39.980469 33.894531 85.347656
39.980469 36.121094 85.347656
39.980469 38.347656 85.347656
39.980469 -1.730469 87.574219
39.980469 16.082031 87.574219
39.980469 18.308594 87.574219
39.980469 20.535156 87.574219
39.980469 38.347656 87.574219
39.980469 -1.730469 89.800781
39.980469 16.082031 89.800781
39.980469 18.308594 89.800781
39.980469 20.535156 89.800781
39.980469 38.347656 89.800781
39.980469 -1.730469 92.027344
39.980469 16.082031 92.027344
39.980469 18.308594 92.027344
39.980469 20.535156 92.027344
39.980469 38.347656 92.027344
39.980469 -1.730469 94.253906
39.980469 16.082031 94.253906
39.980469 18.308594 94.253906
39.980469 20.535156 94.253906
39.980469 38.347656 94.253906
39.980469 -1.730469 96.480469
39.980469 13.855469 96.480469
39.980469 16.082031 96.480469
39.980469 18.308594 96.480469
39.980469 20.535156 96.480469
39.980469 38.347656 96.480469
39.980469 -1.730469 98.707031
39.980469 13.855469 98.707031
39.980469 20.535156 98.707031
39.980469 38.347656 98.707031
39.980469 -1.730469 100.933594
39.980469 13.855469 100.933594
39.980469 20.535156 100.933594
39.980469 38.347656 100.933594
39.980469 -1.730469 103.160156
39.980469 13.855469 103.160156
39.980469 20.535156 103.160156
39.980469 38.347656 103.160156
39.980469 -1.730469 105.386719
39.980469 13.855469 105.386719
39.980469 20.535156 105.386719
39.980469 38.347656 105.386719
39.980469 -1.730469 107.613281
39.980469 0.496094 107.613281
39.980469 2.722656 107.613281
39.980469 4.949219 107.613281
39.980469 7.175781 107.613281
39.980469 9.402344 107.613281
39.980469 11.628906 107.613281
39.980469 13.855469 107.613281
39.980469 20.535156 107.613281
39.980469 22.761719 107.613281
39.980469 24.988281 107.613281
39.980469 27.214844 107.613281
39.980469 29.441406 107.613281
39.980469 31.667969 107.613281
39.980469 33.894531 107.613281
39.980469 36.121094 107.613281
39.980469 38.347656 107.613281
42.207031 -1.730469 85.347656
42.207031 0.496094 85.347656
42.207031 2.722656 85.347656
42.207031 4.949219 85.347656
42.207031 7.175781 85.347656
42.207031 9.402344 85.347656
42.207031 11.628906 85.347656
42.207031 13.855469 85.347656
42.207031 16.082031 85.347656
42.207031 18.308594 85.347656
42.207031 20.535156 85.347656
42.207031 22.761719 85.347656
42.207031 24.988281 85.347656
42.207031 27.214844 85.347656
42.207031 29.441406 85.347656
42.207031 31.667969 85.347656
42.207031 33.894531 85.347656
42.207031 36.121094 85.347656
42.207031 38.347656 85.347656
42.207031 -1.730469 87.574219
42.207031 16.082031 87.574219
42.207031 18.308594 87.574219
42.207031 38.347656 87.574219
42.207031 -1.730469 89.800781
42.207031 16.082031 89.800781
42.207031 18.308594 89.800781
42.207031 38.347656 89.800781
42.207031 -1.730469 92.027344
42.207031 16.082031 92.027344
42.207031 18.308594 92.027344
42.207031 38.347656 92.027344
42.207031 -1.730469 94.253906
42.207031 16.082031 94.253906
42.207031 18.308594 94.253906
42.207031 38.347656 94.253906
42.207031 -1.730469 96.480469
42.207031 13.855469 96.480469
42.207031 16.082031 96.480469
42.207031 18.308594 96.480469
42.207031 20.535156 96.480469
42.207031 38.347656 96.480469
42.207031 -1.730469 98.707031
42.207031 13.855469 98.707031
42.207031 16.082031 98.707031
42.207031 20.535156 98.707031
42.207031 38.347656 98.707031
42.207031 -1.730469 100.933594
42.207031 13.855469 100.933594
42.207031 16.082031 100.933594
42.207031 20.535156 100.933594
42.207031 38.347656 100.933594
42.207031 -1.730469 103.160156
42.207031 13.855469 103.160156
42.207031 16.082031 103.160156
42.207031 20.535156 103.160156
42.207031 38.347656 103.160156
42.207031 -1.730469 105.386719
42.207031 13.855469 105.386719
42.207031 16.082031 105.386719
42.207031 20.535156 105.386719
42.207031 38.347656 105.386719
42.207031 -1.730469 107.613281
42.207031 0.496094 107.613281
42.207031 2.722656 107.613281
42.207031 4.949219 107.613281
42.207031 7.175781 107.613281
42.207031 9.402344 107.613281
42.207031 11.628906 107.613281
42.207031 13.855469 107.613281
42.207031 16.082031 107.613281
42.207031 20.535156 107.613281
42.207031 22.761719 107.613281
42.207031 24.988281 107.613281
42.207031 27.214844 107.613281
42.207031 29.441406 107.613281
42.207031 31.667969 107.613281
42.207031 33.894531 107.613281
42.207031 36.121094 107.613281
42.207031 38.347656 107.613281
44.433594 -1.730469 85.347656
44.433594 0.496094 85.347656
44.433594 2.722656 85.347656
44.433594 4.949219 85.347656
44.433594 7.175781 85.347656
44.433594 9.402344 85.347656
44.433594 11.628906 85.347656
44.433594 13.855469 85.347656
44.433594 16.082031 85.347656
44.433594 18.308594 85.347656
44.433594 20.535156 85.347656
44.433594 22.761719 85.347656
44.433594 24.988281 85.347656
44.433594 27.214844 85.347656
44.433594 29.441406 85.347656
44.433594 31.667969 85.347656
44.433594 33.894531 85.347656
44.433594 36.121094 85.347656
44.433594 38.347656 85.347656
44.433594 -1.730469 87.574219
44.433594 38.347656 87.574219
44.433594 -1.730469 89.800781
44.433594 38.347656 89.800781
44.433594 -1.730469 92.027344
44.433594 38.347656 92.027344
44.433594 -1.730469 94.253906
44.433594 38.347656 94.253906
44.433594 -1.730469 96.480469
44.433594 16.082031 96.480469
44.433594 18.308594 96.480469
44.433594 20.535156 96.480469
44.433594 38.347656 96.480469
44.433594 -1.730469 98.707031
44.433594 16.082031 98.707031
44.433594 18.308594 98.707031
44.433594 20.535156 98.707031
44.433594 38.347656 98.707031
44.433594 -1.730469 100.933594
44.433594 16.082031 100.933594
44.433594 18.308594 100.933594
44.433594 20.535156 100.933594
44.433594 38.347656 100.933594
44.433594 -1.730469 103.160156
44.433594 16.082031 103.160156
44.433594 18.308594 103.160156
44.433594 20.535156 103.160156
44.433594 38.347656 103.160156
44.433594 -1.730469 105.386719
44.433594 16.082031 105.386719
44.433594 18.308594 105.386719
44.433594 20.535156 105.386719
44.433594 38.347656 105.386719
44.433594 -1.730469 107.613281
44.433594 0.496094 107.613281
44.433594 2.722656 107.613281
44.433594 4.949219 107.613281
44.433594 7.175781 107.613281
44.433594 9.402344 107.613281
44.433594 11.628906 107.613281
44.433594 13.855469 107.613281
44.433594 16.082031 107.613281
44.433594 18.308594 107.613281
44.433594 20.535156 107.613281
44.433594 22.761719 107.613281
44.433594 24.988281 107.613281
44.433594 27.214844 107.613281
44.433594 29.441406 107.613281
44.433594 31.667969 107.613281
44.433594 33.894531 107.613281
44.433594 36.121094 107.613281
44.433594 38.347656 107.613281
46.660156 -1.730469 85.347656
46.660156 0.496094 85.347656
46.660156 2.722656 85.347656
46.660156 4.949219 85.347656
46.660156 7.175781 85.347656
46.660156 9.402344 85.347656
46.660156 11.628906 85.347656
46.660156 13.855469 85.347656
46.660156 16.082031 85.347656
46.660156 18.308594 85.347656
46.660156 20.535156 85.347656
46.660156 22.761719 85.347656
46.660156 24.988281 85.347656
46.660156 27.214844 85.347656
46.660156 29.441406 85.347656
46.660156 31.667969 85.347656
46.660156 33.894531 85.347656
46.660156 36.121094 85.347656
46.660156 38.347656 85.347656
46.660156 -1.730469 87.574219
46.660156 38.347656 87.574219
46.660156 -1.730469 89.800781
46.660156 38.347656 89.800781
46.660156 -1.730469 92.027344
46.660156 38.347656 92.027344
46.660156 -1.730469 94.253906
46.660156 38.347656 94.253906
46.660156 -1.730469 96.480469
46.660156 38.347656 96.480469
46.660156 -1.730469 98.707031
46.660156 38.347656 98.707031
46.660156 -1.730469 100.933594
46.660156 38.347656 100.933594
46.660156 -1.730469 103.160156
46.660156 38.347656 103.160156
46.660156 -1.730469 105.386719
46.660156 38.347656 105.386719
46.660156 -1.730469 107.613281
46.660156 0.496094 107.613281
46.660156 2.722656 107.613281
46.660156 4.949219 107.613281
46.660156 7.175781 107.613281
46.660156 9.402344 107.613281
46.660156 11.628906 107.613281
46.660156 13.855469 107.613281
46.660156 16.082031 107.613281
46.660156 18.308594 107.613281
46.660156 20.535156 107.613281
46.660156 22.761719 107.613281
46.660156 24.988281 107.613281
46.660156 27.214844 107.613281
46.660156 29.441406 107.613281
46.660156 31.667969 107.613281
46.660156 33.894531 107.613281
46.660156 36.121094 107.613281
46.660156 38.347656 107.613281
48.886719 -1.730469 85.347656
48.886719 0.496094 85.347656
48.886719 2.722656 85.347656
48.886719 4.949219 85.347656
48.886719 7.175781 85.347656
48.886719 9.402344 85.347656
48.886719 11.628906 85.347656
48.886719 13.855469 85.347656
48.886719 16.082031 85.347656
48.886719 18.308594 85.347656
48.886719 20.535156 85.347656
48.886719 22.761719 85.347656
48.886719 24.988281 85.347656
48.886719 27.214844 85.347656
48.886719 29.441406 85.347656
48.886719 31.667969 85.347656
48.886719 33.894531 85.347656
48.886719 36.121094 85.347656
48.886719 38.347656 85.347656
48.886719 -1.730469 87.574219
48.886719 38.347656 87.574219
48.886719 -1.730469 89.800781
48.886719 38.347656 89.800781
48.886719 -1.730469 92.027344
48.886719 2.722656 92.027344
48.886719 31.667969 92.027344
48.886719 38.347656 92.027344
48.886719 -1.730469 94.253906
48.886719 0.496094 94.253906
48.886719 2.722656 94.253906
48.886719 4.949219 94.253906
48.886719 31.667969 94.253906
48.886719 33.894531 94.253906
48.886719 38.347656 94.253906
48.886719 -1.730469 96.480469
48.886719 0.496094 96.480469
48.886719 2.722656 96.480469
48.886719 4.949219 96.480469
48.886719 31.667969 96.480469
48.886719 33.894531 96.480469
48.886719 38.347656 96.480469
48.886719 -1.730469 98.707031
48.886719 0.496094 98.707031
48.886719 2.722656 98.707031
48.886719 4.949219 98.707031
48.886719 31.667969 98.707031
48.886719 33.894531 98.707031
48.886719 38.347656 98.707031
48.886719 -1.730469 100.933594
48.886719 0.496094 100.933594
48.886719 2.722656 100.933594
48.886719 4.949219 100.933594
48.886719 31.667969 100.933594
48.886719 33.894531 100.933594
48.886719 38.347656 100.933594
48.886719 -1.730469 103.160156
48.886719 0.496094 103.160156
48.886719 2.722656 103.160156
48.886719 4.949219 103.160156
48.886719 31.667969 103.160156
48.886719 33.894531 103.160156
48.886719 38.347656 103.160156
48.886719 -1.730469 105.386719
48.886719 0.496094 105.386719
48.886719 2.722656 105.386719
48.886719 4.949219 105.386719
48.886719 31.667969 105.386719
48.886719 33.894531 105.386719
48.886719 38.347656 105.386719
48.886719 -1.730469 107.613281
48.886719 0.496094 107.613281
48.886719 2.722656 107.613281
48.886719 4.949219 107.613281
48.886719 7.175781 107.613281
48.886719 9.402344 107.613281
48.886719 11.628906 107.613281
48.886719 13.855469 107.613281
48.886719 16.082031 107.613281
48.886719 18.308594 107.613281
48.886719 20.535156 107.613281
48.886719 22.761719 107.613281
48.886719 24.988281 107.613281
48.886719 27.214844 107.613281
48.886719 29.441406 107.613281
48.886719 31.667969 107.613281
48.886719 33.894531 107.613281
48.886719 36.121094 107.613281
48.886719 38.347656 107.613281
51.113281 -1.730469 67.535156
51.113281 0.496094 67.535156
51.113281 2.722656 67.535156
51.113281 4.949219 67.535156
51.113281 7.175781 67.535156
51.113281 9.402344 67.535156
51.113281 11.628906 67.535156
51.113281 13.855469 67.535156
51.113281 16.082031 67.535156
51.113281 18.308594 67.535156
51.113281 20.535156 67.535156
51.113281 22.761719 67.535156
51.113281 24.988281 67.535156
51.113281 27.214844 67.535156
51.113281 29.441406 67.535156
51.113281 31.667969 67.535156
51.113281 33.894531 67.535156
51.113281 36.121094 67.535156
51.113281 38.347656 67.535156
51.113281 -1.730469 69.761719
51.113281 0.496094 69.761719
51.113281 2.722656 69.761719
51.113281 4.949219 69.761719
51.113281 7.175781 69.761719
51.113281 9.402344 69.761719
51.113281 11.628906 69.761719
51.113281 13.855469 69.761719
51.113281 16.082031 69.761719
51.113281 18.308594 69.761719
51.113281 20.535156 69.761719
51.113281 22.761719 69.761719
51.113281 24.988281 69.761719
51.113281 27.214844 69.761719
51.113281 29.441406 69.761719
51.113281 31.667969 69.761719
51.113281 33.894531 69.761719
51.113281 36.121094 69.761719
51.113281 38.347656 69.761719
51.113281 -1.730469 71.988281
51.113281 0.496094 71.988281
51.113281 2.722656 71.988281
51.113281 4.949219 71.988281
51.113281 7.175781 71.988281
51.113281 9.402344 71.988281
51.113281 11.628906 71.988281
51.113281 13.855469 71.988281
51.113281 16.082031 71.988281
51.113281 18.308594 71.988281
51.113281 20.535156 71.988281
51.113281 22.761719 71.988281
51.113281 24.988281 71.988281
51.113281 27.214844 71.988281
51.113281 29.441406 71.988281
51.113281 31.667969 71.988281
51.113281 33.894531 71.988281
51.113281 36.121094 71.988281
51.113281 38.347656 71.988281
51.113281 -1.730469 74.214844
51.113281 0.496094 74.214844
51.113281 2.722656 74.214844
51.113281 4.949219 74.214844
51.113281 7.175781 74.214844
51.113281 9.402344 74.214844
51.113281 11.628906 74.214844
51.113281 13.855469 74.214844
51.113281 16.082031 74.214844
51.113281 18.308594 74.214844
51.113281 20.535156 74.214844
51.113281 22.761719 74.214844
51.113281 24.988281 74.214844
51.113281 27.214844 74.214844
51.113281 29.441406 74.214844
51.113281 31.667969 74.214844
51.113281 33.894531 74.214844
51.113281 36.121094 74.214844
51.113281 38.347656 74.214844
51.113281 -1.730469 76.441406
51.113281 0.496094 76.441406
51.113281 2.722656 76.441406
51.113281 4.949219 76.441406
51.113281 7.175781 76.441406
51.113281 9.402344 76.441406
51.113281 11.628906 76.441406
51.113281 13.855469 76.441406
51.113281 16.082031 76.441406
51.113281 18.308594 76.441406
51.113281 20.535156 76.441406
51.113281 22.761719 76.441406
51.113281 24.988281 76.441406
51.113281 27.214844 76.441406
51.113281 29.441406 76.441406
51.113281 31.667969 76.441406
51.113281 33.894531 76.441406
51.113281 36.121094 76.441406
51.113281 38.347656 76.441406
51.113281 -1.730469 78.667969
51.113281 0.496094 78.667969
51.113281 2.722656 78.667969
51.113281 4.949219 78.667969
51.113281 7.175781 78.667969
51.113281 9.402344 78.667969
51.113281 11.628906 78.667969
51.113281 13.855469 78.667969
51.113281 16.082031 78.667969
51.113281 18.308594 78.667969
51.113281 20.535156 78.667969
51.113281 22.761719 78.667969
51.113281 24.988281 78.667969
51.113281 27.214844 78.667969
51.113281 29.441406 78.667969
51.113281 31.667969 78.667969
51.113281 33.894531 78.667969
51.113281 36.121094 78.667969
51.113281 38.347656 78.667969
51.113281 -1.730469 80.894531
51.113281 0.496094 80.894531
51.113281 2.722656 80.894531
51.113281 4.949219 80.894531
51.113281 7.175781 80.894531
51.113281 9.402344 80.894531
51.113281 11.628906 80.894531
51.113281 13.855469 80.894531
51.113281 16.082031 80.894531
51.113281 18.308594 80.894531
51.113281 20.535156 80.894531
51.113281 22.761719 80.894531
51.113281 24.988281 80.894531
51.113281 27.214844 80.894531
51.113281 29.441406 80.894531
51.113281 31.667969 80.894531
51.113281 33.894531 80.894531
51.113281 36.121094 80.894531
51.113281 38.347656 80.894531
51.113281 -1.730469 83.121094
51.113281 0.496094 83.121094
51.113281 2.722656 83.121094
51.113281 4.949219 83.121094
51.113281 7.175781 83.121094
51.113281 9.402344 83.121094
51.113281 11.628906 83.121094
51.113281 13.855469 83.121094
51.113281 16.082031 83.121094
51.113281 18.308594 83.121094
51.113281 20.535156 83.121094
51.113281 22.761719 83.121094
51.113281 24.988281 83.121094
51.113281 27.214844 83.121094
51.113281 29.441406 83.121094
51.113281 31.667969 83.121094
51.113281 33.894531 83.121094
51.113281 36.121094 83.121094
51.113281 38.347656 83.121094
51.113281 -1.730469 85.347656
51.113281 0.496094 85.347656
51.113281 2.722656 85.347656
51.113281 4.949219 85.347656
51.113281 7.175781 85.347656
51.113281 9.402344 85.347656
51.113281 11.628906 85.347656
51.113281 13.855469 85.347656
51.113281 16.082031 85.347656
51.113281 18.308594 85.347656
51.113281 20.535156 85.347656
51.113281 22.761719 85.347656
51.113281 24.988281 85.347656
51.113281 27.214844 85.347656
51.113281 29.441406 85.347656
51.113281 31.667969 85.347656
51.113281 33.894531 85.347656
51.113281 36.121094 85.347656
51.113281 38.347656 85.347656
51.113281 -1.730469 87.574219
51.113281 38.347656 87.574219
51.113281 -1.730469 89.800781
51.113281 38.347656 89.800781
51.113281 -1.730469 92.027344
51.113281 2.722656 92.027344
51.113281 31.667969 92.027344
51.113281 38.347656 92.027344
51.113281 -1.730469 94.253906
51.113281 0.496094 94.253906
51.113281 2.722656 94.253906
51.113281 4.949219 94.253906
51.113281 31.667969 94.253906
51.113281 33.894531 94.253906
51.113281 38.347656 94.253906
51.113281 -1.730469 96.480469
51.113281 0.496094 96.480469
51.113281 2.722656 96.480469
51.113281 4.949219 96.480469
51.113281 31.667969 96.480469
51.113281 33.894531 96.480469
51.113281 38.347656 96.480469
51.113281 -1.730469 98.707031
51.113281 0.496094 98.707031
51.113281 2.722656 98.707031
51.113281 4.949219 98.707031
51.113281 31.667969 98.707031
51.113281 33.894531 98.707031
51.113281 38.347656 98.707031
51.113281 -1.730469 100.933594
51.113281 0.496094 100.933594
51.113281 2.722656 100.933594
51.113281 4.949219 100.933594
51.113281 31.667969 100.933594
51.113281 33.894531 100.933594
51.113281 38.347656 100.933594
51.113281 -1.730469 103.160156
51.113281 0.496094 103.160156
51.113281 2.722656 103.160156
51.113281 4.949219 103.160156
51.113281 7.175781 103.160156
51.113281 9.402344 103.160156
51.113281 11.628906 103.160156
51.113281 13.855469 103.160156
51.113281 20.535156 103.160156
51.113281 22.761719 103.160156
51.113281 24.988281 103.160156
51.113281 27.214844 103.160156
51.113281 31.667969 103.160156
51.113281 33.894531 103.160156
51.113281 38.347656 103.160156
51.113281 -1.730469 105.386719
51.113281 0.496094 105.386719
51.113281 2.722656 105.386719
51.113281 4.949219 105.386719
51.113281 7.175781 105.386719
51.113281 9.402344 105.386719
51.113281 11.628906 105.386719
51.113281 13.855469 105.386719
51.113281 20.535156 105.386719
51.113281 22.761719 105.386719
51.113281 24.988281 105.386719
51.113281 27.214844 105.386719
51.113281 31.667969 105.386719
51.113281 33.894531 105.386719
51.113281 38.347656 105.386719
51.113281 -1.730469 107.613281
51.113281 0.496094 107.613281
51.113281 2.722656 107.613281
51.113281 4.949219 107.613281
51.113281 7.175781 107.613281
51.113281 9.402344 107.613281
51.113281 11.628906 107.613281
51.113281 13.855469 107.613281
51.113281 16.082031 107.613281
51.113281 18.308594 107.613281
51.113281 20.535156 107.613281
51.113281 22.761719 107.613281
51.113281 24.988281 107.613281
51.113281 27.214844 107.613281
51.113281 29.441406 107.613281
51.113281 31.667969 107.613281
51.113281 33.894531 107.613281
51.113281 36.121094 107.613281
51.113281 38.347656 107.613281
53.339844 -1.730469 67.535156
53.339844 0.496094 67.535156
53.339844 2.722656 67.535156
53.339844 4.949219 67.535156
53.339844 7.175781 67.535156
53.339844 9.402344 67.535156
53.339844 11.628906 67.535156
53.339844 13.855469 67.535156
53.339844 16.082031 67.535156
53.339844 18.308594 67.535156
53.339844 20.535156 67.535156
53.339844 22.761719 67.535156
53.339844 24.988281 67.535156
53.339844 27.214844 67.535156
53.339844 29.441406 67.535156
53.339844 31.667969 67.535156
53.339844 33.894531 67.535156
53.339844 36.121094 67.535156
53.339844 38.347656 67.535156
53.339844 -1.730469 69.761719
53.339844 7.175781 69.761719
53.339844 9.402344 69.761719
53.339844 11.628906 69.761719
53.339844 22.761719 69.761719
53.339844 24.988281 69.761719
53.339844 27.214844 69.761719
53.339844 38.347656 69.761719
53.339844 -1.730469 71.988281
53.339844 7.175781 71.988281
53.339844 9.402344 71.988281
53.339844 11.628906 71.988281
53.339844 22.761719 71.988281
53.339844 24.988281 71.988281
53.339844 27.214844 71.988281
53.339844 38.347656 71.988281
53.339844 -1.730469 74.214844
53.339844 7.175781 74.214844
53.339844 9.402344 74.214844
53.339844 11.628906 74.214844
53.339844 22.761719 74.214844
53.339844 24.988281 74.214844
53.339844 27.214844 74.214844
53.339844 38.347656 74.214844
53.339844 -1.730469 76.441406
53.339844 7.175781 76.441406
53.339844 9.402344 76.441406
53.339844 11.628906 76.441406
53.339844 22.761719 76.441406
53.339844 24.988281 76.441406
53.339844 27.214844 76.441406
53.339844 38.347656 76.441406
53.339844 -1.730469 78.667969
53.339844 7.175781 78.667969
53.339844 9.402344 78.667969
53.339844 11.628906 78.667969
53.339844 22.761719 78.667969
53.339844 24.988281 78.667969
53.339844 27.214844 78.667969
53.339844 38.347656 78.667969
53.339844 -1.730469 80.894531
53.339844 7.175781 80.894531
53.339844 9.402344 80.894531
53.339844 11.628906 80.894531
53.339844 22.761719 80.894531
53.339844 24.988281 80.894531
53.339844 27.214844 80.894531
53.339844 38.347656 80.894531
53.339844 -1.730469 83.121094
53.339844 7.175781 83.121094
53.339844 9.402344 83.121094
53.339844 11.628906 83.121094
53.339844 22.761719 83.121094
53.339844 24.988281 83.121094
53.339844 27.214844 83.121094
53.339844 38.347656 83.121094
53.339844 -1.730469 85.347656
53.339844 7.175781 85.347656
53.339844 9.402344 85.347656
53.339844 11.628906 85.347656
53.339844 22.761719 85.347656
53.339844 24.988281 85.347656
53.339844 27.214844 85.347656
53.339844 38.347656 85.347656
53.339844 -1.730469 87.574219
53.339844 7.175781 87.574219
53.339844 9.402344 87.574219
53.339844 11.628906 87.574219
53.339844 22.761719 87.574219
53.339844 24.988281 87.574219
53.339844 27.214844 87.574219
53.339844 38.347656 87.574219
53.339844 -1.730469 89.800781
53.339844 7.175781 89.800781
53.339844 9.402344 89.800781
53.339844 11.628906 89.800781
53.339844 22.761719 89.800781
53.339844 24.988281 89.800781
53.339844 27.214844 89.800781
53.339844 38.347656 89.800781
53.339844 -1.730469 92.027344
53.339844 7.175781 92.027344
53.339844 9.402344 92.027344
53.339844 11.628906 92.027344
53.339844 22.761719 92.027344
53.339844 24.988281 92.027344
53.339844 27.214844 92.027344
53.339844 38.347656 92.027344
53.339844 -1.730469 94.253906
53.339844 7.175781 94.253906
53.339844 9.402344 94.253906
53.339844 11.628906 94.253906
53.339844 22.761719 94.253906
53.339844 24.988281 94.253906
53.339844 27.214844 94.253906
53.339844 38.347656 94.253906
53.339844 -1.730469 96.480469
53.339844 7.175781 96.480469
53.339844 9.402344 96.480469
53.339844 11.628906 96.480469
53.339844 22.761719 96.480469
53.339844 24.988281 96.480469
53.339844 27.214844 96.480469
53.339844 38.347656 96.480469
53.339844 -1.730469 98.707031
53.339844 7.175781 98.707031
53.339844 9.402344 98.707031
53.339844 11.628906 98.707031
53.339844 22.761719 98.707031
53.339844 24.988281 98.707031
53.339844 27.214844 98.707031
53.339844 38.347656 98.707031
53.339844 -1.730469 100.933594
53.339844 7.175781 100.933594
53.339844 9.402344 100.933594
53.339844 11.628906 100.933594
53.339844 22.761719 100.933594
53.339844 24.988281 100.933594
53.339844 27.214844 100.933594
53.339844 38.347656 100.933594
53.339844 -1.730469 103.160156
53.339844 7.175781 103.160156
53.339844 9.402344 103.160156
53.339844 11.628906 103.160156
53.339844 13.855469 103.160156
53.339844 20.535156 103.160156
53.339844 22.761719 103.160156
53.339844 24.988281 103.160156
53.339844 27.214844 103.160156
53.339844 38.347656 103.160156
53.339844 -1.730469 105.386719
53.339844 7.175781 105.386719
53.339844 13.855469 105.386719
53.339844 20.535156 105.386719
53.339844 27.214844 105.386719
53.339844 38.347656 105.386719
53.339844 -1.730469 107.613281
53.339844 0.496094 107.613281
53.339844 2.722656 107.613281
53.339844 4.949219 107.613281
53.339844 7.175781 107.613281
53.339844 13.855469 107.613281
53.339844 16.082031 107.613281
53.339844 18.308594 107.613281
53.339844 20.535156 107.613281
53.339844 27.214844 107.613281
53.339844 29.441406 107.613281
53.339844 31.667969 107.613281
53.339844 33.894531 107.613281
53.339844 36.121094 107.613281
53.339844 38.347656 107.613281
55.566406 -1.730469 67.535156
55.566406 0.496094 67.535156
55.566406 2.722656 67.535156
55.566406 4.949219 67.535156
55.566406 7.175781 67.535156
55.566406 9.402344 67.535156
55.566406 11.628906 67.535156
55.566406 13.855469 67.535156
55.566406 16.082031 67.535156
55.566406 18.308594 67.535156
55.566406 20.535156 67.535156
55.566406 22.761719 67.535156
55.566406 24.988281 67.535156
55.566406 27.214844 67.535156
55.566406 29.441406 67.535156
55.566406 31.667969 67.535156
55.566406 33.894531 67.535156
55.566406 36.121094 67.535156
55.566406 38.347656 67.535156
55.566406 -1.730469 69.761719
55.566406 7.175781 69.761719
55.566406 9.402344 69.761719
55.566406 11.628906 69.761719
55.566406 22.761719 69.761719
55.566406 24.988281 69.761719
55.566406 27.214844 69.761719
55.566406 38.347656 69.761719
55.566406 -1.730469 71.988281
55.566406 7.175781 71.988281
55.566406 9.402344 71.988281
55.566406 11.628906 71.988281
55.566406 22.761719 71.988281
55.566406 24.988281 71.988281
55.566406 27.214844 71.988281
55.566406 38.347656 71.988281
55.566406 -1.730469 74.214844
55.566406 7.175781 74.214844
55.566406 9.402344 74.214844
55.566406 11.628906 74.214844
55.566406 22.761719 74.214844
55.566406 24.988281 74.214844
55.566406 27.214844 74.214844
55.566406 38.347656 74.214844
55.566406 -1.730469 76.441406
55.566406 7.175781 76.441406
55.566406 9.402344 76.441406
55.566406 11.628906 76.441406
55.566406 22.761719 76.441406
55.566406 24.988281 76.441406
55.566406 27.214844 76.441406
55.566406 38.347656 76.441406
55.566406 -1.730469 78.667969
55.566406 7.175781 78.667969
55.566406 9.402344 78.667969
55.566406 11.628906 78.667969
55.566406 22.761719 78.667969
55.566406 24.988281 78.667969
55.566406 27.214844 78.667969
55.566406 38.347656 78.667969
55.566406 -1.730469 80.894531
55.566406 7.175781 80.894531
55.566406 9.402344 80.894531
55.566406 11.628906 80.894531
55.566406 22.761719 80.894531
55.566406 24.988281 80.894531
55.566406 27.214844 80.894531
55.566406 38.347656 80.894531
55.566406 -1.730469 83.121094
55.566406 7.175781 83.121094
55.566406 9.402344 83.121094
55.566406 11.628906 83.121094
55.566406 22.761719 83.121094
55.566406 24.988281 83.121094
55.566406 27.214844 83.121094
55.566406 38.347656 83.121094
55.566406 -1.730469 85.347656
55.566406 7.175781 85.347656
55.566406 9.402344 85.347656
55.566406 11.628906 85.347656
55.566406 22.761719 85.347656
55.566406 24.988281 85.347656
55.566406 27.214844 85.347656
55.566406 38.347656 85.347656
55.566406 -1.730469 87.574219
55.566406 7.175781 87.574219
55.566406 9.402344 87.574219
55.566406 11.628906 87.574219
55.566406 22.761719 87.574219
55.566406 24.988281 87.574219
55.566406 27.214844 87.574219
55.566406 38.347656 87.574219
55.566406 -1.730469 89.800781
55.566406 7.175781 89.800781
55.566406 9.402344 89.800781
55.566406 11.628906 89.800781
55.566406 22.761719 89.800781
55.566406 24.988281 89.800781
55.566406 27.214844 89.800781
55.566406 38.347656 89.800781
55.566406 -1.730469 92.027344
55.566406 7.175781 92.027344
55.566406 9.402344 92.027344
55.566406 11.628906 92.027344
55.566406 22.761719 92.027344
55.566406 24.988281 92.027344
55.566406 27.214844 92.027344
55.566406 38.347656 92.027344
55.566406 -1.730469 94.253906
55.566406 7.175781 94.253906
55.566406 9.402344 94.253906
55.566406 11.628906 94.253906
55.566406 22.761719 94.253906
55.566406 24.988281 94.253906
55.566406 27.214844 94.253906
55.566406 38.347656 94.253906
55.566406 -1.730469 96.480469
55.566406 7.175781 96.480469
55.566406 9.402344 96.480469
55.566406 11.628906 96.480469
55.566406 22.761719 96.480469
55.566406 24.988281 96.480469
55.566406 27.214844 96.480469
55.566406 38.347656 96.480469
55.566406 -1.730469 98.707031
55.566406 7.175781 98.707031
55.566406 9.402344 98.707031
55.566406 11.628906 98.707031
55.566406 22.761719 98.707031
55.566406 24.988281 98.707031
55.566406 27.214844 98.707031
55.566406 38.347656 98.707031
55.566406 -1.730469 100.933594
55.566406 7.175781 100.933594
55.566406 9.402344 100.933594
55.566406 11.628906 100.933594
55.566406 22.761719 100.933594
55.566406 24.988281 100.933594
55.566406 27.214844 100.933594
55.566406 38.347656 100.933594
55.566406 -1.730469 103.160156
55.566406 7.175781 103.160156
55.566406 9.402344 103.160156
55.566406 11.628906 103.160156
55.566406 13.855469 103.160156
55.566406 20.535156 103.160156
55.566406 22.761719 103.160156
55.566406 24.988281 103.160156
55.566406 27.214844 103.160156
55.566406 29.441406 103.160156
55.566406 38.347656 103.160156
55.566406 -1.730469 105.386719
55.566406 7.175781 105.386719
55.566406 13.855469 105.386719
55.566406 20.535156 105.386719
55.566406 27.214844 105.386719
55.566406 29.441406 105.386719
55.566406 38.347656 105.386719
55.566406 -1.730469 107.613281
55.566406 0.496094 107.613281
55.566406 2.722656 107.613281
55.566406 4.949219 107.613281
55.566406 7.175781 107.613281
55.566406 13.855469 107.613281
55.566406 16.082031 107.613281
55.566406 18.308594 107.613281
55.566406 20.535156 107.613281
55.566406 27.214844 107.613281
55.566406 29.441406 107.613281
55.566406 31.667969 107.613281
55.566406 33.894531 107.613281
55.566406 36.121094 107.613281
55.566406 38.347656 107.613281
57.792969 -1.730469 67.535156
57.792969 0.496094 67.535156
57.792969 2.722656 67.535156
57.792969 4.949219 67.535156
57.792969 7.175781 67.535156
57.792969 9.402344 67.535156
57.792969 11.628906 67.535156
57.792969 13.855469 67.535156
57.792969 16.082031 67.535156
57.792969 18.308594 67.535156
57.792969 20.535156 67.535156
57.792969 22.761719 67.535156
57.792969 24.988281 67.535156
57.792969 27.214844 67.535156
57.792969 29.441406 67.535156
57.792969 31.667969 67.535156
57.792969 33.894531 67.535156
57.792969 36.121094 67.535156
57.792969 38.347656 67.535156
57.792969 -1.730469 69.761719
57.792969 9.402344 69.761719
57.792969 11.628906 69.761719
57.792969 22.761719 69.761719
57.792969 24.988281 69.761719
57.792969 38.347656 69.761719
57.792969 -1.730469 71.988281
57.792969 9.402344 71.988281
57.792969 11.628906 71.988281
57.792969 22.761719 71.988281
57.792969 24.988281 71.988281
57.792969 38.347656 71.988281
57.792969 -1.730469 74.214844
57.792969 9.402344 74.214844
57.792969 11.628906 74.214844
57.792969 22.761719 74.214844
57.792969 24.988281 74.214844
57.792969 38.347656 74.214844
57.792969 -1.730469 76.441406
57.792969 9.402344 76.441406
57.792969 11.628906 76.441406
57.792969 22.761719 76.441406
57.792969 24.988281 76.441406
57.792969 38.347656 76.441406
57.792969 -1.730469 78.667969
57.792969 9.402344 78.667969
57.792969 11.628906 78.667969
57.792969 22.761719 78.667969
57.792969 24.988281 78.667969
57.792969 38.347656 78.667969
57.792969 -1.730469 80.894531
57.792969 9.402344 80.894531
57.792969 11.628906 80.894531
57.792969 22.761719 80.894531
57.792969 24.988281 80.894531
57.792969 38.347656 80.894531
57.792969 -1.730469 83.121094
57.792969 9.402344 83.121094
57.792969 11.628906 83.121094
57.792969 22.761719 83.121094
57.792969 24.988281 83.121094
57.792969 38.347656 83.121094
57.792969 -1.730469 85.347656
57.792969 9.402344 85.347656
57.792969 11.628906 85.347656
57.792969 22.761719 85.347656
57.792969 24.988281 85.347656
57.792969 38.347656 85.347656
57.792969 -1.730469 87.574219
57.792969 9.402344 87.574219
57.792969 11.628906 87.574219
57.792969 22.761719 87.574219
57.792969 24.988281 87.574219
57.792969 38.347656 87.574219
57.792969 -1.730469 89.800781
57.792969 9.402344 89.800781
57.792969 11.628906 89.800781
57.792969 22.761719 89.800781
57.792969 24.988281 89.800781
57.792969 38.347656 89.800781
57.792969 -1.730469 92.027344
57.792969 9.402344 92.027344
57.792969 11.628906 92.027344
57.792969 22.761719 92.027344
57.792969 24.988281 92.027344
57.792969 38.347656 92.027344
57.792969 -1.730469 94.253906
57.792969 9.402344 94.253906
57.792969 11.628906 94.253906
57.792969 22.761719 94.253906
57.792969 24.988281 94.253906
57.792969 38.347656 94.253906
57.792969 -1.730469 96.480469
57.792969 9.402344 96.480469
57.792969 11.628906 96.480469
57.792969 22.761719 96.480469
57.792969 24.988281 96.480469
57.792969 38.347656 96.480469
57.792969 -1.730469 98.707031
57.792969 9.402344 98.707031
57.792969 11.628906 98.707031
57.792969 22.761719 98.707031
57.792969 24.988281 98.707031
57.792969 38.347656 98.707031
57.792969 -1.730469 100.933594
57.792969 9.402344 100.933594
57.792969 11.628906 100.933594
57.792969 22.761719 100.933594
57.792969 24.988281 100.933594
57.792969 38.347656 100.933594
57.792969 -1.730469 103.160156
57.792969 7.175781 103.160156
57.792969 9.402344 103.160156
57.792969 11.628906 103.160156
57.792969 13.855469 103.160156
57.792969 20.535156 103.160156
57.792969 22.761719 103.160156
57.792969 24.988281 103.160156
57.792969 27.214844 103.160156
57.792969 38.347656 103.160156
57.792969 -1.730469 105.386719
57.792969 7.175781 105.386719
57.792969 9.402344 105.386719
57.792969 11.628906 105.386719
57.792969 13.855469 105.386719
57.792969 20.535156 105.386719
57.792969 22.761719 105.386719
57.792969 24.988281 105.386719
57.792969 27.214844 105.386719
57.792969 38.347656 105.386719
57.792969 -1.730469 107.613281
57.792969 0.496094 107.613281
57.792969 2.722656 107.613281
57.792969 4.949219 107.613281
57.792969 7.175781 107.613281
57.792969 9.402344 107.613281
57.792969 11.628906 107.613281
57.792969 13.855469 107.613281
57.792969 16.082031 107.613281
57.792969 18.308594 107.613281
57.792969 20.535156 107.613281
57.792969 22.761719 107.613281
57.792969 24.988281 107.613281
57.792969 27.214844 107.613281
57.792969 29.441406 107.613281
57.792969 31.667969 107.613281
57.792969 33.894531 107.613281
57.792969 36.121094 107.613281
57.792969 38.347656 107.613281
60.019531 -1.730469 67.535156
60.019531 0.496094 67.535156
60.019531 2.722656 67.535156
60.019531 4.949219 67.535156
60.019531 7.175781 67.535156
60.019531 9.402344 67.535156
60.019531 11.628906 67.535156
60.019531 13.855469 67.535156
60.019531 16.082031 67.535156
60.019531 18.308594 67.535156
60.019531 20.535156 67.535156
60.019531 22.761719 67.535156
60.019531 24.988281 67.535156
60.019531 27.214844 67.535156
60.019531 29.441406 67.535156
60.019531 31.667969 67.535156
60.019531 33.894531 67.535156
60.019531 36.121094 67.535156
60.019531 38.347656 67.535156
60.019531 -1.730469 69.761719
60.019531 0.496094 69.761719
60.019531 2.722656 69.761719
60.019531 4.949219 69.761719
60.019531 7.175781 69.761719
60.019531 9.402344 69.761719
60.019531 11.628906 69.761719
60.019531 13.855469 69.761719
60.019531 16.082031 69.761719
60.019531 18.308594 69.761719
60.019531 20.535156 69.761719
60.019531 22.761719 69.761719
60.019531 24.988281 69.761719
60.019531 27.214844 69.761719
60.019531 29.441406 69.761719
60.019531 31.667969 69.761719
60.019531 33.894531 69.761719
60.019531 36.121094 69.761719
60.019531 38.347656 69.761719
60.019531 -1.730469 71.988281
60.019531 0.496094 71.988281
60.019531 2.722656 71.988281
60.019531 4.949219 71.988281
60.019531 7.175781 71.988281
60.019531 9.402344 71.988281
60.019531 11.628906 71.988281
60.019531 13.855469 71.988281
60.019531 16.082031 71.988281
60.019531 18.308594 71.988281
60.019531 20.535156 71.988281
60.019531 22.761719 71.988281
60.019531 24.988281 71.988281
60.019531 27.214844 71.988281
60.019531 29.441406 71.988281
60.019531 31.667969 71.988281
60.019531 33.894531 71.988281
60.019531 36.121094 71.988281
60.019531 38.347656 71.988281
60.019531 -1.730469 74.214844
60.019531 0.496094 74.214844
60.019531 2.722656 74.214844
60.019531 4.949219 74.214844
60.019531 7.175781 74.214844
60.019531 9.402344 74.214844
60.019531 11.628906 74.214844
60.019531 13.855469 74.214844
60.019531 16.082031 74.214844
60.019531 18.308594 74.214844
60.019531 20.535156 74.214844
60.019531 22.761719 74.214844
60.019531 24.988281 74.214844
60.019531 27.214844 74.214844
60.019531 29.441406 74.214844
60.019531 31.667969 74.214844
60.019531 33.894531 74.214844
60.019531 36.121094 74.214844
60.019531 38.347656 74.214844
60.019531 -1.730469 76.441406
60.019531 0.496094 76.441406
60.019531 2.722656 76.441406
60.019531 4.949219 76.441406
60.019531 7.175781 76.441406
60.019531 9.402344 76.441406
60.019531 11.628906 76.441406
60.019531 13.855469 76.441406
60.019531 16.082031 76.441406
60.019531 18.308594 76.441406
60.019531 20.535156 76.441406
60.019531 22.761719 76.441406
60.019531 24.988281 76.441406
60.019531 27.214844 76.441406
60.019531 29.441406 76.441406
60.019531 31.667969 76.441406
60.019531 33.894531 76.441406
60.019531 36.121094 76.441406
60.019531 38.347656 76.441406
60.019531 -1.730469 78.667969
60.019531 0.496094 78.667969
60.019531 2.722656 78.667969
60.019531 4.949219 78.667969
60.019531 7.175781 78.667969
60.019531 9.402344 78.667969
60.019531 11.628906 78.667969
60.019531 13.855469 78.667969
60.019531 16.082031 78.667969
60.019531 18.308594 78.667969
60.019531 20.535156 78.667969
60.019531 22.761719 78.667969
60.019531 24.988281 78.667969
60.019531 27.214844 78.667969
60.019531 29.441406 78.667969
60.019531 31.667969 78.667969
60.019531 33.894531 78.667969
60.019531 36.121094 78.667969
60.019531 38.347656 78.667969
60.019531 -1.730469 80.894531
60.019531 0.496094 80.894531
60.019531 2.722656 80.894531
60.019531 4.949219 80.894531
60.019531 7.175781 80.894531
60.019531 9.402344 80.894531
60.019531 11.628906 80.894531
60.019531 13.855469 80.894531
60.019531 16.082031 80.894531
60.019531 18.308594 80.894531
60.019531 20.535156 80.894531
60.019531 22.761719 80.894531
60.019531 24.988281 80.894531
60.019531 27.214844 80.894531
60.019531 29.441406 80.894531
60.019531 31.667969 80.894531
60.019531 33.894531 80.894531
60.019531 36.121094 80.894531
60.019531 38.347656 80.894531
60.019531 -1.730469 83.121094
60.019531 0.496094 83.121094
60.019531 2.722656 83.121094
60.019531 4.949219 83.121094
60.019531 7.175781 83.121094
60.019531 9.402344 83.121094
60.019531 11.628906 83.121094
60.019531 13.855469 83.121094
60.019531 16.082031 83.121094
60.019531 18.308594 83.121094
60.019531 20.535156 83.121094
60.019531 22.761719 83.121094
60.019531 24.988281 83.121094
60.019531 27.214844 83.121094
60.019531 29.441406 83.121094
60.019531 31.667969 83.121094
60.019531 33.894531 83.121094
60.019531 36.121094 83.121094
60.019531 38.347656 83.121094
60.019531 -1.730469 85.347656
60.019531 0.496094 85.347656
60.019531 2.722656 85.347656
60.019531 4.949219 85.347656
60.019531 7.175781 85.347656
60.019531 9.402344 85.347656
60.019531 11.628906 85.347656
60.019531 13.855469 85.347656
60.019531 16.082031 85.347656
60.019531 18.308594 85.347656
60.019531 20.535156 85.347656
60.019531 22.761719 85.347656
60.019531 24.988281 85.347656
60.019531 27.214844 85.347656
60.019531 29.441406 85.347656
60.019531 31.667969 85.347656
60.019531 33.894531 85.347656
60.019531 36.121094 85.347656
60.019531 38.347656 85.347656
60.019531 -1.730469 87.574219
60.019531 0.496094 87.574219
60.019531 2.722656 87.574219
60.019531 4.949219 87.574219
60.019531 7.175781 87.574219
60.019531 9.402344 87.574219
60.019531 11.628906 87.574219
60.019531 13.855469 87.574219
60.019531 16.082031 87.574219
60.019531 18.308594 87.574219
60.019531 20.535156 87.574219
60.019531 22.761719 87.574219
60.019531 24.988281 87.574219
60.019531 27.214844 87.574219
60.019531 29.441406 87.574219
60.019531 31.667969 87.574219
60.019531 33.894531 87.574219
60.019531 36.121094 87.574219
60.019531 38.347656 87.574219
60.019531 -1.730469 89.800781
60.019531 0.496094 89.800781
60.019531 2.722656 89.800781
60.019531 4.949219 89.800781
60.019531 7.175781 89.800781
60.019531 9.402344 89.800781
60.019531 11.628906 89.800781
60.019531 13.855469 89.800781
60.019531 16.082031 89.800781
60.019531 18.308594 89.800781
60.019531 20.535156 89.800781
60.019531 22.761719 89.800781
60.019531 24.988281 89.800781
60.019531 27.214844 89.800781
60.019531 29.441406 89.800781
60.019531 31.667969 89.800781
60.019531 33.894531 89.800781
60.019531 36.121094 89.800781
60.019531 38.347656 89.800781
60.019531 -1.730469 92.027344
60.019531 0.496094 92.027344
60.019531 2.722656 92.027344
60.019531 4.949219 92.027344
60.019531 7.175781 92.027344
60.019531 9.402344 92.027344
60.019531 11.628906 92.027344
60.019531 13.855469 92.027344
60.019531 16.082031 92.027344
60.019531 18.308594 92.027344
60.019531 20.535156 92.027344
60.019531 22.761719 92.027344
60.019531 24.988281 92.027344
60.019531 27.214844 92.027344
60.019531 29.441406 92.027344
60.019531 31.667969 92.027344
60.019531 33.894531 92.027344
60.019531 36.121094 92.027344
60.019531 38.347656 92.027344
60.019531 -1.730469 94.253906
60.019531 0.496094 94.253906
60.019531 2.722656 94.253906
60.019531 4.949219 94.253906
60.019531 7.175781 94.253906
60.019531 9.402344 94.253906
60.019531 11.628906 94.253906
60.019531 13.855469 94.253906
60.019531 16.082031 94.253906
60.019531 18.308594 94.253906
60.019531 20.535156 94.253906
60.019531 22.761719 94.253906
60.019531 24.988281 94.253906
60.019531 27.214844 94.253906
60.019531 29.441406 94.253906
60.019531 31.667969 94.253906
60.019531 33.894531 94.253906
60.019531 36.121094 94.253906
60.019531 38.347656 94.253906
60.019531 -1.730469 96.480469
60.019531 0.496094 96.480469
60.019531 2.722656 96.480469
60.019531 4.949219 96.480469
60.019531 7.175781 96.480469
60.019531 9.402344 96.480469
60.019531 11.628906 96.480469
60.019531 13.855469 96.480469
60.019531 16.082031 96.480469
60.019531 18.308594 96.480469
60.019531 20.535156 96.480469
60.019531 22.761719 96.480469
60.019531 24.988281 96.480469
60.019531 27.214844 96.480469
60.019531 29.441406 96.480469
60.019531 31.667969 96.480469
60.019531 33.894531 96.480469
60.019531 36.121094 96.480469
60.019531 38.347656 96.480469
60.019531 -1.730469 98.707031
60.019531 0.496094 98.707031
60.019531 2.722656 98.707031
60.019531 4.949219 98.707031
60.019531 7.175781 98.707031
60.019531 9.402344 98.707031
60.019531 11.628906 98.707031
60.019531 13.855469 98.707031
60.019531 16.082031 98.707031
60.019531 18.308594 98.707031
60.019531 20.535156 98.707031
60.019531 22.761719 98.707031
60.019531 24.988281 98.707031
60.019531 27.214844 98.707031
60.019531 29.441406 98.707031
60.019531 31.667969 98.707031
60.019531 33.894531 98.707031
60.019531 36.121094 98.707031
60.019531 38.347656 98.707031
60.019531 -1.730469 100.933594
60.019531 0.496094 100.933594
60.019531 2.722656 100.933594
60.019531 4.949219 100.933594
60.019531 7.175781 100.933594
60.019531 9.402344 100.933594
60.019531 11.628906 100.933594
60.019531 13.855469 100.933594
60.019531 16.082031 100.933594
60.019531 18.308594 100.933594
60.019531 20.535156 100.933594
60.019531 22.761719 100.933594
60.019531 24.988281 100.933594
60.019531 27.214844 100.933594
60.019531 29.441406 100.933594
60.019531 31.667969 100.933594
60.019531 33.894531 100.933594
60.019531 36.121094 100.933594
60.019531 38.347656 100.933594
60.019531 -1.730469 103.160156
60.019531 0.496094 103.160156
60.019531 2.722656 103.160156
60.019531 4.949219 103.160156
60.019531 7.175781 103.160156
60.019531 9.402344 103.160156
60.019531 11.628906 103.160156
60.019531 13.855469 103.160156
60.019531 16.082031 103.160156
60.019531 18.308594 103.160156
60.019531 20.535156 103.160156
60.019531 22.761719 103.160156
60.019531 24.988281 103.160156
60.019531 27.214844 103.160156
60.019531 29.441406 103.160156
60.019531 31.667969 103.160156
60.019531 33.894531 103.160156
60.019531 36.121094 103.160156
60.019531 38.347656 103.160156
60.019531 -1.730469 105.386719
60.019531 0.496094 105.386719
60.019531 2.722656 105.386719
60.019531 4.949219 105.386719
60.019531 7.175781 105.386719
60.019531 9.402344 105.386719
60.019531 11.628906 105.386719
60.019531 13.855469 105.386719
60.019531 16.082031 105.386719
60.019531 18.308594 105.386719
60.019531 20.535156 105.386719
60.019531 22.761719 105.386719
60.019531 24.988281 105.386719
60.019531 27.214844 105.386719
60.019531 29.441406 105.386719
60.019531 31.667969 105.386719
60.019531 33.894531 105.386719
60.019531 36.121094 105.386719
60.019531 38.347656 105.386719
60.019531 -1.730469 107.613281
60.019531 0.496094 107.613281
60.019531 2.722656 107.613281
60.019531 4.949219 107.613281
60.019531 7.175781 107.613281
60.019531 9.402344 107.613281
60.019531 11.628906 107.613281
60.019531 13.855469 107.613281
60.019531 16.082031 107.613281
60.019531 18.308594 107.613281
60.019531 20.535156 107.613281
60.019531 22.761719 107.613281
60.019531 24.988281 107.613281
60.019531 27.214844 107.613281
60.019531 29.441406 107.613281
60.019531 31.667969 107.613281
60.019531 33.894531 107.613281
60.019531 36.121094 107.613281
60.019531 38.347656 107.613281
