11.035156 -1.730469 58.628906
11.035156 0.496094 58.628906
11.035156 2.722656 58.628906
11.035156 4.949219 58.628906
11.035156 7.175781 58.628906
11.035156 9.402344 58.628906
11.035156 11.628906 58.628906
11.035156 13.855469 58.628906
11.035156 16.082031 58.628906
11.035156 18.308594 58.628906
11.035156 20.535156 58.628906
11.035156 22.761719 58.628906
11.035156 24.988281 58.628906
11.035156 27.214844 58.628906
11.035156 29.441406 58.628906
11.035156 31.667969 58.628906
11.035156 33.894531 58.628906
11.035156 36.121094 58.628906
11.035156 38.347656 58.628906
11.035156 -1.730469 60.855469
11.035156 0.496094 60.855469
11.035156 2.722656 60.855469
11.035156 4.949219 60.855469
11.035156 7.175781 60.855469
11.035156 9.402344 60.855469
11.035156 11.628906 60.855469
11.035156 13.855469 60.855469
11.035156 16.082031 60.855469
11.035156 18.308594 60.855469
11.035156 20.535156 60.855469
11.035156 22.761719 60.855469
11.035156 24.988281 60.855469
11.035156 27.214844 60.855469
11.035156 29.441406 60.855469
11.035156 31.667969 60.855469
11.035156 33.894531 60.855469
11.035156 36.121094 60.855469
11.035156 38.347656 60.855469
11.035156 -1.730469 63.082031
11.035156 0.496094 63.082031
11.035156 2.722656 63.082031
11.035156 4.949219 63.082031
11.035156 7.175781 63.082031
11.035156 9.402344 63.082031
11.035156 11.628906 63.082031
11.035156 13.855469 63.082031
11.035156 16.082031 63.082031
11.035156 18.308594 63.082031
11.035156 20.535156 63.082031
11.035156 22.761719 63.082031
11.035156 24.988281 63.082031
11.035156 27.214844 63.082031
11.035156 29.441406 63.082031
11.035156 31.667969 63.082031
11.035156 33.894531 63.082031
11.035156 36.121094 63.082031
11.035156 38.347656 63.082031
11.035156 -1.730469 65.308594
11.035156 0.496094 65.308594
11.035156 2.722656 65.308594
11.035156 4.949219 65.308594
11.035156 7.175781 65.308594
11.035156 9.402344 65.308594
11.035156 11.628906 65.308594
11.035156 13.855469 65.308594
11.035156 16.082031 65.308594
11.035156 18.308594 65.308594
11.035156 20.535156 65.308594
11.035156 22.761719 65.308594
11.035156 24.988281 65.308594
11.035156 27.214844 65.308594
11.035156 29.441406 65.308594
11.035156 31.667969 65.308594
11.035156 33.894531 65.308594
11.035156 36.121094 65.308594
11.035156 38.347656 65.308594
11.035156 -1.730469 67.535156
11.035156 0.496094 67.535156
11.035156 2.722656 67.535156
11.035156 4.949219 67.535156
11.035156 7.175781 67.535156
11.035156 9.402344 67.535156
11.035156 11.628906 67.535156
11.035156 13.855469 67.535156
11.035156 16.082031 67.535156
11.035156 18.308594 67.535156
11.035156 20.535156 67.535156
11.035156 22.761719 67.535156
11.035156 24.988281 67.535156
11.035156 27.214844 67.535156
11.035156 29.441406 67.535156
11.035156 31.667969 67.535156
11.035156 33.894531 67.535156
11.035156 36.121094 67.535156
11.035156 38.347656 67.535156
13.261719 -1.730469 58.628906
13.261719 0.496094 58.628906
13.261719 2.722656 58.628906
13.261719 4.949219 58.628906
13.261719 7.175781 58.628906
13.261719 9.402344 58.628906
13.261719 11.628906 58.628906
13.261719 13.855469 58.628906
13.261719 16.082031 58.628906
13.261719 18.308594 58.628906
13.261719 20.535156 58.628906
13.261719 22.761719 58.628906
13.261719 24.988281 58.628906
13.261719 27.214844 58.628906
13.261719 29.441406 58.628906
13.261719 31.667969 58.628906
13.261719 33.894531 58.628906
13.261719 36.121094 58.628906
13.261719 38.347656 58.628906
13.261719 -1.730469 60.855469
13.261719 9.402344 60.855469
13.261719 11.628906 60.855469
13.261719 22.761719 60.855469
13.261719 24.988281 60.855469
13.261719 38.347656 60.855469
13.261719 -1.730469 63.082031
13.261719 9.402344 63.082031
13.261719 11.628906 63.082031
13.261719 22.761719 63.082031
13.261719 24.988281 63.082031
13.261719 38.347656 63.082031
13.261719 -1.730469 65.308594
13.261719 9.402344 65.308594
13.261719 11.628906 65.308594
13.261719 22.761719 65.308594
13.261719 24.988281 65.308594
13.261719 38.347656 65.308594
13.261719 -1.730469 67.535156
13.261719 0.496094 67.535156
13.261719 2.722656 67.535156
13.261719 4.949219 67.535156
13.261719 7.175781 67.535156
13.261719 9.402344 67.535156
13.261719 11.628906 67.535156
13.261719 13.855469 67.535156
13.261719 16.082031 67.535156
13.261719 18.308594 67.535156
13.261719 20.535156 67.535156
13.261719 22.761719 67.535156
13.261719 24.988281 67.535156
13.261719 27.214844 67.535156
13.261719 29.441406 67.535156
13.261719 31.667969 67.535156
13.261719 33.894531 67.535156
13.261719 36.121094 67.535156
13.261719 38.347656 67.535156
15.488281 -1.730469 47.496094
15.488281 0.496094 47.496094
15.488281 2.722656 47.496094
15.488281 4.949219 47.496094
15.488281 7.175781 47.496094
15.488281 9.402344 47.496094
15.488281 11.628906 47.496094
15.488281 13.855469 47.496094
15.488281 16.082031 47.496094
15.488281 18.308594 47.496094
15.488281 20.535156 47.496094
15.488281 22.761719 47.496094
15.488281 24.988281 47.496094
15.488281 27.214844 47.496094
15.488281 29.441406 47.496094
15.488281 31.667969 47.496094
15.488281 33.894531 47.496094
15.488281 36.121094 47.496094
15.488281 38.347656 47.496094
15.488281 -1.730469 49.722656
15.488281 0.496094 49.722656
15.488281 2.722656 49.722656
15.488281 4.949219 49.722656
15.488281 7.175781 49.722656
15.488281 9.402344 49.722656
15.488281 11.628906 49.722656
15.488281 13.855469 49.722656
15.488281 16.082031 49.722656
15.488281 18.308594 49.722656
15.488281 20.535156 49.722656
15.488281 22.761719 49.722656
15.488281 24.988281 49.722656
15.488281 27.214844 49.722656
15.488281 29.441406 49.722656
15.488281 31.667969 49.722656
15.488281 33.894531 49.722656
15.488281 36.121094 49.722656
15.488281 38.347656 49.722656
15.488281 -1.730469 51.949219
15.488281 0.496094 51.949219
15.488281 2.722656 51.949219
15.488281 4.949219 51.949219
15.488281 7.175781 51.949219
15.488281 9.402344 51.949219
15.488281 11.628906 51.949219
15.488281 13.855469 51.949219
15.488281 16.082031 51.949219
15.488281 18.308594 51.949219
15.488281 20.535156 51.949219
15.488281 22.761719 51.949219
15.488281 24.988281 51.949219
15.488281 27.214844 51.949219
15.488281 29.441406 51.949219
15.488281 31.667969 51.949219
15.488281 33.894531 51.949219
15.488281 36.121094 51.949219
15.488281 38.347656 51.949219
15.488281 -1.730469 54.175781
15.488281 0.496094 54.175781
15.488281 2.722656 54.175781
15.488281 4.949219 54.175781
15.488281 7.175781 54.175781
15.488281 9.402344 54.175781
15.488281 11.628906 54.175781
15.488281 13.855469 54.175781
15.488281 16.082031 54.175781
15.488281 18.308594 54.175781
15.488281 20.535156 54.175781
15.488281 22.761719 54.175781
15.488281 24.988281 54.175781
15.488281 27.214844 54.175781
15.488281 29.441406 54.175781
15.488281 31.667969 54.175781
15.488281 33.894531 54.175781
15.488281 36.121094 54.175781
15.488281 38.347656 54.175781
15.488281 -1.730469 56.402344
15.488281 0.496094 56.402344
15.488281 2.722656 56.402344
15.488281 4.949219 56.402344
15.488281 7.175781 56.402344
15.488281 9.402344 56.402344
15.488281 11.628906 56.402344
15.488281 13.855469 56.402344
15.488281 16.082031 56.402344
15.488281 18.308594 56.402344
15.488281 20.535156 56.402344
15.488281 22.761719 56.402344
15.488281 24.988281 56.402344
15.488281 27.214844 56.402344
15.488281 29.441406 56.402344
15.488281 31.667969 56.402344
15.488281 33.894531 56.402344
15.488281 36.121094 56.402344
15.488281 38.347656 56.402344
15.488281 -1.730469 58.628906
15.488281 0.496094 58.628906
15.488281 2.722656 58.628906
15.488281 4.949219 58.628906
15.488281 7.175781 58.628906
15.488281 9.402344 58.628906
15.488281 11.628906 58.628906
15.488281 13.855469 58.628906
15.488281 16.082031 58.628906
15.488281 18.308594 58.628906
15.488281 20.535156 58.628906
15.488281 22.761719 58.628906
15.488281 24.988281 58.628906
15.488281 27.214844 58.628906
15.488281 29.441406 58.628906
15.488281 31.667969 58.628906
15.488281 33.894531 58.628906
15.488281 36.121094 58.628906
15.488281 38.347656 58.628906
15.488281 -1.730469 60.855469
15.488281 9.402344 60.855469
15.488281 11.628906 60.855469
15.488281 22.761719 60.855469
15.488281 24.988281 60.855469
15.488281 38.347656 60.855469
15.488281 -1.730469 63.082031
15.488281 9.402344 63.082031
15.488281 11.628906 63.082031
15.488281 22.761719 63.082031
15.488281 24.988281 63.082031
15.488281 38.347656 63.082031
15.488281 -1.730469 65.308594
15.488281 9.402344 65.308594
15.488281 11.628906 65.308594
15.488281 22.761719 65.308594
15.488281 24.988281 65.308594
15.488281 38.347656 65.308594
15.488281 -1.730469 67.535156
15.488281 0.496094 67.535156
15.488281 2.722656 67.535156
15.488281 4.949219 67.535156
15.488281 7.175781 67.535156
15.488281 9.402344 67.535156
15.488281 11.628906 67.535156
15.488281 13.855469 67.535156
15.488281 16.082031 67.535156
15.488281 18.308594 67.535156
15.488281 20.535156 67.535156
15.488281 22.761719 67.535156
15.488281 24.988281 67.535156
15.488281 27.214844 67.535156
15.488281 29.441406 67.535156
15.488281 31.667969 67.535156
15.488281 33.894531 67.535156
15.488281 36.121094 67.535156
15.488281 38.347656 67.535156
17.714844 -1.730469 47.496094
17.714844 0.496094 47.496094
17.714844 2.722656 47.496094
17.714844 4.949219 47.496094
17.714844 7.175781 47.496094
17.714844 9.402344 47.496094
17.714844 11.628906 47.496094
17.714844 13.855469 47.496094
17.714844 16.082031 47.496094
17.714844 18.308594 47.496094
17.714844 20.535156 47.496094
17.714844 22.761719 47.496094
17.714844 24.988281 47.496094
17.714844 27.214844 47.496094
17.714844 29.441406 47.496094
17.714844 31.667969 47.496094
17.714844 33.894531 47.496094
17.714844 36.121094 47.496094
17.714844 38.347656 47.496094
17.714844 -1.730469 49.722656
17.714844 38.347656 49.722656
17.714844 -1.730469 51.949219
17.714844 38.347656 51.949219
17.714844 -1.730469 54.175781
17.714844 38.347656 54.175781
17.714844 -1.730469 56.402344
17.714844 38.347656 56.402344
17.714844 -1.730469 58.628906
17.714844 38.347656 58.628906
17.714844 -1.730469 60.855469
17.714844 9.402344 60.855469
17.714844 11.628906 60.855469
17.714844 22.761719 60.855469
17.714844 24.988281 60.855469
17.714844 38.347656 60.855469
17.714844 -1.730469 63.082031
17.714844 2.722656 63.082031
17.714844 4.949219 63.082031
17.714844 7.175781 63.082031
17.714844 9.402344 63.082031
17.714844 11.628906 63.082031
17.714844 13.855469 63.082031
17.714844 16.082031 63.082031
17.714844 18.308594 63.082031
17.714844 20.535156 63.082031
17.714844 22.761719 63.082031
17.714844 24.988281 63.082031
17.714844 27.214844 63.082031
17.714844 29.441406 63.082031
17.714844 31.667969 63.082031
17.714844 33.894531 63.082031
17.714844 38.347656 63.082031
17.714844 -1.730469 65.308594
17.714844 2.722656 65.308594
17.714844 4.949219 65.308594
17.714844 7.175781 65.308594
17.714844 9.402344 65.308594
17.714844 11.628906 65.308594
17.714844 13.855469 65.308594
17.714844 16.082031 65.308594
17.714844 18.308594 65.308594
17.714844 20.535156 65.308594
17.714844 22.761719 65.308594
17.714844 24.988281 65.308594
17.714844 27.214844 65.308594
17.714844 29.441406 65.308594
17.714844 31.667969 65.308594
17.714844 33.894531 65.308594
17.714844 38.347656 65.308594
17.714844 -1.730469 67.535156
17.714844 0.496094 67.535156
17.714844 2.722656 67.535156
17.714844 4.949219 67.535156
17.714844 7.175781 67.535156
17.714844 9.402344 67.535156
17.714844 11.628906 67.535156
17.714844 13.855469 67.535156
17.714844 16.082031 67.535156
17.714844 18.308594 67.535156
17.714844 20.535156 67.535156
17.714844 22.761719 67.535156
17.714844 24.988281 67.535156
17.714844 27.214844 67.535156
17.714844 29.441406 67.535156
17.714844 31.667969 67.535156
17.714844 33.894531 67.535156
17.714844 36.121094 67.535156
17.714844 38.347656 67.535156
19.941406 -1.730469 47.496094
19.941406 0.496094 47.496094
19.941406 2.722656 47.496094
19.941406 4.949219 47.496094
19.941406 7.175781 47.496094
19.941406 9.402344 47.496094
19.941406 11.628906 47.496094
19.941406 13.855469 47.496094
19.941406 16.082031 47.496094
19.941406 18.308594 47.496094
19.941406 20.535156 47.496094
19.941406 22.761719 47.496094
19.941406 24.988281 47.496094
19.941406 27.214844 47.496094
19.941406 29.441406 47.496094
19.941406 31.667969 47.496094
19.941406 33.894531 47.496094
19.941406 36.121094 47.496094
19.941406 38.347656 47.496094
19.941406 -1.730469 49.722656
19.941406 2.722656 49.722656
19.941406 4.949219 49.722656
19.941406 7.175781 49.722656
19.941406 16.082031 49.722656
19.941406 18.308594 49.722656
19.941406 27.214844 49.722656
19.941406 29.441406 49.722656
19.941406 31.667969 49.722656
19.941406 38.347656 49.722656
19.941406 -1.730469 51.949219
19.941406 2.722656 51.949219
19.941406 4.949219 51.949219
19.941406 7.175781 51.949219
19.941406 16.082031 51.949219
19.941406 18.308594 51.949219
19.941406 27.214844 51.949219
19.941406 29.441406 51.949219
19.941406 31.667969 51.949219
19.941406 38.347656 51.949219
19.941406 -1.730469 54.175781
19.941406 2.722656 54.175781
19.941406 4.949219 54.175781
19.941406 7.175781 54.175781
19.941406 16.082031 54.175781
19.941406 18.308594 54.175781
19.941406 27.214844 54.175781
19.941406 29.441406 54.175781
19.941406 31.667969 54.175781
19.941406 38.347656 54.175781
19.941406 -1.730469 56.402344
19.941406 2.722656 56.402344
19.941406 4.949219 56.402344
19.941406 7.175781 56.402344
19.941406 16.082031 56.402344
19.941406 18.308594 56.402344
19.941406 27.214844 56.402344
19.941406 29.441406 56.402344
19.941406 31.667969 56.402344
19.941406 38.347656 56.402344
19.941406 -1.730469 58.628906
19.941406 2.722656 58.628906
19.941406 4.949219 58.628906
19.941406 7.175781 58.628906
19.941406 16.082031 58.628906
19.941406 18.308594 58.628906
19.941406 27.214844 58.628906
19.941406 29.441406 58.628906
19.941406 31.667969 58.628906
19.941406 38.347656 58.628906
19.941406 -1.730469 60.855469
19.941406 2.722656 60.855469
19.941406 4.949219 60.855469
19.941406 7.175781 60.855469
19.941406 16.082031 60.855469
19.941406 18.308594 60.855469
19.941406 27.214844 60.855469
19.941406 29.441406 60.855469
19.941406 31.667969 60.855469
19.941406 38.347656 60.855469
19.941406 -1.730469 63.082031
19.941406 0.496094 63.082031
19.941406 2.722656 63.082031
19.941406 4.949219 63.082031
19.941406 7.175781 63.082031
19.941406 13.855469 63.082031
19.941406 16.082031 63.082031
19.941406 18.308594 63.082031
19.941406 20.535156 63.082031
19.941406 27.214844 63.082031
19.941406 29.441406 63.082031
19.941406 31.667969 63.082031
19.941406 33.894531 63.082031
19.941406 38.347656 63.082031
19.941406 -1.730469 65.308594
19.941406 0.496094 65.308594
19.941406 2.722656 65.308594
19.941406 7.175781 65.308594
19.941406 13.855469 65.308594
19.941406 16.082031 65.308594
19.941406 20.535156 65.308594
19.941406 27.214844 65.308594
19.941406 31.667969 65.308594
19.941406 33.894531 65.308594
19.941406 38.347656 65.308594
19.941406 -1.730469 67.535156
19.941406 0.496094 67.535156
19.941406 2.722656 67.535156
19.941406 7.175781 67.535156
19.941406 9.402344 67.535156
19.941406 11.628906 67.535156
19.941406 13.855469 67.535156
19.941406 16.082031 67.535156
19.941406 20.535156 67.535156
19.941406 22.761719 67.535156
19.941406 24.988281 67.535156
19.941406 27.214844 67.535156
19.941406 31.667969 67.535156
19.941406 33.894531 67.535156
19.941406 36.121094 67.535156
19.941406 38.347656 67.535156
22.167969 -1.730469 47.496094
22.167969 0.496094 47.496094
22.167969 2.722656 47.496094
22.167969 7.175781 47.496094
22.167969 9.402344 47.496094
22.167969 11.628906 47.496094
22.167969 13.855469 47.496094
22.167969 16.082031 47.496094
22.167969 18.308594 47.496094
22.167969 20.535156 47.496094
22.167969 22.761719 47.496094
22.167969 24.988281 47.496094
22.167969 27.214844 47.496094
22.167969 29.441406 47.496094
22.167969 31.667969 47.496094
22.167969 33.894531 47.496094
22.167969 36.121094 47.496094
22.167969 38.347656 47.496094
22.167969 -1.730469 49.722656
22.167969 2.722656 49.722656
22.167969 7.175781 49.722656
22.167969 16.082031 49.722656
22.167969 18.308594 49.722656
22.167969 20.535156 49.722656
22.167969 27.214844 49.722656
22.167969 29.441406 49.722656
22.167969 31.667969 49.722656
22.167969 38.347656 49.722656
22.167969 -1.730469 51.949219
22.167969 2.722656 51.949219
22.167969 7.175781 51.949219
22.167969 16.082031 51.949219
22.167969 18.308594 51.949219
22.167969 20.535156 51.949219
22.167969 27.214844 51.949219
22.167969 29.441406 51.949219
22.167969 31.667969 51.949219
22.167969 38.347656 51.949219
22.167969 -1.730469 54.175781
22.167969 2.722656 54.175781
22.167969 7.175781 54.175781
22.167969 16.082031 54.175781
22.167969 18.308594 54.175781
22.167969 20.535156 54.175781
22.167969 27.214844 54.175781
22.167969 29.441406 54.175781
22.167969 31.667969 54.175781
22.167969 38.347656 54.175781
22.167969 -1.730469 56.402344
22.167969 2.722656 56.402344
22.167969 7.175781 56.402344
22.167969 16.082031 56.402344
22.167969 18.308594 56.402344
22.167969 20.535156 56.402344
22.167969 27.214844 56.402344
22.167969 29.441406 56.402344
22.167969 31.667969 56.402344
22.167969 38.347656 56.402344
22.167969 -1.730469 58.628906
22.167969 2.722656 58.628906
22.167969 7.175781 58.628906
22.167969 16.082031 58.628906
22.167969 18.308594 58.628906
22.167969 20.535156 58.628906
22.167969 27.214844 58.628906
22.167969 29.441406 58.628906
22.167969 31.667969 58.628906
22.167969 38.347656 58.628906
22.167969 -1.730469 60.855469
22.167969 2.722656 60.855469
22.167969 7.175781 60.855469
22.167969 16.082031 60.855469
22.167969 18.308594 60.855469
22.167969 20.535156 60.855469
22.167969 27.214844 60.855469
22.167969 29.441406 60.855469
22.167969 31.667969 60.855469
22.167969 38.347656 60.855469
22.167969 -1.730469 63.082031
22.167969 0.496094 63.082031
22.167969 2.722656 63.082031
22.167969 7.175781 63.082031
22.167969 9.402344 63.082031
22.167969 13.855469 63.082031
22.167969 16.082031 63.082031
22.167969 18.308594 63.082031
22.167969 20.535156 63.082031
22.167969 27.214844 63.082031
22.167969 29.441406 63.082031
22.167969 31.667969 63.082031
22.167969 33.894531 63.082031
22.167969 38.347656 63.082031
22.167969 -1.730469 65.308594
22.167969 0.496094 65.308594
22.167969 7.175781 65.308594
22.167969 9.402344 65.308594
22.167969 13.855469 65.308594
22.167969 20.535156 65.308594
22.167969 27.214844 65.308594
22.167969 33.894531 65.308594
22.167969 38.347656 65.308594
22.167969 -1.730469 67.535156
22.167969 0.496094 67.535156
22.167969 7.175781 67.535156
22.167969 9.402344 67.535156
22.167969 11.628906 67.535156
22.167969 13.855469 67.535156
22.167969 20.535156 67.535156
22.167969 22.761719 67.535156
22.167969 24.988281 67.535156
22.167969 27.214844 67.535156
22.167969 33.894531 67.535156
22.167969 36.121094 67.535156
22.167969 38.347656 67.535156
24.394531 -1.730469 47.496094
24.394531 0.496094 47.496094
24.394531 2.722656 47.496094
24.394531 4.949219 47.496094
24.394531 7.175781 47.496094
24.394531 9.402344 47.496094
24.394531 11.628906 47.496094
24.394531 13.855469 47.496094
24.394531 16.082031 47.496094
24.394531 18.308594 47.496094
24.394531 20.535156 47.496094
24.394531 22.761719 47.496094
24.394531 24.988281 47.496094
24.394531 27.214844 47.496094
24.394531 29.441406 47.496094
24.394531 31.667969 47.496094
24.394531 33.894531 47.496094
24.394531 36.121094 47.496094
24.394531 38.347656 47.496094
24.394531 -1.730469 49.722656
24.394531 2.722656 49.722656
24.394531 4.949219 49.722656
24.394531 7.175781 49.722656
24.394531 16.082031 49.722656
24.394531 18.308594 49.722656
24.394531 29.441406 49.722656
24.394531 31.667969 49.722656
24.394531 38.347656 49.722656
24.394531 -1.730469 51.949219
24.394531 2.722656 51.949219
24.394531 4.949219 51.949219
24.394531 7.175781 51.949219
24.394531 16.082031 51.949219
24.394531 18.308594 51.949219
24.394531 29.441406 51.949219
24.394531 31.667969 51.949219
24.394531 38.347656 51.949219
24.394531 -1.730469 54.175781
24.394531 2.722656 54.175781
24.394531 4.949219 54.175781
24.394531 7.175781 54.175781
24.394531 16.082031 54.175781
24.394531 18.308594 54.175781
24.394531 29.441406 54.175781
24.394531 31.667969 54.175781
24.394531 38.347656 54.175781
24.394531 -1.730469 56.402344
24.394531 2.722656 56.402344
24.394531 4.949219 56.402344
24.394531 7.175781 56.402344
24.394531 16.082031 56.402344
24.394531 18.308594 56.402344
24.394531 29.441406 56.402344
24.394531 31.667969 56.402344
24.394531 38.347656 56.402344
24.394531 -1.730469 58.628906
24.394531 2.722656 58.628906
24.394531 4.949219 58.628906
24.394531 7.175781 58.628906
24.394531 16.082031 58.628906
24.394531 18.308594 58.628906
24.394531 29.441406 58.628906
24.394531 31.667969 58.628906
24.394531 38.347656 58.628906
24.394531 -1.730469 60.855469
24.394531 2.722656 60.855469
24.394531 4.949219 60.855469
24.394531 7.175781 60.855469
24.394531 16.082031 60.855469
24.394531 18.308594 60.855469
24.394531 29.441406 60.855469
24.394531 31.667969 60.855469
24.394531 38.347656 60.855469
24.394531 -1.730469 63.082031
24.394531 0.496094 63.082031
24.394531 2.722656 63.082031
24.394531 4.949219 63.082031
24.394531 7.175781 63.082031
24.394531 13.855469 63.082031
24.394531 16.082031 63.082031
24.394531 18.308594 63.082031
24.394531 20.535156 63.082031
24.394531 27.214844 63.082031
24.394531 29.441406 63.082031
24.394531 31.667969 63.082031
24.394531 33.894531 63.082031
24.394531 38.347656 63.082031
24.394531 -1.730469 65.308594
24.394531 0.496094 65.308594
24.394531 2.722656 65.308594
24.394531 7.175781 65.308594
24.394531 13.855469 65.308594
24.394531 16.082031 65.308594
24.394531 18.308594 65.308594
24.394531 20.535156 65.308594
24.394531 27.214844 65.308594
24.394531 29.441406 65.308594
24.394531 31.667969 65.308594
24.394531 33.894531 65.308594
24.394531 38.347656 65.308594
24.394531 -1.730469 67.535156
24.394531 0.496094 67.535156
24.394531 2.722656 67.535156
24.394531 7.175781 67.535156
24.394531 9.402344 67.535156
24.394531 11.628906 67.535156
24.394531 13.855469 67.535156
24.394531 16.082031 67.535156
24.394531 18.308594 67.535156
24.394531 20.535156 67.535156
24.394531 22.761719 67.535156
24.394531 24.988281 67.535156
24.394531 27.214844 67.535156
24.394531 29.441406 67.535156
24.394531 31.667969 67.535156
24.394531 33.894531 67.535156
24.394531 36.121094 67.535156
24.394531 38.347656 67.535156
26.621094 -1.730469 47.496094
26.621094 0.496094 47.496094
26.621094 2.722656 47.496094
26.621094 4.949219 47.496094
26.621094 7.175781 47.496094
26.621094 9.402344 47.496094
26.621094 11.628906 47.496094
26.621094 13.855469 47.496094
26.621094 16.082031 47.496094
26.621094 18.308594 47.496094
26.621094 20.535156 47.496094
26.621094 22.761719 47.496094
26.621094 24.988281 47.496094
26.621094 27.214844 47.496094
26.621094 29.441406 47.496094
26.621094 31.667969 47.496094
26.621094 33.894531 47.496094
26.621094 36.121094 47.496094
26.621094 38.347656 47.496094
26.621094 -1.730469 49.722656
26.621094 38.347656 49.722656
26.621094 -1.730469 51.949219
26.621094 38.347656 51.949219
26.621094 -1.730469 54.175781
26.621094 38.347656 54.175781
26.621094 -1.730469 56.402344
26.621094 38.347656 56.402344
26.621094 -1.730469 58.628906
26.621094 38.347656 58.628906
26.621094 -1.730469 60.855469
26.621094 38.347656 60.855469
26.621094 -1.730469 63.082031
26.621094 2.722656 63.082031
26.621094 4.949219 63.082031
26.621094 7.175781 63.082031
26.621094 16.082031 63.082031
26.621094 18.308594 63.082031
26.621094 29.441406 63.082031
26.621094 31.667969 63.082031
26.621094 38.347656 63.082031
26.621094 -1.730469 65.308594
26.621094 2.722656 65.308594
26.621094 4.949219 65.308594
26.621094 7.175781 65.308594
26.621094 16.082031 65.308594
26.621094 18.308594 65.308594
26.621094 29.441406 65.308594
26.621094 31.667969 65.308594
26.621094 38.347656 65.308594
26.621094 -1.730469 67.535156
26.621094 0.496094 67.535156
26.621094 2.722656 67.535156
26.621094 4.949219 67.535156
26.621094 7.175781 67.535156
26.621094 9.402344 67.535156
26.621094 11.628906 67.535156
26.621094 13.855469 67.535156
26.621094 16.082031 67.535156
26.621094 18.308594 67.535156
26.621094 20.535156 67.535156
26.621094 22.761719 67.535156
26.621094 24.988281 67.535156
26.621094 27.214844 67.535156
26.621094 29.441406 67.535156
26.621094 31.667969 67.535156
26.621094 33.894531 67.535156
26.621094 36.121094 67.535156
26.621094 38.347656 67.535156
28.847656 -1.730469 47.496094
28.847656 0.496094 47.496094
28.847656 2.722656 47.496094
28.847656 4.949219 47.496094
28.847656 7.175781 47.496094
28.847656 9.402344 47.496094
28.847656 11.628906 47.496094
28.847656 13.855469 47.496094
28.847656 16.082031 47.496094
28.847656 18.308594 47.496094
28.847656 20.535156 47.496094
28.847656 22.761719 47.496094
28.847656 24.988281 47.496094
28.847656 27.214844 47.496094
28.847656 29.441406 47.496094
28.847656 31.667969 47.496094
28.847656 33.894531 47.496094
28.847656 36.121094 47.496094
28.847656 38.347656 47.496094
28.847656 -1.730469 49.722656
28.847656 38.347656 49.722656
28.847656 -1.730469 51.949219
28.847656 38.347656 51.949219
28.847656 -1.730469 54.175781
28.847656 38.347656 54.175781
28.847656 -1.730469 56.402344
28.847656 38.347656 56.402344
28.847656 -1.730469 58.628906
28.847656 38.347656 58.628906
28.847656 -1.730469 60.855469
28.847656 38.347656 60.855469
28.847656 -1.730469 63.082031
28.847656 38.347656 63.082031
28.847656 -1.730469 65.308594
28.847656 38.347656 65.308594
28.847656 -1.730469 67.535156
28.847656 0.496094 67.535156
28.847656 2.722656 67.535156
28.847656 4.949219 67.535156
28.847656 7.175781 67.535156
28.847656 9.402344 67.535156
28.847656 11.628906 67.535156
28.847656 13.855469 67.535156
28.847656 16.082031 67.535156
28.847656 18.308594 67.535156
28.847656 20.535156 67.535156
28.847656 22.761719 67.535156
28.847656 24.988281 67.535156
28.847656 27.214844 67.535156
28.847656 29.441406 67.535156
28.847656 31.667969 67.535156
28.847656 33.894531 67.535156
28.847656 36.121094 67.535156
28.847656 38.347656 67.535156
31.074219 -1.730469 47.496094
31.074219 0.496094 47.496094
31.074219 2.722656 47.496094
31.074219 4.949219 47.496094
31.074219 7.175781 47.496094
31.074219 9.402344 47.496094
31.074219 11.628906 47.496094
31.074219 13.855469 47.496094
31.074219 16.082031 47.496094
31.074219 18.308594 47.496094
31.074219 20.535156 47.496094
31.074219 22.761719 47.496094
31.074219 24.988281 47.496094
31.074219 27.214844 47.496094
31.074219 29.441406 47.496094
31.074219 31.667969 47.496094
31.074219 33.894531 47.496094
31.074219 36.121094 47.496094
31.074219 38.347656 47.496094
31.074219 -1.730469 49.722656
31.074219 38.347656 49.722656
31.074219 -1.730469 51.949219
31.074219 38.347656 51.949219
31.074219 -1.730469 54.175781
31.074219 38.347656 54.175781
31.074219 -1.730469 56.402344
31.074219 38.347656 56.402344
31.074219 -1.730469 58.628906
31.074219 38.347656 58.628906
31.074219 -1.730469 60.855469
31.074219 38.347656 60.855469
31.074219 -1.730469 63.082031
31.074219 38.347656 63.082031
31.074219 -1.730469 65.308594
31.074219 38.347656 65.308594
31.074219 -1.730469 67.535156
31.074219 0.496094 67.535156
31.074219 2.722656 67.535156
31.074219 4.949219 67.535156
31.074219 7.175781 67.535156
31.074219 9.402344 67.535156
31.074219 11.628906 67.535156
31.074219 13.855469 67.535156
31.074219 16.082031 67.535156
31.074219 18.308594 67.535156
31.074219 20.535156 67.535156
31.074219 22.761719 67.535156
31.074219 24.988281 67.535156
31.074219 27.214844 67.535156
31.074219 29.441406 67.535156
31.074219 31.667969 67.535156
31.074219 33.894531 67.535156
31.074219 36.121094 67.535156
31.074219 38.347656 67.535156
33.300781 -1.730469 47.496094
33.300781 0.496094 47.496094
33.300781 2.722656 47.496094
33.300781 4.949219 47.496094
33.300781 7.175781 47.496094
33.300781 9.402344 47.496094
33.300781 11.628906 47.496094
33.300781 13.855469 47.496094
33.300781 16.082031 47.496094
33.300781 18.308594 47.496094
33.300781 20.535156 47.496094
33.300781 22.761719 47.496094
33.300781 24.988281 47.496094
33.300781 27.214844 47.496094
33.300781 29.441406 47.496094
33.300781 31.667969 47.496094
33.300781 33.894531 47.496094
33.300781 36.121094 47.496094
33.300781 38.347656 47.496094
33.300781 -1.730469 49.722656
33.300781 38.347656 49.722656
33.300781 -1.730469 51.949219
33.300781 0.496094 51.949219
33.300781 2.722656 51.949219
33.300781 4.949219 51.949219
33.300781 7.175781 51.949219
33.300781 9.402344 51.949219
33.300781 11.628906 51.949219
33.300781 13.855469 51.949219
33.300781 16.082031 51.949219
33.300781 18.308594 51.949219
33.300781 38.347656 51.949219
33.300781 -1.730469 54.175781
33.300781 0.496094 54.175781
33.300781 2.722656 54.175781
33.300781 4.949219 54.175781
33.300781 7.175781 54.175781
33.300781 9.402344 54.175781
33.300781 11.628906 54.175781
33.300781 13.855469 54.175781
33.300781 16.082031 54.175781
33.300781 18.308594 54.175781
33.300781 38.347656 54.175781
33.300781 -1.730469 56.402344
33.300781 38.347656 56.402344
33.300781 -1.730469 58.628906
33.300781 38.347656 58.628906
33.300781 -1.730469 60.855469
33.300781 0.496094 60.855469
33.300781 2.722656 60.855469
33.300781 4.949219 60.855469
33.300781 7.175781 60.855469
33.300781 9.402344 60.855469
33.300781 11.628906 60.855469
33.300781 13.855469 60.855469
33.300781 16.082031 60.855469
33.300781 18.308594 60.855469
33.300781 38.347656 60.855469
33.300781 -1.730469 63.082031
33.300781 0.496094 63.082031
33.300781 2.722656 63.082031
33.300781 4.949219 63.082031
33.300781 7.175781 63.082031
33.300781 9.402344 63.082031
33.300781 11.628906 63.082031
33.300781 13.855469 63.082031
33.300781 16.082031 63.082031
33.300781 18.308594 63.082031
33.300781 38.347656 63.082031
33.300781 -1.730469 65.308594
33.300781 0.496094 65.308594
33.300781 2.722656 65.308594
33.300781 4.949219 65.308594
33.300781 7.175781 65.308594
33.300781 9.402344 65.308594
33.300781 11.628906 65.308594
33.300781 13.855469 65.308594
33.300781 16.082031 65.308594
33.300781 18.308594 65.308594
33.300781 38.347656 65.308594
33.300781 -1.730469 67.535156
33.300781 0.496094 67.535156
33.300781 2.722656 67.535156
33.300781 4.949219 67.535156
33.300781 7.175781 67.535156
33.300781 9.402344 67.535156
33.300781 11.628906 67.535156
33.300781 13.855469 67.535156
33.300781 16.082031 67.535156
33.300781 18.308594 67.535156
33.300781 20.535156 67.535156
33.300781 22.761719 67.535156
33.300781 24.988281 67.535156
33.300781 27.214844 67.535156
33.300781 29.441406 67.535156
33.300781 31.667969 67.535156
33.300781 33.894531 67.535156
33.300781 36.121094 67.535156
33.300781 38.347656 67.535156
35.527344 -1.730469 47.496094
35.527344 0.496094 47.496094
35.527344 2.722656 47.496094
35.527344 4.949219 47.496094
35.527344 7.175781 47.496094
35.527344 9.402344 47.496094
35.527344 11.628906 47.496094
35.527344 13.855469 47.496094
35.527344 16.082031 47.496094
35.527344 18.308594 47.496094
35.527344 20.535156 47.496094
35.527344 22.761719 47.496094
35.527344 24.988281 47.496094
35.527344 27.214844 47.496094
35.527344 29.441406 47.496094
35.527344 31.667969 47.496094
35.527344 33.894531 47.496094
35.527344 36.121094 47.496094
35.527344 38.347656 47.496094
35.527344 -1.730469 49.722656
35.527344 38.347656 49.722656
35.527344 -1.730469 51.949219
35.527344 0.496094 51.949219
35.527344 2.722656 51.949219
35.527344 4.949219 51.949219
35.527344 7.175781 51.949219
35.527344 9.402344 51.949219
35.527344 11.628906 51.949219
35.527344 13.855469 51.949219
35.527344 16.082031 51.949219
35.527344 18.308594 51.949219
35.527344 38.347656 51.949219
35.527344 -1.730469 54.175781
35.527344 0.496094 54.175781
35.527344 2.722656 54.175781
35.527344 4.949219 54.175781
35.527344 7.175781 54.175781
35.527344 9.402344 54.175781
35.527344 11.628906 54.175781
35.527344 13.855469 54.175781
35.527344 16.082031 54.175781
35.527344 18.308594 54.175781
35.527344 38.347656 54.175781
35.527344 -1.730469 56.402344
35.527344 38.347656 56.402344
35.527344 -1.730469 58.628906
35.527344 38.347656 58.628906
35.527344 -1.730469 60.855469
35.527344 0.496094 60.855469
35.527344 2.722656 60.855469
35.527344 4.949219 60.855469
35.527344 7.175781 60.855469
35.527344 9.402344 60.855469
35.527344 11.628906 60.855469
35.527344 13.855469 60.855469
35.527344 16.082031 60.855469
35.527344 18.308594 60.855469
35.527344 38.347656 60.855469
35.527344 -1.730469 63.082031
35.527344 0.496094 63.082031
35.527344 2.722656 63.082031
35.527344 4.949219 63.082031
35.527344 7.175781 63.082031
35.527344 9.402344 63.082031
35.527344 11.628906 63.082031
35.527344 13.855469 63.082031
35.527344 16.082031 63.082031
35.527344 18.308594 63.082031
35.527344 38.347656 63.082031
35.527344 -1.730469 65.308594
35.527344 0.496094 65.308594
35.527344 2.722656 65.308594
35.527344 4.949219 65.308594
35.527344 7.175781 65.308594
35.527344 9.402344 65.308594
35.527344 11.628906 65.308594
35.527344 13.855469 65.308594
35.527344 16.082031 65.308594
35.527344 18.308594 65.308594
35.527344 38.347656 65.308594
35.527344 -1.730469 67.535156
35.527344 0.496094 67.535156
35.527344 2.722656 67.535156
35.527344 4.949219 67.535156
35.527344 7.175781 67.535156
35.527344 9.402344 67.535156
35.527344 11.628906 67.535156
35.527344 13.855469 67.535156
35.527344 16.082031 67.535156
35.527344 18.308594 67.535156
35.527344 20.535156 67.535156
35.527344 22.761719 67.535156
35.527344 24.988281 67.535156
35.527344 27.214844 67.535156
35.527344 29.441406 67.535156
35.527344 31.667969 67.535156
35.527344 33.894531 67.535156
35.527344 36.121094 67.535156
35.527344 38.347656 67.535156
37.753906 -1.730469 47.496094
37.753906 0.496094 47.496094
37.753906 2.722656 47.496094
37.753906 4.949219 47.496094
37.753906 7.175781 47.496094
37.753906 9.402344 47.496094
37.753906 11.628906 47.496094
37.753906 13.855469 47.496094
37.753906 16.082031 47.496094
37.753906 18.308594 47.496094
37.753906 20.535156 47.496094
37.753906 22.761719 47.496094
37.753906 24.988281 47.496094
37.753906 27.214844 47.496094
37.753906 29.441406 47.496094
37.753906 31.667969 47.496094
37.753906 33.894531 47.496094
37.753906 36.121094 47.496094
37.753906 38.347656 47.496094
37.753906 -1.730469 49.722656
37.753906 38.347656 49.722656
37.753906 -1.730469 51.949219
37.753906 38.347656 51.949219
37.753906 -1.730469 54.175781
37.753906 38.347656 54.175781
37.753906 -1.730469 56.402344
37.753906 38.347656 56.402344
37.753906 -1.730469 58.628906
37.753906 38.347656 58.628906
37.753906 -1.730469 60.855469
37.753906 38.347656 60.855469
37.753906 -1.730469 63.082031
37.753906 38.347656 63.082031
37.753906 -1.730469 65.308594
37.753906 38.347656 65.308594
37.753906 -1.730469 67.535156
37.753906 0.496094 67.535156
37.753906 2.722656 67.535156
37.753906 4.949219 67.535156
37.753906 7.175781 67.535156
37.753906 9.402344 67.535156
37.753906 11.628906 67.535156
37.753906 13.855469 67.535156
37.753906 16.082031 67.535156
37.753906 18.308594 67.535156
37.753906 20.535156 67.535156
37.753906 22.761719 67.535156
37.753906 24.988281 67.535156
37.753906 27.214844 67.535156
37.753906 29.441406 67.535156
37.753906 31.667969 67.535156
37.753906 33.894531 67.535156
37.753906 36.121094 67.535156
37.753906 38.347656 67.535156
39.980469 -1.730469 47.496094
39.980469 0.496094 47.496094
39.980469 2.722656 47.496094
39.980469 4.949219 47.496094
39.980469 7.175781 47.496094
39.980469 9.402344 47.496094
39.980469 11.628906 47.496094
39.980469 13.855469 47.496094
39.980469 16.082031 47.496094
39.980469 18.308594 47.496094
39.980469 20.535156 47.496094
39.980469 22.761719 47.496094
39.980469 24.988281 47.496094
39.980469 27.214844 47.496094
39.980469 29.441406 47.496094
39.980469 31.667969 47.496094
39.980469 33.894531 47.496094
39.980469 36.121094 47.496094
39.980469 38.347656 47.496094
39.980469 -1.730469 49.722656
39.980469 38.347656 49.722656
39.980469 -1.730469 51.949219
39.980469 38.347656 51.949219
39.980469 -1.730469 54.175781
39.980469 38.347656 54.175781
39.980469 -1.730469 56.402344
39.980469 38.347656 56.402344
39.980469 -1.730469 58.628906
39.980469 38.347656 58.628906
39.980469 -1.730469 60.855469
39.980469 38.347656 60.855469
39.980469 -1.730469 63.082031
39.980469 38.347656 63.082031
39.980469 -1.730469 65.308594
39.980469 38.347656 65.308594
39.980469 -1.730469 67.535156
39.980469 0.496094 67.535156
39.980469 2.722656 67.535156
39.980469 4.949219 67.535156
39.980469 7.175781 67.535156
39.980469 9.402344 67.535156
39.980469 11.628906 67.535156
39.980469 13.855469 67.535156
39.980469 16.082031 67.535156
39.980469 18.308594 67.535156
39.980469 20.535156 67.535156
39.980469 22.761719 67.535156
39.980469 24.988281 67.535156
39.980469 27.214844 67.535156
39.980469 29.441406 67.535156
39.980469 31.667969 67.535156
39.980469 33.894531 67.535156
39.980469 36.121094 67.535156
39.980469 38.347656 67.535156
42.207031 -1.730469 47.496094
42.207031 0.496094 47.496094
42.207031 2.722656 47.496094
42.207031 4.949219 47.496094
42.207031 7.175781 47.496094
42.207031 9.402344 47.496094
42.207031 11.628906 47.496094
42.207031 13.855469 47.496094
42.207031 16.082031 47.496094
42.207031 18.308594 47.496094
42.207031 20.535156 47.496094
42.207031 22.761719 47.496094
42.207031 24.988281 47.496094
42.207031 27.214844 47.496094
42.207031 29.441406 47.496094
42.207031 31.667969 47.496094
42.207031 33.894531 47.496094
42.207031 36.121094 47.496094
42.207031 38.347656 47.496094
42.207031 -1.730469 49.722656
42.207031 38.347656 49.722656
42.207031 -1.730469 51.949219
42.207031 38.347656 51.949219
42.207031 -1.730469 54.175781
42.207031 38.347656 54.175781
42.207031 -1.730469 56.402344
42.207031 38.347656 56.402344
42.207031 -1.730469 58.628906
42.207031 38.347656 58.628906
42.207031 -1.730469 60.855469
42.207031 38.347656 60.855469
42.207031 -1.730469 63.082031
42.207031 38.347656 63.082031
42.207031 -1.730469 65.308594
42.207031 38.347656 65.308594
42.207031 -1.730469 67.535156
42.207031 0.496094 67.535156
42.207031 2.722656 67.535156
42.207031 4.949219 67.535156
42.207031 7.175781 67.535156
42.207031 9.402344 67.535156
42.207031 11.628906 67.535156
42.207031 13.855469 67.535156
42.207031 16.082031 67.535156
42.207031 18.308594 67.535156
42.207031 20.535156 67.535156
42.207031 22.761719 67.535156
42.207031 24.988281 67.535156
42.207031 27.214844 67.535156
42.207031 29.441406 67.535156
42.207031 31.667969 67.535156
42.207031 33.894531 67.535156
42.207031 36.121094 67.535156
42.207031 38.347656 67.535156
44.433594 -1.730469 47.496094
44.433594 0.496094 47.496094
44.433594 2.722656 47.496094
44.433594 4.949219 47.496094
44.433594 7.175781 47.496094
44.433594 9.402344 47.496094
44.433594 11.628906 47.496094
44.433594 13.855469 47.496094
44.433594 16.082031 47.496094
44.433594 18.308594 47.496094
44.433594 20.535156 47.496094
44.433594 22.761719 47.496094
44.433594 24.988281 47.496094
44.433594 27.214844 47.496094
44.433594 29.441406 47.496094
44.433594 31.667969 47.496094
44.433594 33.894531 47.496094
44.433594 36.121094 47.496094
44.433594 38.347656 47.496094
44.433594 -1.730469 49.722656
44.433594 38.347656 49.722656
44.433594 -1.730469 51.949219
44.433594 38.347656 51.949219
44.433594 -1.730469 54.175781
44.433594 38.347656 54.175781
44.433594 -1.730469 56.402344
44.433594 38.347656 56.402344
44.433594 -1.730469 58.628906
44.433594 38.347656 58.628906
44.433594 -1.730469 60.855469
44.433594 38.347656 60.855469
44.433594 -1.730469 63.082031
44.433594 0.496094 63.082031
44.433594 2.722656 63.082031
44.433594 4.949219 63.082031
44.433594 7.175781 63.082031
44.433594 13.855469 63.082031
44.433594 16.082031 63.082031
44.433594 18.308594 63.082031
44.433594 20.535156 63.082031
44.433594 27.214844 63.082031
44.433594 29.441406 63.082031
44.433594 31.667969 63.082031
44.433594 33.894531 63.082031
44.433594 38.347656 63.082031
44.433594 -1.730469 65.308594
44.433594 0.496094 65.308594
44.433594 2.722656 65.308594
44.433594 4.949219 65.308594
44.433594 7.175781 65.308594
44.433594 13.855469 65.308594
44.433594 16.082031 65.308594
44.433594 18.308594 65.308594
44.433594 20.535156 65.308594
44.433594 27.214844 65.308594
44.433594 29.441406 65.308594
44.433594 31.667969 65.308594
44.433594 33.894531 65.308594
44.433594 38.347656 65.308594
44.433594 -1.730469 67.535156
44.433594 0.496094 67.535156
44.433594 2.722656 67.535156
44.433594 4.949219 67.535156
44.433594 7.175781 67.535156
44.433594 9.402344 67.535156
44.433594 11.628906 67.535156
44.433594 13.855469 67.535156
44.433594 16.082031 67.535156
44.433594 18.308594 67.535156
44.433594 20.535156 67.535156
44.433594 22.761719 67.535156
44.433594 24.988281 67.535156
44.433594 27.214844 67.535156
44.433594 29.441406 67.535156
44.433594 31.667969 67.535156
44.433594 33.894531 67.535156
44.433594 36.121094 67.535156
44.433594 38.347656 67.535156
46.660156 -1.730469 47.496094
46.660156 0.496094 47.496094
46.660156 2.722656 47.496094
46.660156 4.949219 47.496094
46.660156 7.175781 47.496094
46.660156 9.402344 47.496094
46.660156 11.628906 47.496094
46.660156 13.855469 47.496094
46.660156 16.082031 47.496094
46.660156 18.308594 47.496094
46.660156 20.535156 47.496094
46.660156 22.761719 47.496094
46.660156 24.988281 47.496094
46.660156 27.214844 47.496094
46.660156 29.441406 47.496094
46.660156 31.667969 47.496094
46.660156 33.894531 47.496094
46.660156 36.121094 47.496094
46.660156 38.347656 47.496094
46.660156 -1.730469 49.722656
46.660156 2.722656 49.722656
46.660156 4.949219 49.722656
46.660156 7.175781 49.722656
46.660156 16.082031 49.722656
46.660156 18.308594 49.722656
46.660156 20.535156 49.722656
46.660156 27.214844 49.722656
46.660156 29.441406 49.722656
46.660156 31.667969 49.722656
46.660156 38.347656 49.722656
46.660156 -1.730469 51.949219
46.660156 2.722656 51.949219
46.660156 4.949219 51.949219
46.660156 7.175781 51.949219
46.660156 16.082031 51.949219
46.660156 18.308594 51.949219
46.660156 20.535156 51.949219
46.660156 27.214844 51.949219
46.660156 29.441406 51.949219
46.660156 31.667969 51.949219
46.660156 38.347656 51.949219
46.660156 -1.730469 54.175781
46.660156 2.722656 54.175781
46.660156 4.949219 54.175781
46.660156 7.175781 54.175781
46.660156 16.082031 54.175781
46.660156 18.308594 54.175781
46.660156 20.535156 54.175781
46.660156 27.214844 54.175781
46.660156 29.441406 54.175781
46.660156 31.667969 54.175781
46.660156 38.347656 54.175781
46.660156 -1.730469 56.402344
46.660156 2.722656 56.402344
46.660156 4.949219 56.402344
46.660156 7.175781 56.402344
46.660156 16.082031 56.402344
46.660156 18.308594 56.402344
46.660156 20.535156 56.402344
46.660156 27.214844 56.402344
46.660156 29.441406 56.402344
46.660156 31.667969 56.402344
46.660156 38.347656 56.402344
46.660156 -1.730469 58.628906
46.660156 2.722656 58.628906
46.660156 4.949219 58.628906
46.660156 7.175781 58.628906
46.660156 16.082031 58.628906
46.660156 18.308594 58.628906
46.660156 20.535156 58.628906
46.660156 27.214844 58.628906
46.660156 29.441406 58.628906
46.660156 31.667969 58.628906
46.660156 38.347656 58.628906
46.660156 -1.730469 60.855469
46.660156 2.722656 60.855469
46.660156 4.949219 60.855469
46.660156 7.175781 60.855469
46.660156 16.082031 60.855469
46.660156 18.308594 60.855469
46.660156 20.535156 60.855469
46.660156 27.214844 60.855469
46.660156 29.441406 60.855469
46.660156 31.667969 60.855469
46.660156 38.347656 60.855469
46.660156 -1.730469 63.082031
46.660156 0.496094 63.082031
46.660156 2.722656 63.082031
46.660156 4.949219 63.082031
46.660156 7.175781 63.082031
46.660156 9.402344 63.082031
46.660156 13.855469 63.082031
46.660156 16.082031 63.082031
46.660156 18.308594 63.082031
46.660156 20.535156 63.082031
46.660156 27.214844 63.082031
46.660156 29.441406 63.082031
46.660156 31.667969 63.082031
46.660156 33.894531 63.082031
46.660156 38.347656 63.082031
46.660156 -1.730469 65.308594
46.660156 0.496094 65.308594
46.660156 7.175781 65.308594
46.660156 9.402344 65.308594
46.660156 13.855469 65.308594
46.660156 20.535156 65.308594
46.660156 27.214844 65.308594
46.660156 33.894531 65.308594
46.660156 38.347656 65.308594
46.660156 -1.730469 67.535156
46.660156 0.496094 67.535156
46.660156 7.175781 67.535156
46.660156 9.402344 67.535156
46.660156 11.628906 67.535156
46.660156 13.855469 67.535156
46.660156 20.535156 67.535156
46.660156 22.761719 67.535156
46.660156 24.988281 67.535156
46.660156 27.214844 67.535156
46.660156 33.894531 67.535156
46.660156 36.121094 67.535156
46.660156 38.347656 67.535156
48.886719 -1.730469 47.496094
48.886719 0.496094 47.496094
48.886719 2.722656 47.496094
48.886719 4.949219 47.496094
48.886719 7.175781 47.496094
48.886719 9.402344 47.496094
48.886719 11.628906 47.496094
48.886719 13.855469 47.496094
48.886719 16.082031 47.496094
48.886719 18.308594 47.496094
48.886719 20.535156 47.496094
48.886719 22.761719 47.496094
48.886719 24.988281 47.496094
48.886719 27.214844 47.496094
48.886719 29.441406 47.496094
48.886719 31.667969 47.496094
48.886719 33.894531 47.496094
48.886719 36.121094 47.496094
48.886719 38.347656 47.496094
48.886719 -1.730469 49.722656
48.886719 2.722656 49.722656
48.886719 4.949219 49.722656
48.886719 7.175781 49.722656
48.886719 16.082031 49.722656
48.886719 18.308594 49.722656
48.886719 20.535156 49.722656
48.886719 27.214844 49.722656
48.886719 29.441406 49.722656
48.886719 31.667969 49.722656
48.886719 38.347656 49.722656
48.886719 -1.730469 51.949219
48.886719 2.722656 51.949219
48.886719 4.949219 51.949219
48.886719 7.175781 51.949219
48.886719 16.082031 51.949219
48.886719 18.308594 51.949219
48.886719 20.535156 51.949219
48.886719 27.214844 51.949219
48.886719 29.441406 51.949219
48.886719 31.667969 51.949219
48.886719 38.347656 51.949219
48.886719 -1.730469 54.175781
48.886719 2.722656 54.175781
48.886719 4.949219 54.175781
48.886719 7.175781 54.175781
48.886719 16.082031 54.175781
48.886719 18.308594 54.175781
48.886719 20.535156 54.175781
48.886719 27.214844 54.175781
48.886719 29.441406 54.175781
48.886719 31.667969 54.175781
48.886719 38.347656 54.175781
48.886719 -1.730469 56.402344
48.886719 2.722656 56.402344
48.886719 4.949219 56.402344
48.886719 7.175781 56.402344
48.886719 16.082031 56.402344
48.886719 18.308594 56.402344
48.886719 20.535156 56.402344
48.886719 27.214844 56.402344
48.886719 29.441406 56.402344
48.886719 31.667969 56.402344
48.886719 38.347656 56.402344
48.886719 -1.730469 58.628906
48.886719 2.722656 58.628906
48.886719 4.949219 58.628906
48.886719 7.175781 58.628906
48.886719 16.082031 58.628906
48.886719 18.308594 58.628906
48.886719 20.535156 58.628906
48.886719 27.214844 58.628906
48.886719 29.441406 58.628906
48.886719 31.667969 58.628906
48.886719 38.347656 58.628906
48.886719 -1.730469 60.855469
48.886719 2.722656 60.855469
48.886719 4.949219 60.855469
48.886719 7.175781 60.855469
48.886719 16.082031 60.855469
48.886719 18.308594 60.855469
48.886719 20.535156 60.855469
48.886719 27.214844 60.855469
48.886719 29.441406 60.855469
48.886719 31.667969 60.855469
48.886719 38.347656 60.855469
48.886719 -1.730469 63.082031
48.886719 0.496094 63.082031
48.886719 2.722656 63.082031
48.886719 4.949219 63.082031
48.886719 7.175781 63.082031
48.886719 9.402344 63.082031
48.886719 13.855469 63.082031
48.886719 16.082031 63.082031
48.886719 18.308594 63.082031
48.886719 20.535156 63.082031
48.886719 27.214844 63.082031
48.886719 29.441406 63.082031
48.886719 31.667969 63.082031
48.886719 33.894531 63.082031
48.886719 38.347656 63.082031
48.886719 -1.730469 65.308594
48.886719 0.496094 65.308594
48.886719 7.175781 65.308594
48.886719 9.402344 65.308594
48.886719 13.855469 65.308594
48.886719 20.535156 65.308594
48.886719 27.214844 65.308594
48.886719 33.894531 65.308594
48.886719 38.347656 65.308594
48.886719 -1.730469 67.535156
48.886719 0.496094 67.535156
48.886719 7.175781 67.535156
48.886719 9.402344 67.535156
48.886719 11.628906 67.535156
48.886719 13.855469 67.535156
48.886719 20.535156 67.535156
48.886719 22.761719 67.535156
48.886719 24.988281 67.535156
48.886719 27.214844 67.535156
48.886719 33.894531 67.535156
48.886719 36.121094 67.535156
48.886719 38.347656 67.535156
51.113281 -1.730469 47.496094
51.113281 0.496094 47.496094
51.113281 2.722656 47.496094
51.113281 4.949219 47.496094
51.113281 7.175781 47.496094
51.113281 9.402344 47.496094
51.113281 11.628906 47.496094
51.113281 13.855469 47.496094
51.113281 16.082031 47.496094
51.113281 18.308594 47.496094
51.113281 20.535156 47.496094
51.113281 22.761719 47.496094
51.113281 24.988281 47.496094
51.113281 27.214844 47.496094
51.113281 29.441406 47.496094
51.113281 31.667969 47.496094
51.113281 33.894531 47.496094
51.113281 36.121094 47.496094
51.113281 38.347656 47.496094
51.113281 -1.730469 49.722656
51.113281 2.722656 49.722656
51.113281 4.949219 49.722656
51.113281 16.082031 49.722656
51.113281 18.308594 49.722656
51.113281 29.441406 49.722656
51.113281 31.667969 49.722656
51.113281 38.347656 49.722656
51.113281 -1.730469 51.949219
51.113281 2.722656 51.949219
51.113281 4.949219 51.949219
51.113281 16.082031 51.949219
51.113281 18.308594 51.949219
51.113281 29.441406 51.949219
51.113281 31.667969 51.949219
51.113281 38.347656 51.949219
51.113281 -1.730469 54.175781
51.113281 2.722656 54.175781
51.113281 4.949219 54.175781
51.113281 16.082031 54.175781
51.113281 18.308594 54.175781
51.113281 29.441406 54.175781
51.113281 31.667969 54.175781
51.113281 38.347656 54.175781
51.113281 -1.730469 56.402344
51.113281 2.722656 56.402344
51.113281 4.949219 56.402344
51.113281 16.082031 56.402344
51.113281 18.308594 56.402344
51.113281 29.441406 56.402344
51.113281 31.667969 56.402344
51.113281 38.347656 56.402344
51.113281 -1.730469 58.628906
51.113281 2.722656 58.628906
51.113281 4.949219 58.628906
51.113281 16.082031 58.628906
51.113281 18.308594 58.628906
51.113281 29.441406 58.628906
51.113281 31.667969 58.628906
51.113281 38.347656 58.628906
51.113281 -1.730469 60.855469
51.113281 2.722656 60.855469
51.113281 4.949219 60.855469
51.113281 16.082031 60.855469
51.113281 18.308594 60.855469
51.113281 29.441406 60.855469
51.113281 31.667969 60.855469
51.113281 38.347656 60.855469
51.113281 -1.730469 63.082031
51.113281 0.496094 63.082031
51.113281 2.722656 63.082031
51.113281 4.949219 63.082031
51.113281 7.175781 63.082031
51.113281 13.855469 63.082031
51.113281 16.082031 63.082031
51.113281 18.308594 63.082031
51.113281 20.535156 63.082031
51.113281 27.214844 63.082031
51.113281 29.441406 63.082031
51.113281 31.667969 63.082031
51.113281 33.894531 63.082031
51.113281 38.347656 63.082031
51.113281 -1.730469 65.308594
51.113281 0.496094 65.308594
51.113281 2.722656 65.308594
51.113281 4.949219 65.308594
51.113281 7.175781 65.308594
51.113281 13.855469 65.308594
51.113281 16.082031 65.308594
51.113281 18.308594 65.308594
51.113281 20.535156 65.308594
51.113281 27.214844 65.308594
51.113281 29.441406 65.308594
51.113281 31.667969 65.308594
51.113281 33.894531 65.308594
51.113281 38.347656 65.308594
51.113281 -1.730469 67.535156
51.113281 0.496094 67.535156
51.113281 2.722656 67.535156
51.113281 4.949219 67.535156
51.113281 7.175781 67.535156
51.113281 9.402344 67.535156
51.113281 11.628906 67.535156
51.113281 13.855469 67.535156
51.113281 16.082031 67.535156
51.113281 18.308594 67.535156
51.113281 20.535156 67.535156
51.113281 22.761719 67.535156
51.113281 24.988281 67.535156
51.113281 27.214844 67.535156
51.113281 29.441406 67.535156
51.113281 31.667969 67.535156
51.113281 33.894531 67.535156
51.113281 36.121094 67.535156
51.113281 38.347656 67.535156
53.339844 -1.730469 47.496094
53.339844 0.496094 47.496094
53.339844 2.722656 47.496094
53.339844 4.949219 47.496094
53.339844 7.175781 47.496094
53.339844 9.402344 47.496094
53.339844 11.628906 47.496094
53.339844 13.855469 47.496094
53.339844 16.082031 47.496094
53.339844 18.308594 47.496094
53.339844 20.535156 47.496094
53.339844 22.761719 47.496094
53.339844 24.988281 47.496094
53.339844 27.214844 47.496094
53.339844 29.441406 47.496094
53.339844 31.667969 47.496094
53.339844 33.894531 47.496094
53.339844 36.121094 47.496094
53.339844 38.347656 47.496094
53.339844 -1.730469 49.722656
53.339844 38.347656 49.722656
53.339844 -1.730469 51.949219
53.339844 38.347656 51.949219
53.339844 -1.730469 54.175781
53.339844 38.347656 54.175781
53.339844 -1.730469 56.402344
53.339844 38.347656 56.402344
53.339844 -1.730469 58.628906
53.339844 9.402344 58.628906
53.339844 11.628906 58.628906
53.339844 22.761719 58.628906
53.339844 24.988281 58.628906
53.339844 38.347656 58.628906
53.339844 -1.730469 60.855469
53.339844 9.402344 60.855469
53.339844 11.628906 60.855469
53.339844 22.761719 60.855469
53.339844 24.988281 60.855469
53.339844 38.347656 60.855469
53.339844 -1.730469 63.082031
53.339844 9.402344 63.082031
53.339844 11.628906 63.082031
53.339844 22.761719 63.082031
53.339844 24.988281 63.082031
53.339844 38.347656 63.082031
53.339844 -1.730469 65.308594
53.339844 9.402344 65.308594
53.339844 11.628906 65.308594
53.339844 22.761719 65.308594
53.339844 24.988281 65.308594
53.339844 38.347656 65.308594
53.339844 -1.730469 67.535156
53.339844 0.496094 67.535156
53.339844 2.722656 67.535156
53.339844 4.949219 67.535156
53.339844 7.175781 67.535156
53.339844 9.402344 67.535156
53.339844 11.628906 67.535156
53.339844 13.855469 67.535156
53.339844 16.082031 67.535156
53.339844 18.308594 67.535156
53.339844 20.535156 67.535156
53.339844 22.761719 67.535156
53.339844 24.988281 67.535156
53.339844 27.214844 67.535156
53.339844 29.441406 67.535156
53.339844 31.667969 67.535156
53.339844 33.894531 67.535156
53.339844 36.121094 67.535156
53.339844 38.347656 67.535156
55.566406 -1.730469 47.496094
55.566406 0.496094 47.496094
55.566406 2.722656 47.496094
55.566406 4.949219 47.496094
55.566406 7.175781 47.496094
55.566406 9.402344 47.496094
55.566406 11.628906 47.496094
55.566406 13.855469 47.496094
55.566406 16.082031 47.496094
55.566406 18.308594 47.496094
55.566406 20.535156 47.496094
55.566406 22.761719 47.496094
55.566406 24.988281 47.496094
55.566406 27.214844 47.496094
55.566406 29.441406 47.496094
55.566406 31.667969 47.496094
55.566406 33.894531 47.496094
55.566406 36.121094 47.496094
55.566406 38.347656 47.496094
55.566406 -1.730469 49.722656
55.566406 0.496094 49.722656
55.566406 2.722656 49.722656
55.566406 4.949219 49.722656
55.566406 7.175781 49.722656
55.566406 9.402344 49.722656
55.566406 11.628906 49.722656
55.566406 13.855469 49.722656
55.566406 16.082031 49.722656
55.566406 18.308594 49.722656
55.566406 20.535156 49.722656
55.566406 22.761719 49.722656
55.566406 24.988281 49.722656
55.566406 27.214844 49.722656
55.566406 29.441406 49.722656
55.566406 31.667969 49.722656
55.566406 33.894531 49.722656
55.566406 36.121094 49.722656
55.566406 38.347656 49.722656
55.566406 -1.730469 51.949219
55.566406 0.496094 51.949219
55.566406 2.722656 51.949219
55.566406 4.949219 51.949219
55.566406 7.175781 51.949219
55.566406 9.402344 51.949219
55.566406 11.628906 51.949219
55.566406 13.855469 51.949219
55.566406 16.082031 51.949219
55.566406 18.308594 51.949219
55.566406 20.535156 51.949219
55.566406 22.761719 51.949219
55.566406 24.988281 51.949219
55.566406 27.214844 51.949219
55.566406 29.441406 51.949219
55.566406 31.667969 51.949219
55.566406 33.894531 51.949219
55.566406 36.121094 51.949219
55.566406 38.347656 51.949219
55.566406 -1.730469 54.175781
55.566406 0.496094 54.175781
55.566406 2.722656 54.175781
55.566406 4.949219 54.175781
55.566406 7.175781 54.175781
55.566406 9.402344 54.175781
55.566406 11.628906 54.175781
55.566406 13.855469 54.175781
55.566406 16.082031 54.175781
55.566406 18.308594 54.175781
55.566406 20.535156 54.175781
55.566406 22.761719 54.175781
55.566406 24.988281 54.175781
55.566406 27.214844 54.175781
55.566406 29.441406 54.175781
55.566406 31.667969 54.175781
55.566406 33.894531 54.175781
55.566406 36.121094 54.175781
55.566406 38.347656 54.175781
55.566406 -1.730469 56.402344
55.566406 0.496094 56.402344
55.566406 2.722656 56.402344
55.566406 4.949219 56.402344
55.566406 7.175781 56.402344
55.566406 9.402344 56.402344
55.566406 11.628906 56.402344
55.566406 13.855469 56.402344
55.566406 16.082031 56.402344
55.566406 18.308594 56.402344
55.566406 20.535156 56.402344
55.566406 22.761719 56.402344
55.566406 24.988281 56.402344
55.566406 27.214844 56.402344
55.566406 29.441406 56.402344
55.566406 31.667969 56.402344
55.566406 33.894531 56.402344
55.566406 36.121094 56.402344
55.566406 38.347656 56.402344
55.566406 -1.730469 58.628906
55.566406 0.496094 58.628906
55.566406 2.722656 58.628906
55.566406 4.949219 58.628906
55.566406 7.175781 58.628906
55.566406 9.402344 58.628906
55.566406 11.628906 58.628906
55.566406 13.855469 58.628906
55.566406 16.082031 58.628906
55.566406 18.308594 58.628906
55.566406 20.535156 58.628906
55.566406 22.761719 58.628906
55.566406 24.988281 58.628906
55.566406 27.214844 58.628906
55.566406 29.441406 58.628906
55.566406 31.667969 58.628906
55.566406 33.894531 58.628906
55.566406 36.121094 58.628906
55.566406 38.347656 58.628906
55.566406 -1.730469 60.855469
55.566406 9.402344 60.855469
55.566406 11.628906 60.855469
55.566406 22.761719 60.855469
55.566406 24.988281 60.855469
55.566406 38.347656 60.855469
55.566406 -1.730469 63.082031
55.566406 9.402344 63.082031
55.566406 11.628906 63.082031
55.566406 22.761719 63.082031
55.566406 24.988281 63.082031
55.566406 38.347656 63.082031
55.566406 -1.730469 65.308594
55.566406 9.402344 65.308594
55.566406 11.628906 65.308594
55.566406 22.761719 65.308594
55.566406 24.988281 65.308594
55.566406 38.347656 65.308594
55.566406 -1.730469 67.535156
55.566406 0.496094 67.535156
55.566406 2.722656 67.535156
55.566406 4.949219 67.535156
55.566406 7.175781 67.535156
55.566406 9.402344 67.535156
55.566406 11.628906 67.535156
55.566406 13.855469 67.535156
55.566406 16.082031 67.535156
55.566406 18.308594 67.535156
55.566406 20.535156 67.535156
55.566406 22.761719 67.535156
55.566406 24.988281 67.535156
55.566406 27.214844 67.535156
55.566406 29.441406 67.535156
55.566406 31.667969 67.535156
55.566406 33.894531 67.535156
55.566406 36.121094 67.535156
55.566406 38.347656 67.535156
57.792969 -1.730469 58.628906
57.792969 0.496094 58.628906
57.792969 2.722656 58.628906
57.792969 4.949219 58.628906
57.792969 7.175781 58.628906
57.792969 9.402344 58.628906
57.792969 11.628906 58.628906
57.792969 13.855469 58.628906
57.792969 16.082031 58.628906
57.792969 18.308594 58.628906
57.792969 20.535156 58.628906
57.792969 22.761719 58.628906
57.792969 24.988281 58.628906
57.792969 27.214844 58.628906
57.792969 29.441406 58.628906
57.792969 31.667969 58.628906
57.792969 33.894531 58.628906
57.792969 36.121094 58.628906
57.792969 38.347656 58.628906
57.792969 -1.730469 60.855469
57.792969 38.347656 60.855469
57.792969 -1.730469 63.082031
57.792969 38.347656 63.082031
57.792969 -1.730469 65.308594
57.792969 38.347656 65.308594
57.792969 -1.730469 67.535156
57.792969 0.496094 67.535156
57.792969 2.722656 67.535156
57.792969 4.949219 67.535156
57.792969 7.175781 67.535156
57.792969 9.402344 67.535156
57.792969 11.628906 67.535156
57.792969 13.855469 67.535156
57.792969 16.082031 67.535156
57.792969 18.308594 67.535156
57.792969 20.535156 67.535156
57.792969 22.761719 67.535156
57.792969 24.988281 67.535156
57.792969 27.214844 67.535156
57.792969 29.441406 67.535156
57.792969 31.667969 67.535156
57.792969 33.894531 67.535156
57.792969 36.121094 67.535156
57.792969 38.347656 67.535156
60.019531 -1.730469 58.628906
60.019531 0.496094 58.628906
60.019531 2.722656 58.628906
60.019531 4.949219 58.628906
60.019531 7.175781 58.628906
60.019531 9.402344 58.628906
60.019531 11.628906 58.628906
60.019531 13.855469 58.628906
60.019531 16.082031 58.628906
60.019531 18.308594 58.628906
60.019531 20.535156 58.628906
60.019531 22.761719 58.628906
60.019531 24.988281 58.628906
60.019531 27.214844 58.628906
60.019531 29.441406 58.628906
60.019531 31.667969 58.628906
60.019531 33.894531 58.628906
60.019531 36.121094 58.628906
60.019531 38.347656 58.628906
60.019531 -1.730469 60.855469
60.019531 0.496094 60.855469
60.019531 2.722656 60.855469
60.019531 4.949219 60.855469
60.019531 7.175781 60.855469
60.019531 9.402344 60.855469
60.019531 11.628906 60.855469
60.019531 13.855469 60.855469
60.019531 16.082031 60.855469
60.019531 18.308594 60.855469
60.019531 20.535156 60.855469
60.019531 22.761719 60.855469
60.019531 24.988281 60.855469
60.019531 27.214844 60.855469
60.019531 29.441406 60.855469
60.019531 31.667969 60.855469
60.019531 33.894531 60.855469
60.019531 36.121094 60.855469
60.019531 38.347656 60.855469
60.019531 -1.730469 63.082031
60.019531 0.496094 63.082031
60.019531 2.722656 63.082031
60.019531 4.949219 63.082031
60.019531 7.175781 63.082031
60.019531 9.402344 63.082031
60.019531 11.628906 63.082031
60.019531 13.855469 63.082031
60.019531 16.082031 63.082031
60.019531 18.308594 63.082031
60.019531 20.535156 63.082031
60.019531 22.761719 63.082031
60.019531 24.988281 63.082031
60.019531 27.214844 63.082031
60.019531 29.441406 63.082031
60.019531 31.667969 63.082031
60.019531 33.894531 63.082031
60.019531 36.121094 63.082031
60.019531 38.347656 63.082031
60.019531 -1.730469 65.308594
60.019531 0.496094 65.308594
60.019531 2.722656 65.308594
60.019531 4.949219 65.308594
60.019531 7.175781 65.308594
60.019531 9.402344 65.308594
60.019531 11.628906 65.308594
60.019531 13.855469 65.308594
60.019531 16.082031 65.308594
60.019531 18.308594 65.308594
60.019531 20.535156 65.308594
60.019531 22.761719 65.308594
60.019531 24.988281 65.308594
60.019531 27.214844 65.308594
60.019531 29.441406 65.308594
60.019531 31.667969 65.308594
60.019531 33.894531 65.308594
60.019531 36.121094 65.308594
60.019531 38.347656 65.308594
60.019531 -1.730469 67.535156
60.019531 0.496094 67.535156
60.019531 2.722656 67.535156
60.019531 4.949219 67.535156
60.019531 7.175781 67.535156
60.019531 9.402344 67.535156
60.019531 11.628906 67.535156
60.019531 13.855469 67.535156
60.019531 16.082031 67.535156
60.019531 18.308594 67.535156
60.019531 20.535156 67.535156
60.019531 22.761719 67.535156
60.019531 24.988281 67.535156
60.019531 27.214844 67.535156
60.019531 29.441406 67.535156
60.019531 31.667969 67.535156
60.019531 33.894531 67.535156
60.019531 36.121094 67.535156
60.019531 38.347656 67.535156
