4.355469 2.722656 23.003906
4.355469 4.949219 23.003906
4.355469 7.175781 23.003906
4.355469 9.402344 23.003906
4.355469 24.988281 23.003906
4.355469 27.214844 23.003906
4.355469 29.441406 23.003906
4.355469 31.667969 23.003906
4.355469 0.496094 25.230469
4.355469 2.722656 25.230469
4.355469 4.949219 25.230469
4.355469 7.175781 25.230469
4.355469 9.402344 25.230469
4.355469 11.628906 25.230469
4.355469 22.761719 25.230469
4.355469 24.988281 25.230469
4.355469 27.214844 25.230469
4.355469 29.441406 25.230469
4.355469 31.667969 25.230469
4.355469 33.894531 25.230469
4.355469 0.496094 27.457031
4.355469 2.722656 27.457031
4.355469 4.949219 27.457031
4.355469 7.175781 27.457031
4.355469 9.402344 27.457031
4.355469 11.628906 27.457031
4.355469 22.761719 27.457031
4.355469 24.988281 27.457031
4.355469 27.214844 27.457031
4.355469 29.441406 27.457031
4.355469 31.667969 27.457031
4.355469 33.894531 27.457031
4.355469 0.496094 29.683594
4.355469 2.722656 29.683594
4.355469 4.949219 29.683594
4.355469 7.175781 29.683594
4.355469 9.402344 29.683594
4.355469 11.628906 29.683594
4.355469 22.761719 29.683594
4.355469 24.988281 29.683594
4.355469 27.214844 29.683594
4.355469 29.441406 29.683594
4.355469 31.667969 29.683594
4.355469 33.894531 29.683594
4.355469 0.496094 31.910156
4.355469 2.722656 31.910156
4.355469 4.949219 31.910156
4.355469 7.175781 31.910156
4.355469 9.402344 31.910156
4.355469 11.628906 31.910156
4.355469 22.761719 31.910156
4.355469 24.988281 31.910156
4.355469 27.214844 31.910156
4.355469 29.441406 31.910156
4.355469 31.667969 31.910156
4.355469 33.894531 31.910156
4.355469 0.496094 34.136719
4.355469 2.722656 34.136719
4.355469 4.949219 34.136719
4.355469 7.175781 34.136719
4.355469 9.402344 34.136719
4.355469 11.628906 34.136719
4.355469 22.761719 34.136719
4.355469 24.988281 34.136719
4.355469 27.214844 34.136719
4.355469 29.441406 34.136719
4.355469 31.667969 34.136719
4.355469 33.894531 34.136719
4.355469 0.496094 36.363281
4.355469 2.722656 36.363281
4.355469 7.175781 36.363281
4.355469 9.402344 36.363281
4.355469 11.628906 36.363281
4.355469 13.855469 36.363281
4.355469 16.082031 36.363281
4.355469 18.308594 36.363281
4.355469 20.535156 36.363281
4.355469 22.761719 36.363281
4.355469 24.988281 36.363281
4.355469 27.214844 36.363281
4.355469 31.667969 36.363281
4.355469 33.894531 36.363281
4.355469 0.496094 38.589844
4.355469 2.722656 38.589844
4.355469 4.949219 38.589844
4.355469 7.175781 38.589844
4.355469 9.402344 38.589844
4.355469 11.628906 38.589844
4.355469 13.855469 38.589844
4.355469 16.082031 38.589844
4.355469 18.308594 38.589844
4.355469 20.535156 38.589844
4.355469 22.761719 38.589844
4.355469 24.988281 38.589844
4.355469 27.214844 38.589844
4.355469 29.441406 38.589844
4.355469 31.667969 38.589844
4.355469 33.894531 38.589844
4.355469 0.496094 40.816406
4.355469 2.722656 40.816406
4.355469 4.949219 40.816406
4.355469 7.175781 40.816406
4.355469 9.402344 40.816406
4.355469 11.628906 40.816406
4.355469 13.855469 40.816406
4.355469 16.082031 40.816406
4.355469 18.308594 40.816406
4.355469 20.535156 40.816406
4.355469 22.761719 40.816406
4.355469 24.988281 40.816406
4.355469 27.214844 40.816406
4.355469 29.441406 40.816406
4.355469 31.667969 40.816406
4.355469 33.894531 40.816406
4.355469 0.496094 43.042969
4.355469 2.722656 43.042969
4.355469 4.949219 43.042969
4.355469 7.175781 43.042969
4.355469 9.402344 43.042969
4.355469 11.628906 43.042969
4.355469 13.855469 43.042969
4.355469 16.082031 43.042969
4.355469 18.308594 43.042969
4.355469 20.535156 43.042969
4.355469 22.761719 43.042969
4.355469 24.988281 43.042969
4.355469 27.214844 43.042969
4.355469 29.441406 43.042969
4.355469 31.667969 43.042969
4.355469 33.894531 43.042969
6.582031 2.722656 23.003906
6.582031 4.949219 23.003906
6.582031 7.175781 23.003906
6.582031 9.402344 23.003906
6.582031 24.988281 23.003906
6.582031 27.214844 23.003906
6.582031 29.441406 23.003906
6.582031 31.667969 23.003906
6.582031 0.496094 25.230469
6.582031 2.722656 25.230469
6.582031 9.402344 25.230469
6.582031 11.628906 25.230469
6.582031 22.761719 25.230469
6.582031 24.988281 25.230469
6.582031 31.667969 25.230469
6.582031 33.894531 25.230469
6.582031 0.496094 27.457031
6.582031 11.628906 27.457031
6.582031 22.761719 27.457031
6.582031 33.894531 27.457031
6.582031 0.496094 29.683594
6.582031 11.628906 29.683594
6.582031 22.761719 29.683594
6.582031 33.894531 29.683594
6.582031 0.496094 31.910156
6.582031 2.722656 31.910156
6.582031 11.628906 31.910156
6.582031 22.761719 31.910156
6.582031 24.988281 31.910156
6.582031 33.894531 31.910156
6.582031 0.496094 34.136719
6.582031 2.722656 34.136719
6.582031 4.949219 34.136719
6.582031 7.175781 34.136719
6.582031 11.628906 34.136719
6.582031 22.761719 34.136719
6.582031 24.988281 34.136719
6.582031 27.214844 34.136719
6.582031 29.441406 34.136719
6.582031 31.667969 34.136719
6.582031 33.894531 34.136719
6.582031 0.496094 36.363281
6.582031 2.722656 36.363281
6.582031 4.949219 36.363281
6.582031 7.175781 36.363281
6.582031 11.628906 36.363281
6.582031 13.855469 36.363281
6.582031 16.082031 36.363281
6.582031 18.308594 36.363281
6.582031 20.535156 36.363281
6.582031 22.761719 36.363281
6.582031 27.214844 36.363281
6.582031 29.441406 36.363281
6.582031 31.667969 36.363281
6.582031 33.894531 36.363281
6.582031 0.496094 38.589844
6.582031 2.722656 38.589844
6.582031 4.949219 38.589844
6.582031 7.175781 38.589844
6.582031 16.082031 38.589844
6.582031 18.308594 38.589844
6.582031 27.214844 38.589844
6.582031 29.441406 38.589844
6.582031 31.667969 38.589844
6.582031 33.894531 38.589844
6.582031 0.496094 40.816406
6.582031 16.082031 40.816406
6.582031 18.308594 40.816406
6.582031 33.894531 40.816406
6.582031 0.496094 43.042969
6.582031 2.722656 43.042969
6.582031 4.949219 43.042969
6.582031 7.175781 43.042969
6.582031 9.402344 43.042969
6.582031 11.628906 43.042969
6.582031 13.855469 43.042969
6.582031 16.082031 43.042969
6.582031 18.308594 43.042969
6.582031 20.535156 43.042969
6.582031 22.761719 43.042969
6.582031 24.988281 43.042969
6.582031 27.214844 43.042969
6.582031 29.441406 43.042969
6.582031 31.667969 43.042969
6.582031 33.894531 43.042969
6.582031 16.082031 45.269531
6.582031 18.308594 45.269531
6.582031 16.082031 47.496094
6.582031 18.308594 47.496094
8.808594 2.722656 23.003906
8.808594 4.949219 23.003906
8.808594 7.175781 23.003906
8.808594 9.402344 23.003906
8.808594 24.988281 23.003906
8.808594 27.214844 23.003906
8.808594 29.441406 23.003906
8.808594 31.667969 23.003906
8.808594 0.496094 25.230469
8.808594 2.722656 25.230469
8.808594 9.402344 25.230469
8.808594 11.628906 25.230469
8.808594 22.761719 25.230469
8.808594 24.988281 25.230469
8.808594 31.667969 25.230469
8.808594 33.894531 25.230469
8.808594 0.496094 27.457031
8.808594 11.628906 27.457031
8.808594 22.761719 27.457031
8.808594 33.894531 27.457031
8.808594 0.496094 29.683594
8.808594 11.628906 29.683594
8.808594 22.761719 29.683594
8.808594 33.894531 29.683594
8.808594 0.496094 31.910156
8.808594 2.722656 31.910156
8.808594 11.628906 31.910156
8.808594 22.761719 31.910156
8.808594 24.988281 31.910156
8.808594 33.894531 31.910156
8.808594 0.496094 34.136719
8.808594 2.722656 34.136719
8.808594 4.949219 34.136719
8.808594 11.628906 34.136719
8.808594 22.761719 34.136719
8.808594 24.988281 34.136719
8.808594 29.441406 34.136719
8.808594 31.667969 34.136719
8.808594 33.894531 34.136719
8.808594 0.496094 36.363281
8.808594 2.722656 36.363281
8.808594 4.949219 36.363281
8.808594 11.628906 36.363281
8.808594 13.855469 36.363281
8.808594 16.082031 36.363281
8.808594 18.308594 36.363281
8.808594 20.535156 36.363281
8.808594 22.761719 36.363281
8.808594 29.441406 36.363281
8.808594 31.667969 36.363281
8.808594 33.894531 36.363281
8.808594 0.496094 38.589844
8.808594 2.722656 38.589844
8.808594 4.949219 38.589844
8.808594 16.082031 38.589844
8.808594 18.308594 38.589844
8.808594 29.441406 38.589844
8.808594 31.667969 38.589844
8.808594 33.894531 38.589844
8.808594 0.496094 40.816406
8.808594 2.722656 40.816406
8.808594 4.949219 40.816406
8.808594 16.082031 40.816406
8.808594 18.308594 40.816406
8.808594 29.441406 40.816406
8.808594 31.667969 40.816406
8.808594 33.894531 40.816406
8.808594 0.496094 43.042969
8.808594 2.722656 43.042969
8.808594 4.949219 43.042969
8.808594 7.175781 43.042969
8.808594 9.402344 43.042969
8.808594 11.628906 43.042969
8.808594 13.855469 43.042969
8.808594 16.082031 43.042969
8.808594 18.308594 43.042969
8.808594 20.535156 43.042969
8.808594 22.761719 43.042969
8.808594 24.988281 43.042969
8.808594 27.214844 43.042969
8.808594 29.441406 43.042969
8.808594 31.667969 43.042969
8.808594 33.894531 43.042969
8.808594 13.855469 45.269531
8.808594 16.082031 45.269531
8.808594 18.308594 45.269531
8.808594 20.535156 45.269531
8.808594 13.855469 47.496094
8.808594 16.082031 47.496094
8.808594 18.308594 47.496094
8.808594 20.535156 47.496094
11.035156 2.722656 23.003906
11.035156 4.949219 23.003906
11.035156 7.175781 23.003906
11.035156 9.402344 23.003906
11.035156 24.988281 23.003906
11.035156 27.214844 23.003906
11.035156 29.441406 23.003906
11.035156 31.667969 23.003906
11.035156 0.496094 25.230469
11.035156 2.722656 25.230469
11.035156 9.402344 25.230469
11.035156 11.628906 25.230469
11.035156 22.761719 25.230469
11.035156 24.988281 25.230469
11.035156 31.667969 25.230469
11.035156 33.894531 25.230469
11.035156 0.496094 27.457031
11.035156 11.628906 27.457031
11.035156 22.761719 27.457031
11.035156 33.894531 27.457031
11.035156 0.496094 29.683594
11.035156 11.628906 29.683594
11.035156 22.761719 29.683594
11.035156 33.894531 29.683594
11.035156 0.496094 31.910156
11.035156 2.722656 31.910156
11.035156 11.628906 31.910156
11.035156 22.761719 31.910156
11.035156 24.988281 31.910156
11.035156 33.894531 31.910156
11.035156 0.496094 34.136719
11.035156 2.722656 34.136719
11.035156 4.949219 34.136719
11.035156 11.628906 34.136719
11.035156 22.761719 34.136719
11.035156 24.988281 34.136719
11.035156 29.441406 34.136719
11.035156 31.667969 34.136719
11.035156 33.894531 34.136719
11.035156 0.496094 36.363281
11.035156 2.722656 36.363281
11.035156 4.949219 36.363281
11.035156 11.628906 36.363281
11.035156 13.855469 36.363281
11.035156 16.082031 36.363281
11.035156 18.308594 36.363281
11.035156 20.535156 36.363281
11.035156 22.761719 36.363281
11.035156 29.441406 36.363281
11.035156 31.667969 36.363281
11.035156 33.894531 36.363281
11.035156 0.496094 38.589844
11.035156 2.722656 38.589844
11.035156 4.949219 38.589844
11.035156 16.082031 38.589844
11.035156 18.308594 38.589844
11.035156 29.441406 38.589844
11.035156 31.667969 38.589844
11.035156 33.894531 38.589844
11.035156 0.496094 40.816406
11.035156 2.722656 40.816406
11.035156 4.949219 40.816406
11.035156 16.082031 40.816406
11.035156 18.308594 40.816406
11.035156 29.441406 40.816406
11.035156 31.667969 40.816406
11.035156 33.894531 40.816406
11.035156 0.496094 43.042969
11.035156 2.722656 43.042969
11.035156 4.949219 43.042969
11.035156 7.175781 43.042969
11.035156 9.402344 43.042969
11.035156 11.628906 43.042969
11.035156 13.855469 43.042969
11.035156 20.535156 43.042969
11.035156 22.761719 43.042969
11.035156 24.988281 43.042969
11.035156 27.214844 43.042969
11.035156 29.441406 43.042969
11.035156 31.667969 43.042969
11.035156 33.894531 43.042969
11.035156 11.628906 45.269531
11.035156 13.855469 45.269531
11.035156 20.535156 45.269531
11.035156 22.761719 45.269531
11.035156 11.628906 47.496094
11.035156 13.855469 47.496094
11.035156 16.082031 47.496094
11.035156 18.308594 47.496094
11.035156 20.535156 47.496094
11.035156 22.761719 47.496094
13.261719 2.722656 23.003906
13.261719 4.949219 23.003906
13.261719 7.175781 23.003906
13.261719 9.402344 23.003906
13.261719 24.988281 23.003906
13.261719 27.214844 23.003906
13.261719 29.441406 23.003906
13.261719 31.667969 23.003906
13.261719 0.496094 25.230469
13.261719 2.722656 25.230469
13.261719 4.949219 25.230469
13.261719 7.175781 25.230469
13.261719 9.402344 25.230469
13.261719 11.628906 25.230469
13.261719 22.761719 25.230469
13.261719 24.988281 25.230469
13.261719 27.214844 25.230469
13.261719 29.441406 25.230469
13.261719 31.667969 25.230469
13.261719 33.894531 25.230469
13.261719 0.496094 27.457031
13.261719 2.722656 27.457031
13.261719 4.949219 27.457031
13.261719 7.175781 27.457031
13.261719 9.402344 27.457031
13.261719 11.628906 27.457031
13.261719 22.761719 27.457031
13.261719 24.988281 27.457031
13.261719 27.214844 27.457031
13.261719 29.441406 27.457031
13.261719 31.667969 27.457031
13.261719 33.894531 27.457031
13.261719 0.496094 29.683594
13.261719 2.722656 29.683594
13.261719 4.949219 29.683594
13.261719 7.175781 29.683594
13.261719 9.402344 29.683594
13.261719 11.628906 29.683594
13.261719 22.761719 29.683594
13.261719 24.988281 29.683594
13.261719 27.214844 29.683594
13.261719 29.441406 29.683594
13.261719 31.667969 29.683594
13.261719 33.894531 29.683594
13.261719 0.496094 31.910156
13.261719 2.722656 31.910156
13.261719 4.949219 31.910156
13.261719 7.175781 31.910156
13.261719 9.402344 31.910156
13.261719 11.628906 31.910156
13.261719 22.761719 31.910156
13.261719 24.988281 31.910156
13.261719 27.214844 31.910156
13.261719 29.441406 31.910156
13.261719 31.667969 31.910156
13.261719 33.894531 31.910156
13.261719 0.496094 34.136719
13.261719 2.722656 34.136719
13.261719 4.949219 34.136719
13.261719 7.175781 34.136719
13.261719 9.402344 34.136719
13.261719 11.628906 34.136719
13.261719 22.761719 34.136719
13.261719 24.988281 34.136719
13.261719 27.214844 34.136719
13.261719 29.441406 34.136719
13.261719 31.667969 34.136719
13.261719 33.894531 34.136719
13.261719 0.496094 36.363281
13.261719 2.722656 36.363281
13.261719 4.949219 36.363281
13.261719 7.175781 36.363281
13.261719 9.402344 36.363281
13.261719 11.628906 36.363281
13.261719 13.855469 36.363281
13.261719 16.082031 36.363281
13.261719 18.308594 36.363281
13.261719 20.535156 36.363281
13.261719 22.761719 36.363281
13.261719 24.988281 36.363281
13.261719 27.214844 36.363281
13.261719 29.441406 36.363281
13.261719 31.667969 36.363281
13.261719 33.894531 36.363281
13.261719 0.496094 38.589844
13.261719 2.722656 38.589844
13.261719 4.949219 38.589844
13.261719 7.175781 38.589844
13.261719 9.402344 38.589844
13.261719 11.628906 38.589844
13.261719 13.855469 38.589844
13.261719 16.082031 38.589844
13.261719 18.308594 38.589844
13.261719 20.535156 38.589844
13.261719 22.761719 38.589844
13.261719 24.988281 38.589844
13.261719 27.214844 38.589844
13.261719 29.441406 38.589844
13.261719 31.667969 38.589844
13.261719 33.894531 38.589844
13.261719 0.496094 40.816406
13.261719 2.722656 40.816406
13.261719 4.949219 40.816406
13.261719 7.175781 40.816406
13.261719 9.402344 40.816406
13.261719 11.628906 40.816406
13.261719 13.855469 40.816406
13.261719 16.082031 40.816406
13.261719 18.308594 40.816406
13.261719 20.535156 40.816406
13.261719 22.761719 40.816406
13.261719 24.988281 40.816406
13.261719 27.214844 40.816406
13.261719 29.441406 40.816406
13.261719 31.667969 40.816406
13.261719 33.894531 40.816406
13.261719 0.496094 43.042969
13.261719 2.722656 43.042969
13.261719 4.949219 43.042969
13.261719 7.175781 43.042969
13.261719 9.402344 43.042969
13.261719 11.628906 43.042969
13.261719 22.761719 43.042969
13.261719 24.988281 43.042969
13.261719 27.214844 43.042969
13.261719 29.441406 43.042969
13.261719 31.667969 43.042969
13.261719 33.894531 43.042969
13.261719 11.628906 45.269531
13.261719 22.761719 45.269531
13.261719 11.628906 47.496094
13.261719 13.855469 47.496094
13.261719 16.082031 47.496094
13.261719 18.308594 47.496094
13.261719 20.535156 47.496094
13.261719 22.761719 47.496094
15.488281 11.628906 40.816406
15.488281 13.855469 40.816406
15.488281 16.082031 40.816406
15.488281 18.308594 40.816406
15.488281 20.535156 40.816406
15.488281 22.761719 40.816406
15.488281 11.628906 43.042969
15.488281 13.855469 43.042969
15.488281 16.082031 43.042969
15.488281 18.308594 43.042969
15.488281 20.535156 43.042969
15.488281 22.761719 43.042969
15.488281 11.628906 45.269531
15.488281 13.855469 45.269531
15.488281 16.082031 45.269531
15.488281 18.308594 45.269531
15.488281 20.535156 45.269531
15.488281 22.761719 45.269531
15.488281 11.628906 47.496094
15.488281 13.855469 47.496094
15.488281 16.082031 47.496094
15.488281 18.308594 47.496094
15.488281 20.535156 47.496094
15.488281 22.761719 47.496094
