53.339844 13.855469 40.816406
53.339844 16.082031 40.816406
53.339844 18.308594 40.816406
53.339844 20.535156 40.816406
53.339844 13.855469 43.042969
53.339844 16.082031 43.042969
53.339844 18.308594 43.042969
53.339844 20.535156 43.042969
53.339844 13.855469 45.269531
53.339844 16.082031 45.269531
53.339844 18.308594 45.269531
53.339844 20.535156 45.269531
53.339844 13.855469 47.496094
53.339844 16.082031 47.496094
53.339844 18.308594 47.496094
53.339844 20.535156 47.496094
55.566406 2.722656 23.003906
55.566406 4.949219 23.003906
55.566406 7.175781 23.003906
55.566406 9.402344 23.003906
55.566406 24.988281 23.003906
55.566406 27.214844 23.003906
55.566406 29.441406 23.003906
55.566406 31.667969 23.003906
55.566406 0.496094 25.230469
55.566406 2.722656 25.230469
55.566406 4.949219 25.230469
55.566406 7.175781 25.230469
55.566406 9.402344 25.230469
55.566406 11.628906 25.230469
55.566406 22.761719 25.230469
55.566406 24.988281 25.230469
55.566406 27.214844 25.230469
55.566406 29.441406 25.230469
55.566406 31.667969 25.230469
55.566406 33.894531 25.230469
55.566406 0.496094 27.457031
55.566406 2.722656 27.457031
55.566406 4.949219 27.457031
55.566406 7.175781 27.457031
55.566406 9.402344 27.457031
55.566406 11.628906 27.457031
55.566406 22.761719 27.457031
55.566406 24.988281 27.457031
55.566406 27.214844 27.457031
55.566406 29.441406 27.457031
55.566406 31.667969 27.457031
55.566406 33.894531 27.457031
55.566406 0.496094 29.683594
55.566406 2.722656 29.683594
55.566406 4.949219 29.683594
55.566406 7.175781 29.683594
55.566406 9.402344 29.683594
55.566406 11.628906 29.683594
55.566406 22.761719 29.683594
55.566406 24.988281 29.683594
55.566406 27.214844 29.683594
55.566406 29.441406 29.683594
55.566406 31.667969 29.683594
55.566406 33.894531 29.683594
55.566406 0.496094 31.910156
55.566406 2.722656 31.910156
55.566406 4.949219 31.910156
55.566406 7.175781 31.910156
55.566406 9.402344 31.910156
55.566406 11.628906 31.910156
55.566406 22.761719 31.910156
55.566406 24.988281 31.910156
55.566406 27.214844 31.910156
55.566406 29.441406 31.910156
55.566406 31.667969 31.910156
55.566406 33.894531 31.910156
55.566406 0.496094 34.136719
55.566406 2.722656 34.136719
55.566406 4.949219 34.136719
55.566406 7.175781 34.136719
55.566406 9.402344 34.136719
55.566406 11.628906 34.136719
55.566406 22.761719 34.136719
55.566406 24.988281 34.136719
55.566406 27.214844 34.136719
55.566406 29.441406 34.136719
55.566406 31.667969 34.136719
55.566406 33.894531 34.136719
55.566406 0.496094 36.363281
55.566406 2.722656 36.363281
55.566406 4.949219 36.363281
55.566406 7.175781 36.363281
55.566406 9.402344 36.363281
55.566406 11.628906 36.363281
55.566406 13.855469 36.363281
55.566406 16.082031 36.363281
55.566406 18.308594 36.363281
55.566406 20.535156 36.363281
55.566406 22.761719 36.363281
55.566406 24.988281 36.363281
55.566406 27.214844 36.363281
55.566406 29.441406 36.363281
55.566406 31.667969 36.363281
55.566406 33.894531 36.363281
55.566406 0.496094 38.589844
55.566406 2.722656 38.589844
55.566406 4.949219 38.589844
55.566406 7.175781 38.589844
55.566406 9.402344 38.589844
55.566406 11.628906 38.589844
55.566406 13.855469 38.589844
55.566406 16.082031 38.589844
55.566406 18.308594 38.589844
55.566406 20.535156 38.589844
55.566406 22.761719 38.589844
55.566406 24.988281 38.589844
55.566406 27.214844 38.589844
55.566406 29.441406 38.589844
55.566406 31.667969 38.589844
55.566406 33.894531 38.589844
55.566406 0.496094 40.816406
55.566406 2.722656 40.816406
55.566406 4.949219 40.816406
55.566406 7.175781 40.816406
55.566406 9.402344 40.816406
55.566406 11.628906 40.816406
55.566406 13.855469 40.816406
55.566406 16.082031 40.816406
55.566406 18.308594 40.816406
55.566406 20.535156 40.816406
55.566406 22.761719 40.816406
55.566406 24.988281 40.816406
55.566406 27.214844 40.816406
55.566406 29.441406 40.816406
55.566406 31.667969 40.816406
55.566406 33.894531 40.816406
55.566406 0.496094 43.042969
55.566406 2.722656 43.042969
55.566406 4.949219 43.042969
55.566406 7.175781 43.042969
55.566406 9.402344 43.042969
55.566406 11.628906 43.042969
55.566406 13.855469 43.042969
55.566406 20.535156 43.042969
55.566406 22.761719 43.042969
55.566406 24.988281 43.042969
55.566406 27.214844 43.042969
55.566406 29.441406 43.042969
55.566406 31.667969 43.042969
55.566406 33.894531 43.042969
55.566406 11.628906 45.269531
55.566406 13.855469 45.269531
55.566406 20.535156 45.269531
55.566406 22.761719 45.269531
55.566406 11.628906 47.496094
55.566406 13.855469 47.496094
55.566406 16.082031 47.496094
55.566406 18.308594 47.496094
55.566406 20.535156 47.496094
55.566406 22.761719 47.496094
57.792969 2.722656 23.003906
57.792969 4.949219 23.003906
57.792969 7.175781 23.003906
57.792969 9.402344 23.003906
57.792969 24.988281 23.003906
57.792969 27.214844 23.003906
57.792969 29.441406 23.003906
57.792969 31.667969 23.003906
57.792969 0.496094 25.230469
57.792969 2.722656 25.230469
57.792969 9.402344 25.230469
57.792969 11.628906 25.230469
57.792969 22.761719 25.230469
57.792969 24.988281 25.230469
57.792969 31.667969 25.230469
57.792969 33.894531 25.230469
57.792969 0.496094 27.457031
57.792969 11.628906 27.457031
57.792969 22.761719 27.457031
57.792969 33.894531 27.457031
57.792969 0.496094 29.683594
57.792969 11.628906 29.683594
57.792969 22.761719 29.683594
57.792969 33.894531 29.683594
57.792969 0.496094 31.910156
57.792969 2.722656 31.910156
57.792969 11.628906 31.910156
57.792969 22.761719 31.910156
57.792969 24.988281 31.910156
57.792969 33.894531 31.910156
57.792969 0.496094 34.136719
57.792969 2.722656 34.136719
57.792969 4.949219 34.136719
57.792969 11.628906 34.136719
57.792969 22.761719 34.136719
57.792969 24.988281 34.136719
57.792969 29.441406 34.136719
57.792969 31.667969 34.136719
57.792969 33.894531 34.136719
57.792969 0.496094 36.363281
57.792969 2.722656 36.363281
57.792969 4.949219 36.363281
57.792969 11.628906 36.363281
57.792969 13.855469 36.363281
57.792969 16.082031 36.363281
57.792969 18.308594 36.363281
57.792969 20.535156 36.363281
57.792969 22.761719 36.363281
57.792969 29.441406 36.363281
57.792969 31.667969 36.363281
57.792969 33.894531 36.363281
57.792969 0.496094 38.589844
57.792969 2.722656 38.589844
57.792969 4.949219 38.589844
57.792969 16.082031 38.589844
57.792969 18.308594 38.589844
57.792969 29.441406 38.589844
57.792969 31.667969 38.589844
57.792969 33.894531 38.589844
57.792969 0.496094 40.816406
57.792969 16.082031 40.816406
57.792969 18.308594 40.816406
57.792969 33.894531 40.816406
57.792969 0.496094 43.042969
57.792969 2.722656 43.042969
57.792969 4.949219 43.042969
57.792969 7.175781 43.042969
57.792969 9.402344 43.042969
57.792969 11.628906 43.042969
57.792969 22.761719 43.042969
57.792969 24.988281 43.042969
57.792969 27.214844 43.042969
57.792969 29.441406 43.042969
57.792969 31.667969 43.042969
57.792969 33.894531 43.042969
57.792969 11.628906 45.269531
57.792969 22.761719 45.269531
57.792969 11.628906 47.496094
57.792969 13.855469 47.496094
57.792969 16.082031 47.496094
57.792969 18.308594 47.496094
57.792969 20.535156 47.496094
57.792969 22.761719 47.496094
60.019531 2.722656 23.003906
60.019531 4.949219 23.003906
60.019531 7.175781 23.003906
60.019531 9.402344 23.003906
60.019531 24.988281 23.003906
60.019531 27.214844 23.003906
60.019531 29.441406 23.003906
60.019531 31.667969 23.003906
60.019531 0.496094 25.230469
60.019531 2.722656 25.230469
60.019531 9.402344 25.230469
60.019531 11.628906 25.230469
60.019531 22.761719 25.230469
60.019531 24.988281 25.230469
60.019531 31.667969 25.230469
60.019531 33.894531 25.230469
60.019531 0.496094 27.457031
60.019531 11.628906 27.457031
60.019531 22.761719 27.457031
60.019531 33.894531 27.457031
60.019531 0.496094 29.683594
60.019531 11.628906 29.683594
60.019531 22.761719 29.683594
60.019531 33.894531 29.683594
60.019531 0.496094 31.910156
60.019531 2.722656 31.910156
60.019531 11.628906 31.910156
60.019531 22.761719 31.910156
60.019531 24.988281 31.910156
60.019531 33.894531 31.910156
60.019531 0.496094 34.136719
60.019531 2.722656 34.136719
60.019531 4.949219 34.136719
60.019531 11.628906 34.136719
60.019531 22.761719 34.136719
60.019531 24.988281 34.136719
60.019531 29.441406 34.136719
60.019531 31.667969 34.136719
60.019531 33.894531 34.136719
60.019531 0.496094 36.363281
60.019531 2.722656 36.363281
60.019531 4.949219 36.363281
60.019531 11.628906 36.363281
60.019531 13.855469 36.363281
60.019531 16.082031 36.363281
60.019531 18.308594 36.363281
60.019531 20.535156 36.363281
60.019531 22.761719 36.363281
60.019531 29.441406 36.363281
60.019531 31.667969 36.363281
60.019531 33.894531 36.363281
60.019531 0.496094 38.589844
60.019531 2.722656 38.589844
60.019531 4.949219 38.589844
60.019531 16.082031 38.589844
60.019531 18.308594 38.589844
60.019531 29.441406 38.589844
60.019531 31.667969 38.589844
60.019531 33.894531 38.589844
60.019531 0.496094 40.816406
60.019531 2.722656 40.816406
60.019531 4.949219 40.816406
60.019531 16.082031 40.816406
60.019531 18.308594 40.816406
60.019531 29.441406 40.816406
60.019531 31.667969 40.816406
60.019531 33.894531 40.816406
60.019531 0.496094 43.042969
60.019531 2.722656 43.042969
60.019531 4.949219 43.042969
60.019531 7.175781 43.042969
60.019531 9.402344 43.042969
60.019531 11.628906 43.042969
60.019531 13.855469 43.042969
60.019531 20.535156 43.042969
60.019531 22.761719 43.042969
60.019531 24.988281 43.042969
60.019531 27.214844 43.042969
60.019531 29.441406 43.042969
60.019531 31.667969 43.042969
60.019531 33.894531 43.042969
60.019531 11.628906 45.269531
60.019531 13.855469 45.269531
60.019531 20.535156 45.269531
60.019531 22.761719 45.269531
60.019531 11.628906 47.496094
60.019531 13.855469 47.496094
60.019531 16.082031 47.496094
60.019531 18.308594 47.496094
60.019531 20.535156 47.496094
60.019531 22.761719 47.496094
62.246094 2.722656 23.003906
62.246094 4.949219 23.003906
62.246094 7.175781 23.003906
62.246094 9.402344 23.003906
62.246094 24.988281 23.003906
62.246094 27.214844 23.003906
62.246094 29.441406 23.003906
62.246094 31.667969 23.003906
62.246094 0.496094 25.230469
62.246094 2.722656 25.230469
62.246094 9.402344 25.230469
62.246094 11.628906 25.230469
62.246094 22.761719 25.230469
62.246094 24.988281 25.230469
62.246094 31.667969 25.230469
62.246094 33.894531 25.230469
62.246094 0.496094 27.457031
62.246094 11.628906 27.457031
62.246094 22.761719 27.457031
62.246094 33.894531 27.457031
62.246094 0.496094 29.683594
62.246094 11.628906 29.683594
62.246094 22.761719 29.683594
62.246094 33.894531 29.683594
62.246094 0.496094 31.910156
62.246094 2.722656 31.910156
62.246094 11.628906 31.910156
62.246094 22.761719 31.910156
62.246094 24.988281 31.910156
62.246094 33.894531 31.910156
62.246094 0.496094 34.136719
62.246094 2.722656 34.136719
62.246094 4.949219 34.136719
62.246094 7.175781 34.136719
62.246094 11.628906 34.136719
62.246094 22.761719 34.136719
62.246094 24.988281 34.136719
62.246094 27.214844 34.136719
62.246094 29.441406 34.136719
62.246094 31.667969 34.136719
62.246094 33.894531 34.136719
62.246094 0.496094 36.363281
62.246094 2.722656 36.363281
62.246094 4.949219 36.363281
62.246094 7.175781 36.363281
62.246094 11.628906 36.363281
62.246094 13.855469 36.363281
62.246094 16.082031 36.363281
62.246094 18.308594 36.363281
62.246094 20.535156 36.363281
62.246094 22.761719 36.363281
62.246094 27.214844 36.363281
62.246094 29.441406 36.363281
62.246094 31.667969 36.363281
62.246094 33.894531 36.363281
62.246094 0.496094 38.589844
62.246094 2.722656 38.589844
62.246094 4.949219 38.589844
62.246094 7.175781 38.589844
62.246094 16.082031 38.589844
62.246094 18.308594 38.589844
62.246094 27.214844 38.589844
62.246094 29.441406 38.589844
62.246094 31.667969 38.589844
62.246094 33.894531 38.589844
62.246094 0.496094 40.816406
62.246094 2.722656 40.816406
62.246094 4.949219 40.816406
62.246094 16.082031 40.816406
62.246094 18.308594 40.816406
62.246094 29.441406 40.816406
62.246094 31.667969 40.816406
62.246094 33.894531 40.816406
62.246094 0.496094 43.042969
62.246094 2.722656 43.042969
62.246094 4.949219 43.042969
62.246094 7.175781 43.042969
62.246094 9.402344 43.042969
62.246094 11.628906 43.042969
62.246094 13.855469 43.042969
62.246094 16.082031 43.042969
62.246094 18.308594 43.042969
62.246094 20.535156 43.042969
62.246094 22.761719 43.042969
62.246094 24.988281 43.042969
62.246094 27.214844 43.042969
62.246094 29.441406 43.042969
62.246094 31.667969 43.042969
62.246094 33.894531 43.042969
62.246094 13.855469 45.269531
62.246094 16.082031 45.269531
62.246094 18.308594 45.269531
62.246094 20.535156 45.269531
62.246094 13.855469 47.496094
62.246094 16.082031 47.496094
62.246094 18.308594 47.496094
62.246094 20.535156 47.496094
64.472656 2.722656 23.003906
64.472656 4.949219 23.003906
64.472656 7.175781 23.003906
64.472656 9.402344 23.003906
64.472656 24.988281 23.003906
64.472656 27.214844 23.003906
64.472656 29.441406 23.003906
64.472656 31.667969 23.003906
64.472656 0.496094 25.230469
64.472656 2.722656 25.230469
64.472656 4.949219 25.230469
64.472656 7.175781 25.230469
64.472656 9.402344 25.230469
64.472656 11.628906 25.230469
64.472656 22.761719 25.230469
64.472656 24.988281 25.230469
64.472656 27.214844 25.230469
64.472656 29.441406 25.230469
64.472656 31.667969 25.230469
64.472656 33.894531 25.230469
64.472656 0.496094 27.457031
64.472656 2.722656 27.457031
64.472656 4.949219 27.457031
64.472656 7.175781 27.457031
64.472656 9.402344 27.457031
64.472656 11.628906 27.457031
64.472656 22.761719 27.457031
64.472656 24.988281 27.457031
64.472656 27.214844 27.457031
64.472656 29.441406 27.457031
64.472656 31.667969 27.457031
64.472656 33.894531 27.457031
64.472656 0.496094 29.683594
64.472656 2.722656 29.683594
64.472656 4.949219 29.683594
64.472656 7.175781 29.683594
64.472656 9.402344 29.683594
64.472656 11.628906 29.683594
64.472656 22.761719 29.683594
64.472656 24.988281 29.683594
64.472656 27.214844 29.683594
64.472656 29.441406 29.683594
64.472656 31.667969 29.683594
64.472656 33.894531 29.683594
64.472656 0.496094 31.910156
64.472656 2.722656 31.910156
64.472656 4.949219 31.910156
64.472656 7.175781 31.910156
64.472656 9.402344 31.910156
64.472656 11.628906 31.910156
64.472656 22.761719 31.910156
64.472656 24.988281 31.910156
64.472656 27.214844 31.910156
64.472656 29.441406 31.910156
64.472656 31.667969 31.910156
64.472656 33.894531 31.910156
64.472656 0.496094 34.136719
64.472656 2.722656 34.136719
64.472656 4.949219 34.136719
64.472656 7.175781 34.136719
64.472656 9.402344 34.136719
64.472656 11.628906 34.136719
64.472656 22.761719 34.136719
64.472656 24.988281 34.136719
64.472656 27.214844 34.136719
64.472656 29.441406 34.136719
64.472656 31.667969 34.136719
64.472656 33.894531 34.136719
64.472656 0.496094 36.363281
64.472656 2.722656 36.363281
64.472656 7.175781 36.363281
64.472656 9.402344 36.363281
64.472656 11.628906 36.363281
64.472656 13.855469 36.363281
64.472656 16.082031 36.363281
64.472656 18.308594 36.363281
64.472656 20.535156 36.363281
64.472656 22.761719 36.363281
64.472656 24.988281 36.363281
64.472656 27.214844 36.363281
64.472656 31.667969 36.363281
64.472656 33.894531 36.363281
64.472656 0.496094 38.589844
64.472656 2.722656 38.589844
64.472656 4.949219 38.589844
64.472656 7.175781 38.589844
64.472656 9.402344 38.589844
64.472656 11.628906 38.589844
64.472656 13.855469 38.589844
64.472656 16.082031 38.589844
64.472656 18.308594 38.589844
64.472656 20.535156 38.589844
64.472656 22.761719 38.589844
64.472656 24.988281 38.589844
64.472656 27.214844 38.589844
64.472656 29.441406 38.589844
64.472656 31.667969 38.589844
64.472656 33.894531 38.589844
64.472656 0.496094 40.816406
64.472656 2.722656 40.816406
64.472656 4.949219 40.816406
64.472656 7.175781 40.816406
64.472656 9.402344 40.816406
64.472656 11.628906 40.816406
64.472656 13.855469 40.816406
64.472656 16.082031 40.816406
64.472656 18.308594 40.816406
64.472656 20.535156 40.816406
64.472656 22.761719 40.816406
64.472656 24.988281 40.816406
64.472656 27.214844 40.816406
64.472656 29.441406 40.816406
64.472656 31.667969 40.816406
64.472656 33.894531 40.816406
64.472656 0.496094 43.042969
64.472656 2.722656 43.042969
64.472656 4.949219 43.042969
64.472656 7.175781 43.042969
64.472656 9.402344 43.042969
64.472656 11.628906 43.042969
64.472656 13.855469 43.042969
64.472656 16.082031 43.042969
64.472656 18.308594 43.042969
64.472656 20.535156 43.042969
64.472656 22.761719 43.042969
64.472656 24.988281 43.042969
64.472656 27.214844 43.042969
64.472656 29.441406 43.042969
64.472656 31.667969 43.042969
64.472656 33.894531 43.042969
