-20.136719 7.175781 0.738281
-20.136719 9.402344 0.738281
-20.136719 11.628906 0.738281
-20.136719 13.855469 0.738281
-20.136719 16.082031 0.738281
-20.136719 18.308594 0.738281
-20.136719 20.535156 0.738281
-20.136719 22.761719 0.738281
-20.136719 24.988281 0.738281
-20.136719 27.214844 0.738281
-20.136719 7.175781 2.964844
-20.136719 9.402344 2.964844
-20.136719 11.628906 2.964844
-20.136719 13.855469 2.964844
-20.136719 16.082031 2.964844
-20.136719 18.308594 2.964844
-20.136719 20.535156 2.964844
-20.136719 22.761719 2.964844
-20.136719 24.988281 2.964844
-20.136719 27.214844 2.964844
-20.136719 7.175781 5.191406
-20.136719 9.402344 5.191406
-20.136719 11.628906 5.191406
-20.136719 13.855469 5.191406
-20.136719 16.082031 5.191406
-20.136719 18.308594 5.191406
-20.136719 20.535156 5.191406
-20.136719 22.761719 5.191406
-20.136719 24.988281 5.191406
-20.136719 27.214844 5.191406
-20.136719 7.175781 7.417969
-20.136719 9.402344 7.417969
-20.136719 11.628906 7.417969
-20.136719 13.855469 7.417969
-20.136719 16.082031 7.417969
-20.136719 18.308594 7.417969
-20.136719 20.535156 7.417969
-20.136719 22.761719 7.417969
-20.136719 24.988281 7.417969
-20.136719 27.214844 7.417969
-20.136719 7.175781 9.644531
-20.136719 9.402344 9.644531
-20.136719 11.628906 9.644531
-20.136719 13.855469 9.644531
-20.136719 16.082031 9.644531
-20.136719 18.308594 9.644531
-20.136719 20.535156 9.644531
-20.136719 22.761719 9.644531
-20.136719 24.988281 9.644531
-20.136719 27.214844 9.644531
-20.136719 7.175781 11.871094
-20.136719 9.402344 11.871094
-20.136719 11.628906 11.871094
-20.136719 13.855469 11.871094
-20.136719 16.082031 11.871094
-20.136719 18.308594 11.871094
-20.136719 20.535156 11.871094
-20.136719 22.761719 11.871094
-20.136719 24.988281 11.871094
-20.136719 27.214844 11.871094
-20.136719 7.175781 14.097656
-20.136719 9.402344 14.097656
-20.136719 11.628906 14.097656
-20.136719 13.855469 14.097656
-20.136719 16.082031 14.097656
-20.136719 18.308594 14.097656
-20.136719 20.535156 14.097656
-20.136719 22.761719 14.097656
-20.136719 24.988281 14.097656
-20.136719 27.214844 14.097656
-20.136719 7.175781 16.324219
-20.136719 9.402344 16.324219
-20.136719 11.628906 16.324219
-20.136719 13.855469 16.324219
-20.136719 16.082031 16.324219
-20.136719 18.308594 16.324219
-20.136719 20.535156 16.324219
-20.136719 22.761719 16.324219
-20.136719 24.988281 16.324219
-20.136719 27.214844 16.324219
-20.136719 7.175781 18.550781
-20.136719 9.402344 18.550781
-20.136719 11.628906 18.550781
-20.136719 13.855469 18.550781
-20.136719 16.082031 18.550781
-20.136719 18.308594 18.550781
-20.136719 20.535156 18.550781
-20.136719 22.761719 18.550781
-20.136719 24.988281 18.550781
-20.136719 27.214844 18.550781
-20.136719 7.175781 20.777344
-20.136719 9.402344 20.777344
-20.136719 11.628906 20.777344
-20.136719 13.855469 20.777344
-20.136719 16.082031 20.777344
-20.136719 18.308594 20.777344
-20.136719 20.535156 20.777344
-20.136719 22.761719 20.777344
-20.136719 24.988281 20.777344
-20.136719 27.214844 20.777344
-17.910156 7.175781 0.738281
-17.910156 9.402344 0.738281
-17.910156 11.628906 0.738281
-17.910156 13.855469 0.738281
-17.910156 16.082031 0.738281
-17.910156 18.308594 0.738281
-17.910156 20.535156 0.738281
-17.910156 22.761719 0.738281
-17.910156 24.988281 0.738281
-17.910156 27.214844 0.738281
-17.910156 7.175781 2.964844
-17.910156 27.214844 2.964844
-17.910156 7.175781 5.191406
-17.910156 27.214844 5.191406
-17.910156 7.175781 7.417969
-17.910156 27.214844 7.417969
-17.910156 7.175781 9.644531
-17.910156 27.214844 9.644531
-17.910156 7.175781 11.871094
-17.910156 27.214844 11.871094
-17.910156 7.175781 14.097656
-17.910156 27.214844 14.097656
-17.910156 7.175781 16.324219
-17.910156 27.214844 16.324219
-17.910156 7.175781 18.550781
-17.910156 27.214844 18.550781
-17.910156 7.175781 20.777344
-17.910156 9.402344 20.777344
-17.910156 11.628906 20.777344
-17.910156 13.855469 20.777344
-17.910156 16.082031 20.777344
-17.910156 18.308594 20.777344
-17.910156 20.535156 20.777344
-17.910156 22.761719 20.777344
-17.910156 24.988281 20.777344
-17.910156 27.214844 20.777344
-15.683594 7.175781 0.738281
-15.683594 9.402344 0.738281
-15.683594 11.628906 0.738281
-15.683594 13.855469 0.738281
-15.683594 16.082031 0.738281
-15.683594 18.308594 0.738281
-15.683594 20.535156 0.738281
-15.683594 22.761719 0.738281
-15.683594 24.988281 0.738281
-15.683594 27.214844 0.738281
-15.683594 7.175781 2.964844
-15.683594 27.214844 2.964844
-15.683594 7.175781 5.191406
-15.683594 27.214844 5.191406
-15.683594 7.175781 7.417969
-15.683594 27.214844 7.417969
-15.683594 7.175781 9.644531
-15.683594 27.214844 9.644531
-15.683594 7.175781 11.871094
-15.683594 27.214844 11.871094
-15.683594 7.175781 14.097656
-15.683594 27.214844 14.097656
-15.683594 7.175781 16.324219
-15.683594 27.214844 16.324219
-15.683594 7.175781 18.550781
-15.683594 27.214844 18.550781
-15.683594 7.175781 20.777344
-15.683594 9.402344 20.777344
-15.683594 11.628906 20.777344
-15.683594 13.855469 20.777344
-15.683594 16.082031 20.777344
-15.683594 18.308594 20.777344
-15.683594 20.535156 20.777344
-15.683594 22.761719 20.777344
-15.683594 24.988281 20.777344
-15.683594 27.214844 20.777344
-13.457031 7.175781 0.738281
-13.457031 9.402344 0.738281
-13.457031 11.628906 0.738281
-13.457031 13.855469 0.738281
-13.457031 16.082031 0.738281
-13.457031 18.308594 0.738281
-13.457031 20.535156 0.738281
-13.457031 22.761719 0.738281
-13.457031 24.988281 0.738281
-13.457031 27.214844 0.738281
-13.457031 7.175781 2.964844
-13.457031 27.214844 2.964844
-13.457031 7.175781 5.191406
-13.457031 27.214844 5.191406
-13.457031 7.175781 7.417969
-13.457031 27.214844 7.417969
-13.457031 7.175781 9.644531
-13.457031 27.214844 9.644531
-13.457031 7.175781 11.871094
-13.457031 27.214844 11.871094
-13.457031 7.175781 14.097656
-13.457031 27.214844 14.097656
-13.457031 7.175781 16.324219
-13.457031 27.214844 16.324219
-13.457031 7.175781 18.550781
-13.457031 27.214844 18.550781
-13.457031 7.175781 20.777344
-13.457031 9.402344 20.777344
-13.457031 11.628906 20.777344
-13.457031 13.855469 20.777344
-13.457031 16.082031 20.777344
-13.457031 18.308594 20.777344
-13.457031 20.535156 20.777344
-13.457031 22.761719 20.777344
-13.457031 24.988281 20.777344
-13.457031 27.214844 20.777344
-11.230469 7.175781 0.738281
-11.230469 9.402344 0.738281
-11.230469 11.628906 0.738281
-11.230469 13.855469 0.738281
-11.230469 16.082031 0.738281
-11.230469 18.308594 0.738281
-11.230469 20.535156 0.738281
-11.230469 22.761719 0.738281
-11.230469 24.988281 0.738281
-11.230469 27.214844 0.738281
-11.230469 7.175781 2.964844
-11.230469 16.082031 2.964844
-11.230469 18.308594 2.964844
-11.230469 27.214844 2.964844
-11.230469 7.175781 5.191406
-11.230469 16.082031 5.191406
-11.230469 18.308594 5.191406
-11.230469 27.214844 5.191406
-11.230469 7.175781 7.417969
-11.230469 16.082031 7.417969
-11.230469 18.308594 7.417969
-11.230469 27.214844 7.417969
-11.230469 7.175781 9.644531
-11.230469 16.082031 9.644531
-11.230469 18.308594 9.644531
-11.230469 27.214844 9.644531
-11.230469 7.175781 11.871094
-11.230469 16.082031 11.871094
-11.230469 18.308594 11.871094
-11.230469 27.214844 11.871094
-11.230469 7.175781 14.097656
-11.230469 16.082031 14.097656
-11.230469 18.308594 14.097656
-11.230469 27.214844 14.097656
-11.230469 7.175781 16.324219
-11.230469 16.082031 16.324219
-11.230469 18.308594 16.324219
-11.230469 27.214844 16.324219
-11.230469 7.175781 18.550781
-11.230469 16.082031 18.550781
-11.230469 18.308594 18.550781
-11.230469 27.214844 18.550781
-11.230469 7.175781 20.777344
-11.230469 9.402344 20.777344
-11.230469 11.628906 20.777344
-11.230469 13.855469 20.777344
-11.230469 16.082031 20.777344
-11.230469 18.308594 20.777344
-11.230469 20.535156 20.777344
-11.230469 22.761719 20.777344
-11.230469 24.988281 20.777344
-11.230469 27.214844 20.777344
-9.003906 7.175781 0.738281
-9.003906 9.402344 0.738281
-9.003906 11.628906 0.738281
-9.003906 13.855469 0.738281
-9.003906 16.082031 0.738281
-9.003906 18.308594 0.738281
-9.003906 20.535156 0.738281
-9.003906 22.761719 0.738281
-9.003906 24.988281 0.738281
-9.003906 27.214844 0.738281
-9.003906 7.175781 2.964844
-9.003906 16.082031 2.964844
-9.003906 18.308594 2.964844
-9.003906 27.214844 2.964844
-9.003906 7.175781 5.191406
-9.003906 16.082031 5.191406
-9.003906 18.308594 5.191406
-9.003906 27.214844 5.191406
-9.003906 7.175781 7.417969
-9.003906 16.082031 7.417969
-9.003906 18.308594 7.417969
-9.003906 27.214844 7.417969
-9.003906 7.175781 9.644531
-9.003906 16.082031 9.644531
-9.003906 18.308594 9.644531
-9.003906 27.214844 9.644531
-9.003906 7.175781 11.871094
-9.003906 16.082031 11.871094
-9.003906 18.308594 11.871094
-9.003906 27.214844 11.871094
-9.003906 7.175781 14.097656
-9.003906 16.082031 14.097656
-9.003906 18.308594 14.097656
-9.003906 27.214844 14.097656
-9.003906 7.175781 16.324219
-9.003906 16.082031 16.324219
-9.003906 18.308594 16.324219
-9.003906 27.214844 16.324219
-9.003906 7.175781 18.550781
-9.003906 16.082031 18.550781
-9.003906 18.308594 18.550781
-9.003906 27.214844 18.550781
-9.003906 7.175781 20.777344
-9.003906 9.402344 20.777344
-9.003906 11.628906 20.777344
-9.003906 13.855469 20.777344
-9.003906 16.082031 20.777344
-9.003906 18.308594 20.777344
-9.003906 20.535156 20.777344
-9.003906 22.761719 20.777344
-9.003906 24.988281 20.777344
-9.003906 27.214844 20.777344
-6.777344 7.175781 0.738281
-6.777344 9.402344 0.738281
-6.777344 11.628906 0.738281
-6.777344 13.855469 0.738281
-6.777344 16.082031 0.738281
-6.777344 18.308594 0.738281
-6.777344 20.535156 0.738281
-6.777344 22.761719 0.738281
-6.777344 24.988281 0.738281
-6.777344 27.214844 0.738281
-6.777344 7.175781 2.964844
-6.777344 9.402344 2.964844
-6.777344 11.628906 2.964844
-6.777344 13.855469 2.964844
-6.777344 16.082031 2.964844
-6.777344 27.214844 2.964844
-6.777344 7.175781 5.191406
-6.777344 9.402344 5.191406
-6.777344 11.628906 5.191406
-6.777344 13.855469 5.191406
-6.777344 16.082031 5.191406
-6.777344 27.214844 5.191406
-6.777344 7.175781 7.417969
-6.777344 9.402344 7.417969
-6.777344 11.628906 7.417969
-6.777344 13.855469 7.417969
-6.777344 16.082031 7.417969
-6.777344 27.214844 7.417969
-6.777344 7.175781 9.644531
-6.777344 27.214844 9.644531
-6.777344 7.175781 11.871094
-6.777344 27.214844 11.871094
-6.777344 7.175781 14.097656
-6.777344 9.402344 14.097656
-6.777344 11.628906 14.097656
-6.777344 13.855469 14.097656
-6.777344 16.082031 14.097656
-6.777344 27.214844 14.097656
-6.777344 7.175781 16.324219
-6.777344 9.402344 16.324219
-6.777344 11.628906 16.324219
-6.777344 13.855469 16.324219
-6.777344 16.082031 16.324219
-6.777344 27.214844 16.324219
-6.777344 7.175781 18.550781
-6.777344 27.214844 18.550781
-6.777344 7.175781 20.777344
-6.777344 9.402344 20.777344
-6.777344 11.628906 20.777344
-6.777344 13.855469 20.777344
-6.777344 16.082031 20.777344
-6.777344 18.308594 20.777344
-6.777344 20.535156 20.777344
-6.777344 22.761719 20.777344
-6.777344 24.988281 20.777344
-6.777344 27.214844 20.777344
-4.550781 7.175781 0.738281
-4.550781 9.402344 0.738281
-4.550781 11.628906 0.738281
-4.550781 13.855469 0.738281
-4.550781 16.082031 0.738281
-4.550781 18.308594 0.738281
-4.550781 20.535156 0.738281
-4.550781 22.761719 0.738281
-4.550781 24.988281 0.738281
-4.550781 27.214844 0.738281
-4.550781 7.175781 2.964844
-4.550781 9.402344 2.964844
-4.550781 11.628906 2.964844
-4.550781 13.855469 2.964844
-4.550781 16.082031 2.964844
-4.550781 27.214844 2.964844
-4.550781 7.175781 5.191406
-4.550781 9.402344 5.191406
-4.550781 11.628906 5.191406
-4.550781 13.855469 5.191406
-4.550781 16.082031 5.191406
-4.550781 27.214844 5.191406
-4.550781 7.175781 7.417969
-4.550781 9.402344 7.417969
-4.550781 11.628906 7.417969
-4.550781 13.855469 7.417969
-4.550781 16.082031 7.417969
-4.550781 27.214844 7.417969
-4.550781 7.175781 9.644531
-4.550781 27.214844 9.644531
-4.550781 7.175781 11.871094
-4.550781 27.214844 11.871094
-4.550781 7.175781 14.097656
-4.550781 9.402344 14.097656
-4.550781 11.628906 14.097656
-4.550781 13.855469 14.097656
-4.550781 16.082031 14.097656
-4.550781 27.214844 14.097656
-4.550781 7.175781 16.324219
-4.550781 9.402344 16.324219
-4.550781 11.628906 16.324219
-4.550781 13.855469 16.324219
-4.550781 16.082031 16.324219
-4.550781 27.214844 16.324219
-4.550781 7.175781 18.550781
-4.550781 27.214844 18.550781
-4.550781 7.175781 20.777344
-4.550781 9.402344 20.777344
-4.550781 11.628906 20.777344
-4.550781 13.855469 20.777344
-4.550781 16.082031 20.777344
-4.550781 18.308594 20.777344
-4.550781 20.535156 20.777344
-4.550781 22.761719 20.777344
-4.550781 24.988281 20.777344
-4.550781 27.214844 20.777344
-2.324219 7.175781 0.738281
-2.324219 9.402344 0.738281
-2.324219 11.628906 0.738281
-2.324219 13.855469 0.738281
-2.324219 16.082031 0.738281
-2.324219 18.308594 0.738281
-2.324219 20.535156 0.738281
-2.324219 22.761719 0.738281
-2.324219 24.988281 0.738281
-2.324219 27.214844 0.738281
-2.324219 7.175781 2.964844
-2.324219 27.214844 2.964844
-2.324219 7.175781 5.191406
-2.324219 9.402344 5.191406
-2.324219 11.628906 5.191406
-2.324219 13.855469 5.191406
-2.324219 16.082031 5.191406
-2.324219 27.214844 5.191406
-2.324219 7.175781 7.417969
-2.324219 27.214844 7.417969
-2.324219 7.175781 9.644531
-2.324219 27.214844 9.644531
-2.324219 7.175781 11.871094
-2.324219 27.214844 11.871094
-2.324219 7.175781 14.097656
-2.324219 9.402344 14.097656
-2.324219 11.628906 14.097656
-2.324219 13.855469 14.097656
-2.324219 16.082031 14.097656
-2.324219 27.214844 14.097656
-2.324219 7.175781 16.324219
-2.324219 9.402344 16.324219
-2.324219 11.628906 16.324219
-2.324219 13.855469 16.324219
-2.324219 16.082031 16.324219
-2.324219 27.214844 16.324219
-2.324219 7.175781 18.550781
-2.324219 27.214844 18.550781
-2.324219 7.175781 20.777344
-2.324219 9.402344 20.777344
-2.324219 11.628906 20.777344
-2.324219 13.855469 20.777344
-2.324219 16.082031 20.777344
-2.324219 18.308594 20.777344
-2.324219 20.535156 20.777344
-2.324219 22.761719 20.777344
-2.324219 24.988281 20.777344
-2.324219 27.214844 20.777344
-0.097656 7.175781 0.738281
-0.097656 9.402344 0.738281
-0.097656 11.628906 0.738281
-0.097656 13.855469 0.738281
-0.097656 16.082031 0.738281
-0.097656 18.308594 0.738281
-0.097656 20.535156 0.738281
-0.097656 22.761719 0.738281
-0.097656 24.988281 0.738281
-0.097656 27.214844 0.738281
-0.097656 7.175781 2.964844
-0.097656 27.214844 2.964844
-0.097656 7.175781 5.191406
-0.097656 27.214844 5.191406
-0.097656 7.175781 7.417969
-0.097656 27.214844 7.417969
-0.097656 7.175781 9.644531
-0.097656 27.214844 9.644531
-0.097656 7.175781 11.871094
-0.097656 27.214844 11.871094
-0.097656 7.175781 14.097656
-0.097656 27.214844 14.097656
-0.097656 7.175781 16.324219
-0.097656 27.214844 16.324219
-0.097656 7.175781 18.550781
-0.097656 27.214844 18.550781
-0.097656 7.175781 20.777344
-0.097656 9.402344 20.777344
-0.097656 11.628906 20.777344
-0.097656 13.855469 20.777344
-0.097656 16.082031 20.777344
-0.097656 18.308594 20.777344
-0.097656 20.535156 20.777344
-0.097656 22.761719 20.777344
-0.097656 24.988281 20.777344
-0.097656 27.214844 20.777344
2.128906 7.175781 0.738281
2.128906 9.402344 0.738281
2.128906 11.628906 0.738281
2.128906 13.855469 0.738281
2.128906 16.082031 0.738281
2.128906 18.308594 0.738281
2.128906 20.535156 0.738281
2.128906 22.761719 0.738281
2.128906 24.988281 0.738281
2.128906 27.214844 0.738281
2.128906 7.175781 2.964844
2.128906 27.214844 2.964844
2.128906 7.175781 5.191406
2.128906 27.214844 5.191406
2.128906 7.175781 7.417969
2.128906 27.214844 7.417969
2.128906 7.175781 9.644531
2.128906 27.214844 9.644531
2.128906 7.175781 11.871094
2.128906 27.214844 11.871094
2.128906 7.175781 14.097656
2.128906 27.214844 14.097656
2.128906 7.175781 16.324219
2.128906 27.214844 16.324219
2.128906 7.175781 18.550781
2.128906 27.214844 18.550781
2.128906 7.175781 20.777344
2.128906 9.402344 20.777344
2.128906 11.628906 20.777344
2.128906 13.855469 20.777344
2.128906 16.082031 20.777344
2.128906 18.308594 20.777344
2.128906 20.535156 20.777344
2.128906 22.761719 20.777344
2.128906 24.988281 20.777344
2.128906 27.214844 20.777344
4.355469 7.175781 0.738281
4.355469 9.402344 0.738281
4.355469 11.628906 0.738281
4.355469 13.855469 0.738281
4.355469 16.082031 0.738281
4.355469 18.308594 0.738281
4.355469 20.535156 0.738281
4.355469 22.761719 0.738281
4.355469 24.988281 0.738281
4.355469 27.214844 0.738281
4.355469 7.175781 2.964844
4.355469 27.214844 2.964844
4.355469 7.175781 5.191406
4.355469 27.214844 5.191406
4.355469 7.175781 7.417969
4.355469 27.214844 7.417969
4.355469 7.175781 9.644531
4.355469 27.214844 9.644531
4.355469 7.175781 11.871094
4.355469 27.214844 11.871094
4.355469 7.175781 14.097656
4.355469 27.214844 14.097656
4.355469 7.175781 16.324219
4.355469 27.214844 16.324219
4.355469 7.175781 18.550781
4.355469 27.214844 18.550781
4.355469 7.175781 20.777344
4.355469 9.402344 20.777344
4.355469 11.628906 20.777344
4.355469 13.855469 20.777344
4.355469 16.082031 20.777344
4.355469 18.308594 20.777344
4.355469 20.535156 20.777344
4.355469 22.761719 20.777344
4.355469 24.988281 20.777344
4.355469 27.214844 20.777344
6.582031 7.175781 0.738281
6.582031 9.402344 0.738281
6.582031 11.628906 0.738281
6.582031 13.855469 0.738281
6.582031 16.082031 0.738281
6.582031 18.308594 0.738281
6.582031 20.535156 0.738281
6.582031 22.761719 0.738281
6.582031 24.988281 0.738281
6.582031 27.214844 0.738281
6.582031 7.175781 2.964844
6.582031 27.214844 2.964844
6.582031 7.175781 5.191406
6.582031 27.214844 5.191406
6.582031 7.175781 7.417969
6.582031 27.214844 7.417969
6.582031 7.175781 9.644531
6.582031 27.214844 9.644531
6.582031 7.175781 11.871094
6.582031 27.214844 11.871094
6.582031 7.175781 14.097656
6.582031 27.214844 14.097656
6.582031 7.175781 16.324219
6.582031 27.214844 16.324219
6.582031 7.175781 18.550781
6.582031 27.214844 18.550781
6.582031 7.175781 20.777344
6.582031 9.402344 20.777344
6.582031 11.628906 20.777344
6.582031 13.855469 20.777344
6.582031 16.082031 20.777344
6.582031 18.308594 20.777344
6.582031 20.535156 20.777344
6.582031 22.761719 20.777344
6.582031 24.988281 20.777344
6.582031 27.214844 20.777344
8.808594 7.175781 0.738281
8.808594 9.402344 0.738281
8.808594 11.628906 0.738281
8.808594 13.855469 0.738281
8.808594 16.082031 0.738281
8.808594 18.308594 0.738281
8.808594 20.535156 0.738281
8.808594 22.761719 0.738281
8.808594 24.988281 0.738281
8.808594 27.214844 0.738281
8.808594 7.175781 2.964844
8.808594 27.214844 2.964844
8.808594 7.175781 5.191406
8.808594 27.214844 5.191406
8.808594 7.175781 7.417969
8.808594 27.214844 7.417969
8.808594 7.175781 9.644531
8.808594 27.214844 9.644531
8.808594 7.175781 11.871094
8.808594 27.214844 11.871094
8.808594 7.175781 14.097656
8.808594 27.214844 14.097656
8.808594 7.175781 16.324219
8.808594 27.214844 16.324219
8.808594 7.175781 18.550781
8.808594 27.214844 18.550781
8.808594 7.175781 20.777344
8.808594 9.402344 20.777344
8.808594 11.628906 20.777344
8.808594 13.855469 20.777344
8.808594 16.082031 20.777344
8.808594 18.308594 20.777344
8.808594 20.535156 20.777344
8.808594 22.761719 20.777344
8.808594 24.988281 20.777344
8.808594 27.214844 20.777344
11.035156 7.175781 0.738281
11.035156 9.402344 0.738281
11.035156 11.628906 0.738281
11.035156 13.855469 0.738281
11.035156 16.082031 0.738281
11.035156 18.308594 0.738281
11.035156 20.535156 0.738281
11.035156 22.761719 0.738281
11.035156 24.988281 0.738281
11.035156 27.214844 0.738281
11.035156 7.175781 2.964844
11.035156 27.214844 2.964844
11.035156 7.175781 5.191406
11.035156 27.214844 5.191406
11.035156 7.175781 7.417969
11.035156 27.214844 7.417969
11.035156 7.175781 9.644531
11.035156 27.214844 9.644531
11.035156 7.175781 11.871094
11.035156 27.214844 11.871094
11.035156 7.175781 14.097656
11.035156 27.214844 14.097656
11.035156 7.175781 16.324219
11.035156 27.214844 16.324219
11.035156 7.175781 18.550781
11.035156 27.214844 18.550781
11.035156 7.175781 20.777344
11.035156 9.402344 20.777344
11.035156 11.628906 20.777344
11.035156 13.855469 20.777344
11.035156 16.082031 20.777344
11.035156 18.308594 20.777344
11.035156 20.535156 20.777344
11.035156 22.761719 20.777344
11.035156 24.988281 20.777344
11.035156 27.214844 20.777344
13.261719 7.175781 0.738281
13.261719 9.402344 0.738281
13.261719 11.628906 0.738281
13.261719 13.855469 0.738281
13.261719 16.082031 0.738281
13.261719 18.308594 0.738281
13.261719 20.535156 0.738281
13.261719 22.761719 0.738281
13.261719 24.988281 0.738281
13.261719 27.214844 0.738281
13.261719 7.175781 2.964844
13.261719 27.214844 2.964844
13.261719 7.175781 5.191406
13.261719 27.214844 5.191406
13.261719 7.175781 7.417969
13.261719 27.214844 7.417969
13.261719 7.175781 9.644531
13.261719 27.214844 9.644531
13.261719 7.175781 11.871094
13.261719 27.214844 11.871094
13.261719 7.175781 14.097656
13.261719 27.214844 14.097656
13.261719 7.175781 16.324219
13.261719 27.214844 16.324219
13.261719 7.175781 18.550781
13.261719 27.214844 18.550781
13.261719 7.175781 20.777344
13.261719 9.402344 20.777344
13.261719 11.628906 20.777344
13.261719 13.855469 20.777344
13.261719 16.082031 20.777344
13.261719 18.308594 20.777344
13.261719 20.535156 20.777344
13.261719 22.761719 20.777344
13.261719 24.988281 20.777344
13.261719 27.214844 20.777344
15.488281 7.175781 0.738281
15.488281 9.402344 0.738281
15.488281 11.628906 0.738281
15.488281 13.855469 0.738281
15.488281 16.082031 0.738281
15.488281 18.308594 0.738281
15.488281 20.535156 0.738281
15.488281 22.761719 0.738281
15.488281 24.988281 0.738281
15.488281 27.214844 0.738281
15.488281 7.175781 2.964844
15.488281 27.214844 2.964844
15.488281 7.175781 5.191406
15.488281 27.214844 5.191406
15.488281 7.175781 7.417969
15.488281 27.214844 7.417969
15.488281 7.175781 9.644531
15.488281 27.214844 9.644531
15.488281 7.175781 11.871094
15.488281 27.214844 11.871094
15.488281 7.175781 14.097656
15.488281 27.214844 14.097656
15.488281 7.175781 16.324219
15.488281 27.214844 16.324219
15.488281 7.175781 18.550781
15.488281 27.214844 18.550781
15.488281 7.175781 20.777344
15.488281 9.402344 20.777344
15.488281 11.628906 20.777344
15.488281 13.855469 20.777344
15.488281 16.082031 20.777344
15.488281 18.308594 20.777344
15.488281 20.535156 20.777344
15.488281 22.761719 20.777344
15.488281 24.988281 20.777344
15.488281 27.214844 20.777344
17.714844 7.175781 0.738281
17.714844 9.402344 0.738281
17.714844 11.628906 0.738281
17.714844 13.855469 0.738281
17.714844 16.082031 0.738281
17.714844 18.308594 0.738281
17.714844 20.535156 0.738281
17.714844 22.761719 0.738281
17.714844 24.988281 0.738281
17.714844 27.214844 0.738281
17.714844 7.175781 2.964844
17.714844 16.082031 2.964844
17.714844 18.308594 2.964844
17.714844 27.214844 2.964844
17.714844 7.175781 5.191406
17.714844 16.082031 5.191406
17.714844 18.308594 5.191406
17.714844 27.214844 5.191406
17.714844 7.175781 7.417969
17.714844 16.082031 7.417969
17.714844 18.308594 7.417969
17.714844 27.214844 7.417969
17.714844 7.175781 9.644531
17.714844 16.082031 9.644531
17.714844 18.308594 9.644531
17.714844 27.214844 9.644531
17.714844 7.175781 11.871094
17.714844 16.082031 11.871094
17.714844 18.308594 11.871094
17.714844 27.214844 11.871094
17.714844 7.175781 14.097656
17.714844 16.082031 14.097656
17.714844 18.308594 14.097656
17.714844 27.214844 14.097656
17.714844 7.175781 16.324219
17.714844 16.082031 16.324219
17.714844 18.308594 16.324219
17.714844 27.214844 16.324219
17.714844 7.175781 18.550781
17.714844 16.082031 18.550781
17.714844 18.308594 18.550781
17.714844 27.214844 18.550781
17.714844 7.175781 20.777344
17.714844 9.402344 20.777344
17.714844 11.628906 20.777344
17.714844 13.855469 20.777344
17.714844 16.082031 20.777344
17.714844 18.308594 20.777344
17.714844 20.535156 20.777344
17.714844 22.761719 20.777344
17.714844 24.988281 20.777344
17.714844 27.214844 20.777344
19.941406 7.175781 0.738281
19.941406 9.402344 0.738281
19.941406 11.628906 0.738281
19.941406 13.855469 0.738281
19.941406 16.082031 0.738281
19.941406 18.308594 0.738281
19.941406 20.535156 0.738281
19.941406 22.761719 0.738281
19.941406 24.988281 0.738281
19.941406 27.214844 0.738281
19.941406 7.175781 2.964844
19.941406 16.082031 2.964844
19.941406 18.308594 2.964844
19.941406 27.214844 2.964844
19.941406 7.175781 5.191406
19.941406 16.082031 5.191406
19.941406 18.308594 5.191406
19.941406 27.214844 5.191406
19.941406 7.175781 7.417969
19.941406 16.082031 7.417969
19.941406 18.308594 7.417969
19.941406 27.214844 7.417969
19.941406 7.175781 9.644531
19.941406 16.082031 9.644531
19.941406 18.308594 9.644531
19.941406 27.214844 9.644531
19.941406 7.175781 11.871094
19.941406 16.082031 11.871094
19.941406 18.308594 11.871094
19.941406 27.214844 11.871094
19.941406 7.175781 14.097656
19.941406 16.082031 14.097656
19.941406 18.308594 14.097656
19.941406 27.214844 14.097656
19.941406 7.175781 16.324219
19.941406 16.082031 16.324219
19.941406 18.308594 16.324219
19.941406 27.214844 16.324219
19.941406 7.175781 18.550781
19.941406 16.082031 18.550781
19.941406 18.308594 18.550781
19.941406 27.214844 18.550781
19.941406 7.175781 20.777344
19.941406 9.402344 20.777344
19.941406 11.628906 20.777344
19.941406 13.855469 20.777344
19.941406 16.082031 20.777344
19.941406 18.308594 20.777344
19.941406 20.535156 20.777344
19.941406 22.761719 20.777344
19.941406 24.988281 20.777344
19.941406 27.214844 20.777344
22.167969 7.175781 0.738281
22.167969 9.402344 0.738281
22.167969 11.628906 0.738281
22.167969 13.855469 0.738281
22.167969 16.082031 0.738281
22.167969 18.308594 0.738281
22.167969 20.535156 0.738281
22.167969 22.761719 0.738281
22.167969 24.988281 0.738281
22.167969 27.214844 0.738281
22.167969 7.175781 2.964844
22.167969 16.082031 2.964844
22.167969 18.308594 2.964844
22.167969 27.214844 2.964844
22.167969 7.175781 5.191406
22.167969 16.082031 5.191406
22.167969 18.308594 5.191406
22.167969 27.214844 5.191406
22.167969 7.175781 7.417969
22.167969 16.082031 7.417969
22.167969 18.308594 7.417969
22.167969 27.214844 7.417969
22.167969 7.175781 9.644531
22.167969 16.082031 9.644531
22.167969 18.308594 9.644531
22.167969 27.214844 9.644531
22.167969 7.175781 11.871094
22.167969 16.082031 11.871094
22.167969 18.308594 11.871094
22.167969 27.214844 11.871094
22.167969 7.175781 14.097656
22.167969 16.082031 14.097656
22.167969 18.308594 14.097656
22.167969 27.214844 14.097656
22.167969 7.175781 16.324219
22.167969 16.082031 16.324219
22.167969 18.308594 16.324219
22.167969 27.214844 16.324219
22.167969 7.175781 18.550781
22.167969 16.082031 18.550781
22.167969 18.308594 18.550781
22.167969 27.214844 18.550781
22.167969 7.175781 20.777344
22.167969 9.402344 20.777344
22.167969 11.628906 20.777344
22.167969 13.855469 20.777344
22.167969 16.082031 20.777344
22.167969 18.308594 20.777344
22.167969 20.535156 20.777344
22.167969 22.761719 20.777344
22.167969 24.988281 20.777344
22.167969 27.214844 20.777344
24.394531 7.175781 0.738281
24.394531 9.402344 0.738281
24.394531 11.628906 0.738281
24.394531 13.855469 0.738281
24.394531 16.082031 0.738281
24.394531 18.308594 0.738281
24.394531 20.535156 0.738281
24.394531 22.761719 0.738281
24.394531 24.988281 0.738281
24.394531 27.214844 0.738281
24.394531 7.175781 2.964844
24.394531 27.214844 2.964844
24.394531 7.175781 5.191406
24.394531 27.214844 5.191406
24.394531 7.175781 7.417969
24.394531 27.214844 7.417969
24.394531 7.175781 9.644531
24.394531 27.214844 9.644531
24.394531 7.175781 11.871094
24.394531 27.214844 11.871094
24.394531 7.175781 14.097656
24.394531 27.214844 14.097656
24.394531 7.175781 16.324219
24.394531 27.214844 16.324219
24.394531 7.175781 18.550781
24.394531 27.214844 18.550781
24.394531 7.175781 20.777344
24.394531 9.402344 20.777344
24.394531 11.628906 20.777344
24.394531 13.855469 20.777344
24.394531 16.082031 20.777344
24.394531 18.308594 20.777344
24.394531 20.535156 20.777344
24.394531 22.761719 20.777344
24.394531 24.988281 20.777344
24.394531 27.214844 20.777344
26.621094 7.175781 0.738281
26.621094 9.402344 0.738281
26.621094 11.628906 0.738281
26.621094 13.855469 0.738281
26.621094 16.082031 0.738281
26.621094 18.308594 0.738281
26.621094 20.535156 0.738281
26.621094 22.761719 0.738281
26.621094 24.988281 0.738281
26.621094 27.214844 0.738281
26.621094 7.175781 2.964844
26.621094 16.082031 2.964844
26.621094 18.308594 2.964844
26.621094 27.214844 2.964844
26.621094 7.175781 5.191406
26.621094 16.082031 5.191406
26.621094 18.308594 5.191406
26.621094 27.214844 5.191406
26.621094 7.175781 7.417969
26.621094 16.082031 7.417969
26.621094 18.308594 7.417969
26.621094 27.214844 7.417969
26.621094 7.175781 9.644531
26.621094 16.082031 9.644531
26.621094 18.308594 9.644531
26.621094 27.214844 9.644531
26.621094 7.175781 11.871094
26.621094 16.082031 11.871094
26.621094 18.308594 11.871094
26.621094 27.214844 11.871094
26.621094 7.175781 14.097656
26.621094 16.082031 14.097656
26.621094 18.308594 14.097656
26.621094 27.214844 14.097656
26.621094 7.175781 16.324219
26.621094 16.082031 16.324219
26.621094 18.308594 16.324219
26.621094 27.214844 16.324219
26.621094 7.175781 18.550781
26.621094 16.082031 18.550781
26.621094 18.308594 18.550781
26.621094 27.214844 18.550781
26.621094 7.175781 20.777344
26.621094 9.402344 20.777344
26.621094 11.628906 20.777344
26.621094 13.855469 20.777344
26.621094 16.082031 20.777344
26.621094 18.308594 20.777344
26.621094 20.535156 20.777344
26.621094 22.761719 20.777344
26.621094 24.988281 20.777344
26.621094 27.214844 20.777344
28.847656 7.175781 0.738281
28.847656 9.402344 0.738281
28.847656 11.628906 0.738281
28.847656 13.855469 0.738281
28.847656 16.082031 0.738281
28.847656 18.308594 0.738281
28.847656 20.535156 0.738281
28.847656 22.761719 0.738281
28.847656 24.988281 0.738281
28.847656 27.214844 0.738281
28.847656 7.175781 2.964844
28.847656 16.082031 2.964844
28.847656 18.308594 2.964844
28.847656 27.214844 2.964844
28.847656 7.175781 5.191406
28.847656 16.082031 5.191406
28.847656 18.308594 5.191406
28.847656 27.214844 5.191406
28.847656 7.175781 7.417969
28.847656 16.082031 7.417969
28.847656 18.308594 7.417969
28.847656 27.214844 7.417969
28.847656 7.175781 9.644531
28.847656 16.082031 9.644531
28.847656 18.308594 9.644531
28.847656 27.214844 9.644531
28.847656 7.175781 11.871094
28.847656 16.082031 11.871094
28.847656 18.308594 11.871094
28.847656 27.214844 11.871094
28.847656 7.175781 14.097656
28.847656 16.082031 14.097656
28.847656 18.308594 14.097656
28.847656 27.214844 14.097656
28.847656 7.175781 16.324219
28.847656 16.082031 16.324219
28.847656 18.308594 16.324219
28.847656 27.214844 16.324219
28.847656 7.175781 18.550781
28.847656 16.082031 18.550781
28.847656 18.308594 18.550781
28.847656 27.214844 18.550781
28.847656 7.175781 20.777344
28.847656 9.402344 20.777344
28.847656 11.628906 20.777344
28.847656 13.855469 20.777344
28.847656 16.082031 20.777344
28.847656 18.308594 20.777344
28.847656 20.535156 20.777344
28.847656 22.761719 20.777344
28.847656 24.988281 20.777344
28.847656 27.214844 20.777344
31.074219 7.175781 0.738281
31.074219 9.402344 0.738281
31.074219 11.628906 0.738281
31.074219 13.855469 0.738281
31.074219 16.082031 0.738281
31.074219 18.308594 0.738281
31.074219 20.535156 0.738281
31.074219 22.761719 0.738281
31.074219 24.988281 0.738281
31.074219 27.214844 0.738281
31.074219 7.175781 2.964844
31.074219 16.082031 2.964844
31.074219 18.308594 2.964844
31.074219 27.214844 2.964844
31.074219 7.175781 5.191406
31.074219 16.082031 5.191406
31.074219 18.308594 5.191406
31.074219 27.214844 5.191406
31.074219 7.175781 7.417969
31.074219 16.082031 7.417969
31.074219 18.308594 7.417969
31.074219 27.214844 7.417969
31.074219 7.175781 9.644531
31.074219 16.082031 9.644531
31.074219 18.308594 9.644531
31.074219 27.214844 9.644531
31.074219 7.175781 11.871094
31.074219 16.082031 11.871094
31.074219 18.308594 11.871094
31.074219 27.214844 11.871094
31.074219 7.175781 14.097656
31.074219 16.082031 14.097656
31.074219 18.308594 14.097656
31.074219 27.214844 14.097656
31.074219 7.175781 16.324219
31.074219 16.082031 16.324219
31.074219 18.308594 16.324219
31.074219 27.214844 16.324219
31.074219 7.175781 18.550781
31.074219 16.082031 18.550781
31.074219 18.308594 18.550781
31.074219 27.214844 18.550781
31.074219 7.175781 20.777344
31.074219 9.402344 20.777344
31.074219 11.628906 20.777344
31.074219 13.855469 20.777344
31.074219 16.082031 20.777344
31.074219 18.308594 20.777344
31.074219 20.535156 20.777344
31.074219 22.761719 20.777344
31.074219 24.988281 20.777344
31.074219 27.214844 20.777344
33.300781 7.175781 0.738281
33.300781 9.402344 0.738281
33.300781 11.628906 0.738281
33.300781 13.855469 0.738281
33.300781 16.082031 0.738281
33.300781 18.308594 0.738281
33.300781 20.535156 0.738281
33.300781 22.761719 0.738281
33.300781 24.988281 0.738281
33.300781 27.214844 0.738281
33.300781 7.175781 2.964844
33.300781 9.402344 2.964844
33.300781 11.628906 2.964844
33.300781 13.855469 2.964844
33.300781 16.082031 2.964844
33.300781 18.308594 2.964844
33.300781 27.214844 2.964844
33.300781 7.175781 5.191406
33.300781 9.402344 5.191406
33.300781 11.628906 5.191406
33.300781 13.855469 5.191406
33.300781 16.082031 5.191406
33.300781 18.308594 5.191406
33.300781 27.214844 5.191406
33.300781 7.175781 7.417969
33.300781 9.402344 7.417969
33.300781 11.628906 7.417969
33.300781 13.855469 7.417969
33.300781 16.082031 7.417969
33.300781 18.308594 7.417969
33.300781 27.214844 7.417969
33.300781 7.175781 9.644531
33.300781 27.214844 9.644531
33.300781 7.175781 11.871094
33.300781 27.214844 11.871094
33.300781 7.175781 14.097656
33.300781 9.402344 14.097656
33.300781 11.628906 14.097656
33.300781 13.855469 14.097656
33.300781 16.082031 14.097656
33.300781 18.308594 14.097656
33.300781 27.214844 14.097656
33.300781 7.175781 16.324219
33.300781 9.402344 16.324219
33.300781 11.628906 16.324219
33.300781 13.855469 16.324219
33.300781 16.082031 16.324219
33.300781 18.308594 16.324219
33.300781 27.214844 16.324219
33.300781 7.175781 18.550781
33.300781 27.214844 18.550781
33.300781 7.175781 20.777344
33.300781 9.402344 20.777344
33.300781 11.628906 20.777344
33.300781 13.855469 20.777344
33.300781 16.082031 20.777344
33.300781 18.308594 20.777344
33.300781 20.535156 20.777344
33.300781 22.761719 20.777344
33.300781 24.988281 20.777344
33.300781 27.214844 20.777344
35.527344 7.175781 0.738281
35.527344 9.402344 0.738281
35.527344 11.628906 0.738281
35.527344 13.855469 0.738281
35.527344 16.082031 0.738281
35.527344 18.308594 0.738281
35.527344 20.535156 0.738281
35.527344 22.761719 0.738281
35.527344 24.988281 0.738281
35.527344 27.214844 0.738281
35.527344 7.175781 2.964844
35.527344 9.402344 2.964844
35.527344 11.628906 2.964844
35.527344 13.855469 2.964844
35.527344 16.082031 2.964844
35.527344 18.308594 2.964844
35.527344 27.214844 2.964844
35.527344 7.175781 5.191406
35.527344 9.402344 5.191406
35.527344 11.628906 5.191406
35.527344 13.855469 5.191406
35.527344 16.082031 5.191406
35.527344 18.308594 5.191406
35.527344 27.214844 5.191406
35.527344 7.175781 7.417969
35.527344 9.402344 7.417969
35.527344 11.628906 7.417969
35.527344 13.855469 7.417969
35.527344 16.082031 7.417969
35.527344 18.308594 7.417969
35.527344 27.214844 7.417969
35.527344 7.175781 9.644531
35.527344 27.214844 9.644531
35.527344 7.175781 11.871094
35.527344 27.214844 11.871094
35.527344 7.175781 14.097656
35.527344 9.402344 14.097656
35.527344 11.628906 14.097656
35.527344 13.855469 14.097656
35.527344 16.082031 14.097656
35.527344 18.308594 14.097656
35.527344 27.214844 14.097656
35.527344 7.175781 16.324219
35.527344 9.402344 16.324219
35.527344 11.628906 16.324219
35.527344 13.855469 16.324219
35.527344 16.082031 16.324219
35.527344 18.308594 16.324219
35.527344 27.214844 16.324219
35.527344 7.175781 18.550781
35.527344 27.214844 18.550781
35.527344 7.175781 20.777344
35.527344 9.402344 20.777344
35.527344 11.628906 20.777344
35.527344 13.855469 20.777344
35.527344 16.082031 20.777344
35.527344 18.308594 20.777344
35.527344 20.535156 20.777344
35.527344 22.761719 20.777344
35.527344 24.988281 20.777344
35.527344 27.214844 20.777344
37.753906 7.175781 0.738281
37.753906 9.402344 0.738281
37.753906 11.628906 0.738281
37.753906 13.855469 0.738281
37.753906 16.082031 0.738281
37.753906 18.308594 0.738281
37.753906 20.535156 0.738281
37.753906 22.761719 0.738281
37.753906 24.988281 0.738281
37.753906 27.214844 0.738281
37.753906 7.175781 2.964844
37.753906 27.214844 2.964844
37.753906 7.175781 5.191406
37.753906 27.214844 5.191406
37.753906 7.175781 7.417969
37.753906 27.214844 7.417969
37.753906 7.175781 9.644531
37.753906 27.214844 9.644531
37.753906 7.175781 11.871094
37.753906 27.214844 11.871094
37.753906 7.175781 14.097656
37.753906 27.214844 14.097656
37.753906 7.175781 16.324219
37.753906 27.214844 16.324219
37.753906 7.175781 18.550781
37.753906 27.214844 18.550781
37.753906 7.175781 20.777344
37.753906 9.402344 20.777344
37.753906 11.628906 20.777344
37.753906 13.855469 20.777344
37.753906 16.082031 20.777344
37.753906 18.308594 20.777344
37.753906 20.535156 20.777344
37.753906 22.761719 20.777344
37.753906 24.988281 20.777344
37.753906 27.214844 20.777344
39.980469 7.175781 0.738281
39.980469 9.402344 0.738281
39.980469 11.628906 0.738281
39.980469 13.855469 0.738281
39.980469 16.082031 0.738281
39.980469 18.308594 0.738281
39.980469 20.535156 0.738281
39.980469 22.761719 0.738281
39.980469 24.988281 0.738281
39.980469 27.214844 0.738281
39.980469 7.175781 2.964844
39.980469 16.082031 2.964844
39.980469 18.308594 2.964844
39.980469 27.214844 2.964844
39.980469 7.175781 5.191406
39.980469 16.082031 5.191406
39.980469 18.308594 5.191406
39.980469 27.214844 5.191406
39.980469 7.175781 7.417969
39.980469 16.082031 7.417969
39.980469 18.308594 7.417969
39.980469 27.214844 7.417969
39.980469 7.175781 9.644531
39.980469 16.082031 9.644531
39.980469 18.308594 9.644531
39.980469 27.214844 9.644531
39.980469 7.175781 11.871094
39.980469 16.082031 11.871094
39.980469 18.308594 11.871094
39.980469 27.214844 11.871094
39.980469 7.175781 14.097656
39.980469 16.082031 14.097656
39.980469 18.308594 14.097656
39.980469 27.214844 14.097656
39.980469 7.175781 16.324219
39.980469 16.082031 16.324219
39.980469 18.308594 16.324219
39.980469 27.214844 16.324219
39.980469 7.175781 18.550781
39.980469 16.082031 18.550781
39.980469 18.308594 18.550781
39.980469 27.214844 18.550781
39.980469 7.175781 20.777344
39.980469 9.402344 20.777344
39.980469 11.628906 20.777344
39.980469 13.855469 20.777344
39.980469 16.082031 20.777344
39.980469 18.308594 20.777344
39.980469 20.535156 20.777344
39.980469 22.761719 20.777344
39.980469 24.988281 20.777344
39.980469 27.214844 20.777344
42.207031 7.175781 0.738281
42.207031 9.402344 0.738281
42.207031 11.628906 0.738281
42.207031 13.855469 0.738281
42.207031 16.082031 0.738281
42.207031 18.308594 0.738281
42.207031 20.535156 0.738281
42.207031 22.761719 0.738281
42.207031 24.988281 0.738281
42.207031 27.214844 0.738281
42.207031 7.175781 2.964844
42.207031 16.082031 2.964844
42.207031 18.308594 2.964844
42.207031 27.214844 2.964844
42.207031 7.175781 5.191406
42.207031 16.082031 5.191406
42.207031 18.308594 5.191406
42.207031 27.214844 5.191406
42.207031 7.175781 7.417969
42.207031 16.082031 7.417969
42.207031 18.308594 7.417969
42.207031 27.214844 7.417969
42.207031 7.175781 9.644531
42.207031 16.082031 9.644531
42.207031 18.308594 9.644531
42.207031 27.214844 9.644531
42.207031 7.175781 11.871094
42.207031 16.082031 11.871094
42.207031 18.308594 11.871094
42.207031 27.214844 11.871094
42.207031 7.175781 14.097656
42.207031 16.082031 14.097656
42.207031 18.308594 14.097656
42.207031 27.214844 14.097656
42.207031 7.175781 16.324219
42.207031 16.082031 16.324219
42.207031 18.308594 16.324219
42.207031 27.214844 16.324219
42.207031 7.175781 18.550781
42.207031 16.082031 18.550781
42.207031 18.308594 18.550781
42.207031 27.214844 18.550781
42.207031 7.175781 20.777344
42.207031 9.402344 20.777344
42.207031 11.628906 20.777344
42.207031 13.855469 20.777344
42.207031 16.082031 20.777344
42.207031 18.308594 20.777344
42.207031 20.535156 20.777344
42.207031 22.761719 20.777344
42.207031 24.988281 20.777344
42.207031 27.214844 20.777344
44.433594 7.175781 0.738281
44.433594 9.402344 0.738281
44.433594 11.628906 0.738281
44.433594 13.855469 0.738281
44.433594 16.082031 0.738281
44.433594 18.308594 0.738281
44.433594 20.535156 0.738281
44.433594 22.761719 0.738281
44.433594 24.988281 0.738281
44.433594 27.214844 0.738281
44.433594 7.175781 2.964844
44.433594 27.214844 2.964844
44.433594 7.175781 5.191406
44.433594 27.214844 5.191406
44.433594 7.175781 7.417969
44.433594 27.214844 7.417969
44.433594 7.175781 9.644531
44.433594 27.214844 9.644531
44.433594 7.175781 11.871094
44.433594 27.214844 11.871094
44.433594 7.175781 14.097656
44.433594 27.214844 14.097656
44.433594 7.175781 16.324219
44.433594 27.214844 16.324219
44.433594 7.175781 18.550781
44.433594 27.214844 18.550781
44.433594 7.175781 20.777344
44.433594 9.402344 20.777344
44.433594 11.628906 20.777344
44.433594 13.855469 20.777344
44.433594 16.082031 20.777344
44.433594 18.308594 20.777344
44.433594 20.535156 20.777344
44.433594 22.761719 20.777344
44.433594 24.988281 20.777344
44.433594 27.214844 20.777344
46.660156 7.175781 0.738281
46.660156 9.402344 0.738281
46.660156 11.628906 0.738281
46.660156 13.855469 0.738281
46.660156 16.082031 0.738281
46.660156 18.308594 0.738281
46.660156 20.535156 0.738281
46.660156 22.761719 0.738281
46.660156 24.988281 0.738281
46.660156 27.214844 0.738281
46.660156 7.175781 2.964844
46.660156 27.214844 2.964844
46.660156 7.175781 5.191406
46.660156 27.214844 5.191406
46.660156 7.175781 7.417969
46.660156 27.214844 7.417969
46.660156 7.175781 9.644531
46.660156 27.214844 9.644531
46.660156 7.175781 11.871094
46.660156 27.214844 11.871094
46.660156 7.175781 14.097656
46.660156 27.214844 14.097656
46.660156 7.175781 16.324219
46.660156 27.214844 16.324219
46.660156 7.175781 18.550781
46.660156 27.214844 18.550781
46.660156 7.175781 20.777344
46.660156 9.402344 20.777344
46.660156 11.628906 20.777344
46.660156 13.855469 20.777344
46.660156 16.082031 20.777344
46.660156 18.308594 20.777344
46.660156 20.535156 20.777344
46.660156 22.761719 20.777344
46.660156 24.988281 20.777344
46.660156 27.214844 20.777344
48.886719 7.175781 0.738281
48.886719 9.402344 0.738281
48.886719 11.628906 0.738281
48.886719 13.855469 0.738281
48.886719 16.082031 0.738281
48.886719 18.308594 0.738281
48.886719 20.535156 0.738281
48.886719 22.761719 0.738281
48.886719 24.988281 0.738281
48.886719 27.214844 0.738281
48.886719 7.175781 2.964844
48.886719 16.082031 2.964844
48.886719 18.308594 2.964844
48.886719 27.214844 2.964844
48.886719 7.175781 5.191406
48.886719 16.082031 5.191406
48.886719 18.308594 5.191406
48.886719 27.214844 5.191406
48.886719 7.175781 7.417969
48.886719 16.082031 7.417969
48.886719 18.308594 7.417969
48.886719 27.214844 7.417969
48.886719 7.175781 9.644531
48.886719 16.082031 9.644531
48.886719 18.308594 9.644531
48.886719 27.214844 9.644531
48.886719 7.175781 11.871094
48.886719 16.082031 11.871094
48.886719 18.308594 11.871094
48.886719 27.214844 11.871094
48.886719 7.175781 14.097656
48.886719 16.082031 14.097656
48.886719 18.308594 14.097656
48.886719 27.214844 14.097656
48.886719 7.175781 16.324219
48.886719 16.082031 16.324219
48.886719 18.308594 16.324219
48.886719 27.214844 16.324219
48.886719 7.175781 18.550781
48.886719 16.082031 18.550781
48.886719 18.308594 18.550781
48.886719 27.214844 18.550781
48.886719 7.175781 20.777344
48.886719 9.402344 20.777344
48.886719 11.628906 20.777344
48.886719 13.855469 20.777344
48.886719 16.082031 20.777344
48.886719 18.308594 20.777344
48.886719 20.535156 20.777344
48.886719 22.761719 20.777344
48.886719 24.988281 20.777344
48.886719 27.214844 20.777344
51.113281 7.175781 0.738281
51.113281 9.402344 0.738281
51.113281 11.628906 0.738281
51.113281 13.855469 0.738281
51.113281 16.082031 0.738281
51.113281 18.308594 0.738281
51.113281 20.535156 0.738281
51.113281 22.761719 0.738281
51.113281 24.988281 0.738281
51.113281 27.214844 0.738281
51.113281 7.175781 2.964844
51.113281 16.082031 2.964844
51.113281 18.308594 2.964844
51.113281 27.214844 2.964844
51.113281 7.175781 5.191406
51.113281 16.082031 5.191406
51.113281 18.308594 5.191406
51.113281 27.214844 5.191406
51.113281 7.175781 7.417969
51.113281 16.082031 7.417969
51.113281 18.308594 7.417969
51.113281 27.214844 7.417969
51.113281 7.175781 9.644531
51.113281 16.082031 9.644531
51.113281 18.308594 9.644531
51.113281 27.214844 9.644531
51.113281 7.175781 11.871094
51.113281 16.082031 11.871094
51.113281 18.308594 11.871094
51.113281 27.214844 11.871094
51.113281 7.175781 14.097656
51.113281 16.082031 14.097656
51.113281 18.308594 14.097656
51.113281 27.214844 14.097656
51.113281 7.175781 16.324219
51.113281 16.082031 16.324219
51.113281 18.308594 16.324219
51.113281 27.214844 16.324219
51.113281 7.175781 18.550781
51.113281 16.082031 18.550781
51.113281 18.308594 18.550781
51.113281 27.214844 18.550781
51.113281 7.175781 20.777344
51.113281 9.402344 20.777344
51.113281 11.628906 20.777344
51.113281 13.855469 20.777344
51.113281 16.082031 20.777344
51.113281 18.308594 20.777344
51.113281 20.535156 20.777344
51.113281 22.761719 20.777344
51.113281 24.988281 20.777344
51.113281 27.214844 20.777344
53.339844 7.175781 0.738281
53.339844 9.402344 0.738281
53.339844 11.628906 0.738281
53.339844 13.855469 0.738281
53.339844 16.082031 0.738281
53.339844 18.308594 0.738281
53.339844 20.535156 0.738281
53.339844 22.761719 0.738281
53.339844 24.988281 0.738281
53.339844 27.214844 0.738281
53.339844 7.175781 2.964844
53.339844 27.214844 2.964844
53.339844 7.175781 5.191406
53.339844 27.214844 5.191406
53.339844 7.175781 7.417969
53.339844 27.214844 7.417969
53.339844 7.175781 9.644531
53.339844 27.214844 9.644531
53.339844 7.175781 11.871094
53.339844 27.214844 11.871094
53.339844 7.175781 14.097656
53.339844 27.214844 14.097656
53.339844 7.175781 16.324219
53.339844 27.214844 16.324219
53.339844 7.175781 18.550781
53.339844 27.214844 18.550781
53.339844 7.175781 20.777344
53.339844 9.402344 20.777344
53.339844 11.628906 20.777344
53.339844 13.855469 20.777344
53.339844 16.082031 20.777344
53.339844 18.308594 20.777344
53.339844 20.535156 20.777344
53.339844 22.761719 20.777344
53.339844 24.988281 20.777344
53.339844 27.214844 20.777344
55.566406 7.175781 0.738281
55.566406 9.402344 0.738281
55.566406 11.628906 0.738281
55.566406 13.855469 0.738281
55.566406 16.082031 0.738281
55.566406 18.308594 0.738281
55.566406 20.535156 0.738281
55.566406 22.761719 0.738281
55.566406 24.988281 0.738281
55.566406 27.214844 0.738281
55.566406 7.175781 2.964844
55.566406 27.214844 2.964844
55.566406 7.175781 5.191406
55.566406 27.214844 5.191406
55.566406 7.175781 7.417969
55.566406 27.214844 7.417969
55.566406 7.175781 9.644531
55.566406 27.214844 9.644531
55.566406 7.175781 11.871094
55.566406 27.214844 11.871094
55.566406 7.175781 14.097656
55.566406 27.214844 14.097656
55.566406 7.175781 16.324219
55.566406 27.214844 16.324219
55.566406 7.175781 18.550781
55.566406 27.214844 18.550781
55.566406 7.175781 20.777344
55.566406 9.402344 20.777344
55.566406 11.628906 20.777344
55.566406 13.855469 20.777344
55.566406 16.082031 20.777344
55.566406 18.308594 20.777344
55.566406 20.535156 20.777344
55.566406 22.761719 20.777344
55.566406 24.988281 20.777344
55.566406 27.214844 20.777344
57.792969 7.175781 0.738281
57.792969 9.402344 0.738281
57.792969 11.628906 0.738281
57.792969 13.855469 0.738281
57.792969 16.082031 0.738281
57.792969 18.308594 0.738281
57.792969 20.535156 0.738281
57.792969 22.761719 0.738281
57.792969 24.988281 0.738281
57.792969 27.214844 0.738281
57.792969 7.175781 2.964844
57.792969 27.214844 2.964844
57.792969 7.175781 5.191406
57.792969 27.214844 5.191406
57.792969 7.175781 7.417969
57.792969 27.214844 7.417969
57.792969 7.175781 9.644531
57.792969 27.214844 9.644531
57.792969 7.175781 11.871094
57.792969 27.214844 11.871094
57.792969 7.175781 14.097656
57.792969 27.214844 14.097656
57.792969 7.175781 16.324219
57.792969 27.214844 16.324219
57.792969 7.175781 18.550781
57.792969 27.214844 18.550781
57.792969 7.175781 20.777344
57.792969 9.402344 20.777344
57.792969 11.628906 20.777344
57.792969 13.855469 20.777344
57.792969 16.082031 20.777344
57.792969 18.308594 20.777344
57.792969 20.535156 20.777344
57.792969 22.761719 20.777344
57.792969 24.988281 20.777344
57.792969 27.214844 20.777344
60.019531 7.175781 0.738281
60.019531 9.402344 0.738281
60.019531 11.628906 0.738281
60.019531 13.855469 0.738281
60.019531 16.082031 0.738281
60.019531 18.308594 0.738281
60.019531 20.535156 0.738281
60.019531 22.761719 0.738281
60.019531 24.988281 0.738281
60.019531 27.214844 0.738281
60.019531 7.175781 2.964844
60.019531 27.214844 2.964844
60.019531 7.175781 5.191406
60.019531 27.214844 5.191406
60.019531 7.175781 7.417969
60.019531 27.214844 7.417969
60.019531 7.175781 9.644531
60.019531 27.214844 9.644531
60.019531 7.175781 11.871094
60.019531 27.214844 11.871094
60.019531 7.175781 14.097656
60.019531 27.214844 14.097656
60.019531 7.175781 16.324219
60.019531 27.214844 16.324219
60.019531 7.175781 18.550781
60.019531 27.214844 18.550781
60.019531 7.175781 20.777344
60.019531 9.402344 20.777344
60.019531 11.628906 20.777344
60.019531 13.855469 20.777344
60.019531 16.082031 20.777344
60.019531 18.308594 20.777344
60.019531 20.535156 20.777344
60.019531 22.761719 20.777344
60.019531 24.988281 20.777344
60.019531 27.214844 20.777344
62.246094 7.175781 0.738281
62.246094 9.402344 0.738281
62.246094 11.628906 0.738281
62.246094 13.855469 0.738281
62.246094 16.082031 0.738281
62.246094 18.308594 0.738281
62.246094 20.535156 0.738281
62.246094 22.761719 0.738281
62.246094 24.988281 0.738281
62.246094 27.214844 0.738281
62.246094 7.175781 2.964844
62.246094 27.214844 2.964844
62.246094 7.175781 5.191406
62.246094 27.214844 5.191406
62.246094 7.175781 7.417969
62.246094 27.214844 7.417969
62.246094 7.175781 9.644531
62.246094 27.214844 9.644531
62.246094 7.175781 11.871094
62.246094 27.214844 11.871094
62.246094 7.175781 14.097656
62.246094 27.214844 14.097656
62.246094 7.175781 16.324219
62.246094 27.214844 16.324219
62.246094 7.175781 18.550781
62.246094 27.214844 18.550781
62.246094 7.175781 20.777344
62.246094 9.402344 20.777344
62.246094 11.628906 20.777344
62.246094 13.855469 20.777344
62.246094 16.082031 20.777344
62.246094 18.308594 20.777344
62.246094 20.535156 20.777344
62.246094 22.761719 20.777344
62.246094 24.988281 20.777344
62.246094 27.214844 20.777344
64.472656 7.175781 0.738281
64.472656 9.402344 0.738281
64.472656 11.628906 0.738281
64.472656 13.855469 0.738281
64.472656 16.082031 0.738281
64.472656 18.308594 0.738281
64.472656 20.535156 0.738281
64.472656 22.761719 0.738281
64.472656 24.988281 0.738281
64.472656 27.214844 0.738281
64.472656 7.175781 2.964844
64.472656 27.214844 2.964844
64.472656 7.175781 5.191406
64.472656 27.214844 5.191406
64.472656 7.175781 7.417969
64.472656 27.214844 7.417969
64.472656 7.175781 9.644531
64.472656 27.214844 9.644531
64.472656 7.175781 11.871094
64.472656 27.214844 11.871094
64.472656 7.175781 14.097656
64.472656 27.214844 14.097656
64.472656 7.175781 16.324219
64.472656 27.214844 16.324219
64.472656 7.175781 18.550781
64.472656 27.214844 18.550781
64.472656 7.175781 20.777344
64.472656 9.402344 20.777344
64.472656 11.628906 20.777344
64.472656 13.855469 20.777344
64.472656 16.082031 20.777344
64.472656 18.308594 20.777344
64.472656 20.535156 20.777344
64.472656 22.761719 20.777344
64.472656 24.988281 20.777344
64.472656 27.214844 20.777344
66.699219 7.175781 0.738281
66.699219 9.402344 0.738281
66.699219 11.628906 0.738281
66.699219 13.855469 0.738281
66.699219 16.082031 0.738281
66.699219 18.308594 0.738281
66.699219 20.535156 0.738281
66.699219 22.761719 0.738281
66.699219 24.988281 0.738281
66.699219 27.214844 0.738281
66.699219 7.175781 2.964844
66.699219 27.214844 2.964844
66.699219 7.175781 5.191406
66.699219 27.214844 5.191406
66.699219 7.175781 7.417969
66.699219 27.214844 7.417969
66.699219 7.175781 9.644531
66.699219 27.214844 9.644531
66.699219 7.175781 11.871094
66.699219 27.214844 11.871094
66.699219 7.175781 14.097656
66.699219 27.214844 14.097656
66.699219 7.175781 16.324219
66.699219 27.214844 16.324219
66.699219 7.175781 18.550781
66.699219 27.214844 18.550781
66.699219 7.175781 20.777344
66.699219 9.402344 20.777344
66.699219 11.628906 20.777344
66.699219 13.855469 20.777344
66.699219 16.082031 20.777344
66.699219 18.308594 20.777344
66.699219 20.535156 20.777344
66.699219 22.761719 20.777344
66.699219 24.988281 20.777344
66.699219 27.214844 20.777344
68.925781 7.175781 0.738281
68.925781 9.402344 0.738281
68.925781 11.628906 0.738281
68.925781 13.855469 0.738281
68.925781 16.082031 0.738281
68.925781 18.308594 0.738281
68.925781 20.535156 0.738281
68.925781 22.761719 0.738281
68.925781 24.988281 0.738281
68.925781 27.214844 0.738281
68.925781 7.175781 2.964844
68.925781 27.214844 2.964844
68.925781 7.175781 5.191406
68.925781 27.214844 5.191406
68.925781 7.175781 7.417969
68.925781 27.214844 7.417969
68.925781 7.175781 9.644531
68.925781 27.214844 9.644531
68.925781 7.175781 11.871094
68.925781 27.214844 11.871094
68.925781 7.175781 14.097656
68.925781 27.214844 14.097656
68.925781 7.175781 16.324219
68.925781 27.214844 16.324219
68.925781 7.175781 18.550781
68.925781 27.214844 18.550781
68.925781 7.175781 20.777344
68.925781 9.402344 20.777344
68.925781 11.628906 20.777344
68.925781 13.855469 20.777344
68.925781 16.082031 20.777344
68.925781 18.308594 20.777344
68.925781 20.535156 20.777344
68.925781 22.761719 20.777344
68.925781 24.988281 20.777344
68.925781 27.214844 20.777344
71.152344 7.175781 0.738281
71.152344 9.402344 0.738281
71.152344 11.628906 0.738281
71.152344 13.855469 0.738281
71.152344 16.082031 0.738281
71.152344 18.308594 0.738281
71.152344 20.535156 0.738281
71.152344 22.761719 0.738281
71.152344 24.988281 0.738281
71.152344 27.214844 0.738281
71.152344 7.175781 2.964844
71.152344 27.214844 2.964844
71.152344 7.175781 5.191406
71.152344 27.214844 5.191406
71.152344 7.175781 7.417969
71.152344 27.214844 7.417969
71.152344 7.175781 9.644531
71.152344 27.214844 9.644531
71.152344 7.175781 11.871094
71.152344 27.214844 11.871094
71.152344 7.175781 14.097656
71.152344 27.214844 14.097656
71.152344 7.175781 16.324219
71.152344 27.214844 16.324219
71.152344 7.175781 18.550781
71.152344 27.214844 18.550781
71.152344 7.175781 20.777344
71.152344 9.402344 20.777344
71.152344 11.628906 20.777344
71.152344 13.855469 20.777344
71.152344 16.082031 20.777344
71.152344 18.308594 20.777344
71.152344 20.535156 20.777344
71.152344 22.761719 20.777344
71.152344 24.988281 20.777344
71.152344 27.214844 20.777344
73.378906 7.175781 0.738281
73.378906 9.402344 0.738281
73.378906 11.628906 0.738281
73.378906 13.855469 0.738281
73.378906 16.082031 0.738281
73.378906 18.308594 0.738281
73.378906 20.535156 0.738281
73.378906 22.761719 0.738281
73.378906 24.988281 0.738281
73.378906 27.214844 0.738281
73.378906 7.175781 2.964844
73.378906 9.402344 2.964844
73.378906 11.628906 2.964844
73.378906 13.855469 2.964844
73.378906 16.082031 2.964844
73.378906 27.214844 2.964844
73.378906 7.175781 5.191406
73.378906 9.402344 5.191406
73.378906 11.628906 5.191406
73.378906 13.855469 5.191406
73.378906 16.082031 5.191406
73.378906 27.214844 5.191406
73.378906 7.175781 7.417969
73.378906 9.402344 7.417969
73.378906 11.628906 7.417969
73.378906 13.855469 7.417969
73.378906 16.082031 7.417969
73.378906 27.214844 7.417969
73.378906 7.175781 9.644531
73.378906 27.214844 9.644531
73.378906 7.175781 11.871094
73.378906 27.214844 11.871094
73.378906 7.175781 14.097656
73.378906 9.402344 14.097656
73.378906 11.628906 14.097656
73.378906 13.855469 14.097656
73.378906 16.082031 14.097656
73.378906 27.214844 14.097656
73.378906 7.175781 16.324219
73.378906 9.402344 16.324219
73.378906 11.628906 16.324219
73.378906 13.855469 16.324219
73.378906 16.082031 16.324219
73.378906 27.214844 16.324219
73.378906 7.175781 18.550781
73.378906 27.214844 18.550781
73.378906 7.175781 20.777344
73.378906 9.402344 20.777344
73.378906 11.628906 20.777344
73.378906 13.855469 20.777344
73.378906 16.082031 20.777344
73.378906 18.308594 20.777344
73.378906 20.535156 20.777344
73.378906 22.761719 20.777344
73.378906 24.988281 20.777344
73.378906 27.214844 20.777344
75.605469 7.175781 0.738281
75.605469 9.402344 0.738281
75.605469 11.628906 0.738281
75.605469 13.855469 0.738281
75.605469 16.082031 0.738281
75.605469 18.308594 0.738281
75.605469 20.535156 0.738281
75.605469 22.761719 0.738281
75.605469 24.988281 0.738281
75.605469 27.214844 0.738281
75.605469 7.175781 2.964844
75.605469 9.402344 2.964844
75.605469 11.628906 2.964844
75.605469 13.855469 2.964844
75.605469 16.082031 2.964844
75.605469 27.214844 2.964844
75.605469 7.175781 5.191406
75.605469 9.402344 5.191406
75.605469 11.628906 5.191406
75.605469 13.855469 5.191406
75.605469 16.082031 5.191406
75.605469 27.214844 5.191406
75.605469 7.175781 7.417969
75.605469 9.402344 7.417969
75.605469 11.628906 7.417969
75.605469 13.855469 7.417969
75.605469 16.082031 7.417969
75.605469 27.214844 7.417969
75.605469 7.175781 9.644531
75.605469 27.214844 9.644531
75.605469 7.175781 11.871094
75.605469 27.214844 11.871094
75.605469 7.175781 14.097656
75.605469 9.402344 14.097656
75.605469 11.628906 14.097656
75.605469 13.855469 14.097656
75.605469 16.082031 14.097656
75.605469 27.214844 14.097656
75.605469 7.175781 16.324219
75.605469 9.402344 16.324219
75.605469 11.628906 16.324219
75.605469 13.855469 16.324219
75.605469 16.082031 16.324219
75.605469 27.214844 16.324219
75.605469 7.175781 18.550781
75.605469 27.214844 18.550781
75.605469 7.175781 20.777344
75.605469 9.402344 20.777344
75.605469 11.628906 20.777344
75.605469 13.855469 20.777344
75.605469 16.082031 20.777344
75.605469 18.308594 20.777344
75.605469 20.535156 20.777344
75.605469 22.761719 20.777344
75.605469 24.988281 20.777344
75.605469 27.214844 20.777344
77.832031 7.175781 0.738281
77.832031 9.402344 0.738281
77.832031 11.628906 0.738281
77.832031 13.855469 0.738281
77.832031 16.082031 0.738281
77.832031 18.308594 0.738281
77.832031 20.535156 0.738281
77.832031 22.761719 0.738281
77.832031 24.988281 0.738281
77.832031 27.214844 0.738281
77.832031 7.175781 2.964844
77.832031 16.082031 2.964844
77.832031 18.308594 2.964844
77.832031 27.214844 2.964844
77.832031 7.175781 5.191406
77.832031 16.082031 5.191406
77.832031 18.308594 5.191406
77.832031 27.214844 5.191406
77.832031 7.175781 7.417969
77.832031 16.082031 7.417969
77.832031 18.308594 7.417969
77.832031 27.214844 7.417969
77.832031 7.175781 9.644531
77.832031 16.082031 9.644531
77.832031 18.308594 9.644531
77.832031 27.214844 9.644531
77.832031 7.175781 11.871094
77.832031 16.082031 11.871094
77.832031 18.308594 11.871094
77.832031 27.214844 11.871094
77.832031 7.175781 14.097656
77.832031 16.082031 14.097656
77.832031 18.308594 14.097656
77.832031 27.214844 14.097656
77.832031 7.175781 16.324219
77.832031 16.082031 16.324219
77.832031 18.308594 16.324219
77.832031 27.214844 16.324219
77.832031 7.175781 18.550781
77.832031 16.082031 18.550781
77.832031 18.308594 18.550781
77.832031 27.214844 18.550781
77.832031 7.175781 20.777344
77.832031 9.402344 20.777344
77.832031 11.628906 20.777344
77.832031 13.855469 20.777344
77.832031 16.082031 20.777344
77.832031 18.308594 20.777344
77.832031 20.535156 20.777344
77.832031 22.761719 20.777344
77.832031 24.988281 20.777344
77.832031 27.214844 20.777344
80.058594 7.175781 0.738281
80.058594 9.402344 0.738281
80.058594 11.628906 0.738281
80.058594 13.855469 0.738281
80.058594 16.082031 0.738281
80.058594 18.308594 0.738281
80.058594 20.535156 0.738281
80.058594 22.761719 0.738281
80.058594 24.988281 0.738281
80.058594 27.214844 0.738281
80.058594 7.175781 2.964844
80.058594 16.082031 2.964844
80.058594 18.308594 2.964844
80.058594 27.214844 2.964844
80.058594 7.175781 5.191406
80.058594 16.082031 5.191406
80.058594 18.308594 5.191406
80.058594 27.214844 5.191406
80.058594 7.175781 7.417969
80.058594 16.082031 7.417969
80.058594 18.308594 7.417969
80.058594 27.214844 7.417969
80.058594 7.175781 9.644531
80.058594 16.082031 9.644531
80.058594 18.308594 9.644531
80.058594 27.214844 9.644531
80.058594 7.175781 11.871094
80.058594 16.082031 11.871094
80.058594 18.308594 11.871094
80.058594 27.214844 11.871094
80.058594 7.175781 14.097656
80.058594 16.082031 14.097656
80.058594 18.308594 14.097656
80.058594 27.214844 14.097656
80.058594 7.175781 16.324219
80.058594 16.082031 16.324219
80.058594 18.308594 16.324219
80.058594 27.214844 16.324219
80.058594 7.175781 18.550781
80.058594 16.082031 18.550781
80.058594 18.308594 18.550781
80.058594 27.214844 18.550781
80.058594 7.175781 20.777344
80.058594 9.402344 20.777344
80.058594 11.628906 20.777344
80.058594 13.855469 20.777344
80.058594 16.082031 20.777344
80.058594 18.308594 20.777344
80.058594 20.535156 20.777344
80.058594 22.761719 20.777344
80.058594 24.988281 20.777344
80.058594 27.214844 20.777344
82.285156 7.175781 0.738281
82.285156 9.402344 0.738281
82.285156 11.628906 0.738281
82.285156 13.855469 0.738281
82.285156 16.082031 0.738281
82.285156 18.308594 0.738281
82.285156 20.535156 0.738281
82.285156 22.761719 0.738281
82.285156 24.988281 0.738281
82.285156 27.214844 0.738281
82.285156 7.175781 2.964844
82.285156 16.082031 2.964844
82.285156 18.308594 2.964844
82.285156 27.214844 2.964844
82.285156 7.175781 5.191406
82.285156 16.082031 5.191406
82.285156 18.308594 5.191406
82.285156 27.214844 5.191406
82.285156 7.175781 7.417969
82.285156 16.082031 7.417969
82.285156 18.308594 7.417969
82.285156 27.214844 7.417969
82.285156 7.175781 9.644531
82.285156 16.082031 9.644531
82.285156 18.308594 9.644531
82.285156 27.214844 9.644531
82.285156 7.175781 11.871094
82.285156 16.082031 11.871094
82.285156 18.308594 11.871094
82.285156 27.214844 11.871094
82.285156 7.175781 14.097656
82.285156 16.082031 14.097656
82.285156 18.308594 14.097656
82.285156 27.214844 14.097656
82.285156 7.175781 16.324219
82.285156 16.082031 16.324219
82.285156 18.308594 16.324219
82.285156 27.214844 16.324219
82.285156 7.175781 18.550781
82.285156 16.082031 18.550781
82.285156 18.308594 18.550781
82.285156 27.214844 18.550781
82.285156 7.175781 20.777344
82.285156 9.402344 20.777344
82.285156 11.628906 20.777344
82.285156 13.855469 20.777344
82.285156 16.082031 20.777344
82.285156 18.308594 20.777344
82.285156 20.535156 20.777344
82.285156 22.761719 20.777344
82.285156 24.988281 20.777344
82.285156 27.214844 20.777344
84.511719 7.175781 0.738281
84.511719 9.402344 0.738281
84.511719 11.628906 0.738281
84.511719 13.855469 0.738281
84.511719 16.082031 0.738281
84.511719 18.308594 0.738281
84.511719 20.535156 0.738281
84.511719 22.761719 0.738281
84.511719 24.988281 0.738281
84.511719 27.214844 0.738281
84.511719 7.175781 2.964844
84.511719 27.214844 2.964844
84.511719 7.175781 5.191406
84.511719 27.214844 5.191406
84.511719 7.175781 7.417969
84.511719 27.214844 7.417969
84.511719 7.175781 9.644531
84.511719 27.214844 9.644531
84.511719 7.175781 11.871094
84.511719 27.214844 11.871094
84.511719 7.175781 14.097656
84.511719 27.214844 14.097656
84.511719 7.175781 16.324219
84.511719 27.214844 16.324219
84.511719 7.175781 18.550781
84.511719 27.214844 18.550781
84.511719 7.175781 20.777344
84.511719 9.402344 20.777344
84.511719 11.628906 20.777344
84.511719 13.855469 20.777344
84.511719 16.082031 20.777344
84.511719 18.308594 20.777344
84.511719 20.535156 20.777344
84.511719 22.761719 20.777344
84.511719 24.988281 20.777344
84.511719 27.214844 20.777344
86.738281 7.175781 0.738281
86.738281 9.402344 0.738281
86.738281 11.628906 0.738281
86.738281 13.855469 0.738281
86.738281 16.082031 0.738281
86.738281 18.308594 0.738281
86.738281 20.535156 0.738281
86.738281 22.761719 0.738281
86.738281 24.988281 0.738281
86.738281 27.214844 0.738281
86.738281 7.175781 2.964844
86.738281 27.214844 2.964844
86.738281 7.175781 5.191406
86.738281 27.214844 5.191406
86.738281 7.175781 7.417969
86.738281 27.214844 7.417969
86.738281 7.175781 9.644531
86.738281 27.214844 9.644531
86.738281 7.175781 11.871094
86.738281 27.214844 11.871094
86.738281 7.175781 14.097656
86.738281 27.214844 14.097656
86.738281 7.175781 16.324219
86.738281 27.214844 16.324219
86.738281 7.175781 18.550781
86.738281 27.214844 18.550781
86.738281 7.175781 20.777344
86.738281 9.402344 20.777344
86.738281 11.628906 20.777344
86.738281 13.855469 20.777344
86.738281 16.082031 20.777344
86.738281 18.308594 20.777344
86.738281 20.535156 20.777344
86.738281 22.761719 20.777344
86.738281 24.988281 20.777344
86.738281 27.214844 20.777344
88.964844 7.175781 0.738281
88.964844 9.402344 0.738281
88.964844 11.628906 0.738281
88.964844 13.855469 0.738281
88.964844 16.082031 0.738281
88.964844 18.308594 0.738281
88.964844 20.535156 0.738281
88.964844 22.761719 0.738281
88.964844 24.988281 0.738281
88.964844 27.214844 0.738281
88.964844 7.175781 2.964844
88.964844 9.402344 2.964844
88.964844 11.628906 2.964844
88.964844 13.855469 2.964844
88.964844 16.082031 2.964844
88.964844 18.308594 2.964844
88.964844 20.535156 2.964844
88.964844 22.761719 2.964844
88.964844 24.988281 2.964844
88.964844 27.214844 2.964844
88.964844 7.175781 5.191406
88.964844 9.402344 5.191406
88.964844 11.628906 5.191406
88.964844 13.855469 5.191406
88.964844 16.082031 5.191406
88.964844 18.308594 5.191406
88.964844 20.535156 5.191406
88.964844 22.761719 5.191406
88.964844 24.988281 5.191406
88.964844 27.214844 5.191406
88.964844 7.175781 7.417969
88.964844 9.402344 7.417969
88.964844 11.628906 7.417969
88.964844 13.855469 7.417969
88.964844 16.082031 7.417969
88.964844 18.308594 7.417969
88.964844 20.535156 7.417969
88.964844 22.761719 7.417969
88.964844 24.988281 7.417969
88.964844 27.214844 7.417969
88.964844 7.175781 9.644531
88.964844 9.402344 9.644531
88.964844 11.628906 9.644531
88.964844 13.855469 9.644531
88.964844 16.082031 9.644531
88.964844 18.308594 9.644531
88.964844 20.535156 9.644531
88.964844 22.761719 9.644531
88.964844 24.988281 9.644531
88.964844 27.214844 9.644531
88.964844 7.175781 11.871094
88.964844 9.402344 11.871094
88.964844 11.628906 11.871094
88.964844 13.855469 11.871094
88.964844 16.082031 11.871094
88.964844 18.308594 11.871094
88.964844 20.535156 11.871094
88.964844 22.761719 11.871094
88.964844 24.988281 11.871094
88.964844 27.214844 11.871094
88.964844 7.175781 14.097656
88.964844 9.402344 14.097656
88.964844 11.628906 14.097656
88.964844 13.855469 14.097656
88.964844 16.082031 14.097656
88.964844 18.308594 14.097656
88.964844 20.535156 14.097656
88.964844 22.761719 14.097656
88.964844 24.988281 14.097656
88.964844 27.214844 14.097656
88.964844 7.175781 16.324219
88.964844 9.402344 16.324219
88.964844 11.628906 16.324219
88.964844 13.855469 16.324219
88.964844 16.082031 16.324219
88.964844 18.308594 16.324219
88.964844 20.535156 16.324219
88.964844 22.761719 16.324219
88.964844 24.988281 16.324219
88.964844 27.214844 16.324219
88.964844 7.175781 18.550781
88.964844 9.402344 18.550781
88.964844 11.628906 18.550781
88.964844 13.855469 18.550781
88.964844 16.082031 18.550781
88.964844 18.308594 18.550781
88.964844 20.535156 18.550781
88.964844 22.761719 18.550781
88.964844 24.988281 18.550781
88.964844 27.214844 18.550781
88.964844 7.175781 20.777344
88.964844 9.402344 20.777344
88.964844 11.628906 20.777344
88.964844 13.855469 20.777344
88.964844 16.082031 20.777344
88.964844 18.308594 20.777344
88.964844 20.535156 20.777344
88.964844 22.761719 20.777344
88.964844 24.988281 20.777344
88.964844 27.214844 20.777344
