13.261719 2.722656 23.003906
13.261719 4.949219 23.003906
13.261719 7.175781 23.003906
13.261719 9.402344 23.003906
13.261719 24.988281 23.003906
13.261719 27.214844 23.003906
13.261719 29.441406 23.003906
13.261719 31.667969 23.003906
13.261719 33.894531 23.003906
13.261719 0.496094 25.230469
13.261719 2.722656 25.230469
13.261719 4.949219 25.230469
13.261719 7.175781 25.230469
13.261719 9.402344 25.230469
13.261719 11.628906 25.230469
13.261719 22.761719 25.230469
13.261719 24.988281 25.230469
13.261719 27.214844 25.230469
13.261719 29.441406 25.230469
13.261719 31.667969 25.230469
13.261719 33.894531 25.230469
13.261719 0.496094 27.457031
13.261719 2.722656 27.457031
13.261719 4.949219 27.457031
13.261719 7.175781 27.457031
13.261719 9.402344 27.457031
13.261719 11.628906 27.457031
13.261719 22.761719 27.457031
13.261719 24.988281 27.457031
13.261719 27.214844 27.457031
13.261719 29.441406 27.457031
13.261719 31.667969 27.457031
13.261719 33.894531 27.457031
13.261719 0.496094 29.683594
13.261719 2.722656 29.683594
13.261719 4.949219 29.683594
13.261719 7.175781 29.683594
13.261719 9.402344 29.683594
13.261719 11.628906 29.683594
13.261719 13.855469 29.683594
13.261719 22.761719 29.683594
13.261719 24.988281 29.683594
13.261719 27.214844 29.683594
13.261719 29.441406 29.683594
13.261719 31.667969 29.683594
13.261719 33.894531 29.683594
13.261719 0.496094 31.910156
13.261719 2.722656 31.910156
13.261719 4.949219 31.910156
13.261719 7.175781 31.910156
13.261719 9.402344 31.910156
13.261719 11.628906 31.910156
13.261719 13.855469 31.910156
13.261719 22.761719 31.910156
13.261719 24.988281 31.910156
13.261719 27.214844 31.910156
13.261719 29.441406 31.910156
13.261719 31.667969 31.910156
13.261719 33.894531 31.910156
13.261719 0.496094 34.136719
13.261719 2.722656 34.136719
13.261719 4.949219 34.136719
13.261719 7.175781 34.136719
13.261719 9.402344 34.136719
13.261719 11.628906 34.136719
13.261719 22.761719 34.136719
13.261719 24.988281 34.136719
13.261719 27.214844 34.136719
13.261719 29.441406 34.136719
13.261719 31.667969 34.136719
13.261719 33.894531 34.136719
13.261719 0.496094 36.363281
13.261719 2.722656 36.363281
13.261719 4.949219 36.363281
13.261719 7.175781 36.363281
13.261719 9.402344 36.363281
13.261719 11.628906 36.363281
13.261719 13.855469 36.363281
13.261719 16.082031 36.363281
13.261719 18.308594 36.363281
13.261719 20.535156 36.363281
13.261719 22.761719 36.363281
13.261719 24.988281 36.363281
13.261719 27.214844 36.363281
13.261719 29.441406 36.363281
13.261719 31.667969 36.363281
13.261719 33.894531 36.363281
13.261719 0.496094 38.589844
13.261719 2.722656 38.589844
13.261719 4.949219 38.589844
13.261719 7.175781 38.589844
13.261719 9.402344 38.589844
13.261719 11.628906 38.589844
13.261719 13.855469 38.589844
13.261719 16.082031 38.589844
13.261719 18.308594 38.589844
13.261719 20.535156 38.589844
13.261719 22.761719 38.589844
13.261719 24.988281 38.589844
13.261719 27.214844 38.589844
13.261719 29.441406 38.589844
13.261719 31.667969 38.589844
13.261719 33.894531 38.589844
13.261719 0.496094 40.816406
13.261719 2.722656 40.816406
13.261719 4.949219 40.816406
13.261719 7.175781 40.816406
13.261719 9.402344 40.816406
13.261719 11.628906 40.816406
13.261719 13.855469 40.816406
13.261719 16.082031 40.816406
13.261719 18.308594 40.816406
13.261719 20.535156 40.816406
13.261719 22.761719 40.816406
13.261719 24.988281 40.816406
13.261719 27.214844 40.816406
13.261719 29.441406 40.816406
13.261719 31.667969 40.816406
13.261719 33.894531 40.816406
13.261719 0.496094 43.042969
13.261719 2.722656 43.042969
13.261719 4.949219 43.042969
13.261719 7.175781 43.042969
13.261719 9.402344 43.042969
13.261719 11.628906 43.042969
13.261719 22.761719 43.042969
13.261719 24.988281 43.042969
13.261719 27.214844 43.042969
13.261719 29.441406 43.042969
13.261719 31.667969 43.042969
13.261719 33.894531 43.042969
13.261719 0.496094 45.269531
13.261719 2.722656 45.269531
13.261719 4.949219 45.269531
13.261719 7.175781 45.269531
13.261719 9.402344 45.269531
13.261719 11.628906 45.269531
13.261719 22.761719 45.269531
13.261719 24.988281 45.269531
13.261719 27.214844 45.269531
13.261719 29.441406 45.269531
13.261719 31.667969 45.269531
13.261719 33.894531 45.269531
13.261719 0.496094 47.496094
13.261719 2.722656 47.496094
13.261719 4.949219 47.496094
13.261719 7.175781 47.496094
13.261719 9.402344 47.496094
13.261719 11.628906 47.496094
13.261719 22.761719 47.496094
13.261719 24.988281 47.496094
13.261719 27.214844 47.496094
13.261719 29.441406 47.496094
13.261719 31.667969 47.496094
13.261719 33.894531 47.496094
15.488281 2.722656 23.003906
15.488281 4.949219 23.003906
15.488281 7.175781 23.003906
15.488281 9.402344 23.003906
15.488281 24.988281 23.003906
15.488281 27.214844 23.003906
15.488281 29.441406 23.003906
15.488281 31.667969 23.003906
15.488281 33.894531 23.003906
15.488281 0.496094 25.230469
15.488281 2.722656 25.230469
15.488281 9.402344 25.230469
15.488281 11.628906 25.230469
15.488281 22.761719 25.230469
15.488281 24.988281 25.230469
15.488281 33.894531 25.230469
15.488281 0.496094 27.457031
15.488281 11.628906 27.457031
15.488281 22.761719 27.457031
15.488281 33.894531 27.457031
15.488281 0.496094 29.683594
15.488281 11.628906 29.683594
15.488281 13.855469 29.683594
15.488281 22.761719 29.683594
15.488281 33.894531 29.683594
15.488281 0.496094 31.910156
15.488281 11.628906 31.910156
15.488281 13.855469 31.910156
15.488281 22.761719 31.910156
15.488281 24.988281 31.910156
15.488281 33.894531 31.910156
15.488281 0.496094 34.136719
15.488281 11.628906 34.136719
15.488281 22.761719 34.136719
15.488281 24.988281 34.136719
15.488281 33.894531 34.136719
15.488281 0.496094 36.363281
15.488281 2.722656 36.363281
15.488281 4.949219 36.363281
15.488281 11.628906 36.363281
15.488281 13.855469 36.363281
15.488281 16.082031 36.363281
15.488281 18.308594 36.363281
15.488281 20.535156 36.363281
15.488281 22.761719 36.363281
15.488281 29.441406 36.363281
15.488281 31.667969 36.363281
15.488281 33.894531 36.363281
15.488281 0.496094 38.589844
15.488281 4.949219 38.589844
15.488281 29.441406 38.589844
15.488281 31.667969 38.589844
15.488281 33.894531 38.589844
15.488281 0.496094 40.816406
15.488281 11.628906 40.816406
15.488281 13.855469 40.816406
15.488281 16.082031 40.816406
15.488281 18.308594 40.816406
15.488281 20.535156 40.816406
15.488281 22.761719 40.816406
15.488281 33.894531 40.816406
15.488281 0.496094 43.042969
15.488281 11.628906 43.042969
15.488281 13.855469 43.042969
15.488281 16.082031 43.042969
15.488281 18.308594 43.042969
15.488281 20.535156 43.042969
15.488281 22.761719 43.042969
15.488281 33.894531 43.042969
15.488281 0.496094 45.269531
15.488281 11.628906 45.269531
15.488281 13.855469 45.269531
15.488281 16.082031 45.269531
15.488281 18.308594 45.269531
15.488281 20.535156 45.269531
15.488281 22.761719 45.269531
15.488281 33.894531 45.269531
15.488281 0.496094 47.496094
15.488281 2.722656 47.496094
15.488281 4.949219 47.496094
15.488281 7.175781 47.496094
15.488281 9.402344 47.496094
15.488281 11.628906 47.496094
15.488281 13.855469 47.496094
15.488281 16.082031 47.496094
15.488281 18.308594 47.496094
15.488281 20.535156 47.496094
15.488281 22.761719 47.496094
15.488281 24.988281 47.496094
15.488281 27.214844 47.496094
15.488281 29.441406 47.496094
15.488281 31.667969 47.496094
15.488281 33.894531 47.496094
17.714844 2.722656 23.003906
17.714844 4.949219 23.003906
17.714844 7.175781 23.003906
17.714844 9.402344 23.003906
17.714844 24.988281 23.003906
17.714844 27.214844 23.003906
17.714844 29.441406 23.003906
17.714844 31.667969 23.003906
17.714844 33.894531 23.003906
17.714844 0.496094 25.230469
17.714844 2.722656 25.230469
17.714844 9.402344 25.230469
17.714844 11.628906 25.230469
17.714844 22.761719 25.230469
17.714844 24.988281 25.230469
17.714844 33.894531 25.230469
17.714844 0.496094 27.457031
17.714844 11.628906 27.457031
17.714844 22.761719 27.457031
17.714844 33.894531 27.457031
17.714844 0.496094 29.683594
17.714844 11.628906 29.683594
17.714844 13.855469 29.683594
17.714844 22.761719 29.683594
17.714844 33.894531 29.683594
17.714844 0.496094 31.910156
17.714844 11.628906 31.910156
17.714844 13.855469 31.910156
17.714844 22.761719 31.910156
17.714844 24.988281 31.910156
17.714844 33.894531 31.910156
17.714844 0.496094 34.136719
17.714844 11.628906 34.136719
17.714844 22.761719 34.136719
17.714844 24.988281 34.136719
17.714844 33.894531 34.136719
17.714844 0.496094 36.363281
17.714844 2.722656 36.363281
17.714844 4.949219 36.363281
17.714844 11.628906 36.363281
17.714844 13.855469 36.363281
17.714844 16.082031 36.363281
17.714844 18.308594 36.363281
17.714844 20.535156 36.363281
17.714844 22.761719 36.363281
17.714844 29.441406 36.363281
17.714844 31.667969 36.363281
17.714844 33.894531 36.363281
17.714844 0.496094 38.589844
17.714844 4.949219 38.589844
17.714844 29.441406 38.589844
17.714844 31.667969 38.589844
17.714844 33.894531 38.589844
17.714844 0.496094 40.816406
17.714844 33.894531 40.816406
17.714844 0.496094 43.042969
17.714844 33.894531 43.042969
17.714844 0.496094 45.269531
17.714844 33.894531 45.269531
17.714844 0.496094 47.496094
17.714844 2.722656 47.496094
17.714844 4.949219 47.496094
17.714844 7.175781 47.496094
17.714844 9.402344 47.496094
17.714844 11.628906 47.496094
17.714844 13.855469 47.496094
17.714844 16.082031 47.496094
17.714844 18.308594 47.496094
17.714844 20.535156 47.496094
17.714844 22.761719 47.496094
17.714844 24.988281 47.496094
17.714844 27.214844 47.496094
17.714844 29.441406 47.496094
17.714844 31.667969 47.496094
17.714844 33.894531 47.496094
19.941406 2.722656 23.003906
19.941406 4.949219 23.003906
19.941406 7.175781 23.003906
19.941406 9.402344 23.003906
19.941406 24.988281 23.003906
19.941406 27.214844 23.003906
19.941406 29.441406 23.003906
19.941406 31.667969 23.003906
19.941406 33.894531 23.003906
19.941406 0.496094 25.230469
19.941406 2.722656 25.230469
19.941406 9.402344 25.230469
19.941406 11.628906 25.230469
19.941406 22.761719 25.230469
19.941406 24.988281 25.230469
19.941406 33.894531 25.230469
19.941406 0.496094 27.457031
19.941406 11.628906 27.457031
19.941406 22.761719 27.457031
19.941406 33.894531 27.457031
19.941406 0.496094 29.683594
19.941406 11.628906 29.683594
19.941406 13.855469 29.683594
19.941406 22.761719 29.683594
19.941406 33.894531 29.683594
19.941406 0.496094 31.910156
19.941406 11.628906 31.910156
19.941406 13.855469 31.910156
19.941406 22.761719 31.910156
19.941406 24.988281 31.910156
19.941406 33.894531 31.910156
19.941406 0.496094 34.136719
19.941406 11.628906 34.136719
19.941406 22.761719 34.136719
19.941406 24.988281 34.136719
19.941406 33.894531 34.136719
19.941406 0.496094 36.363281
19.941406 2.722656 36.363281
19.941406 4.949219 36.363281
19.941406 11.628906 36.363281
19.941406 13.855469 36.363281
19.941406 16.082031 36.363281
19.941406 18.308594 36.363281
19.941406 20.535156 36.363281
19.941406 22.761719 36.363281
19.941406 29.441406 36.363281
19.941406 31.667969 36.363281
19.941406 33.894531 36.363281
19.941406 0.496094 38.589844
19.941406 2.722656 38.589844
19.941406 4.949219 38.589844
19.941406 13.855469 38.589844
19.941406 16.082031 38.589844
19.941406 18.308594 38.589844
19.941406 20.535156 38.589844
19.941406 29.441406 38.589844
19.941406 31.667969 38.589844
19.941406 33.894531 38.589844
19.941406 0.496094 40.816406
19.941406 2.722656 40.816406
19.941406 4.949219 40.816406
19.941406 16.082031 40.816406
19.941406 18.308594 40.816406
19.941406 29.441406 40.816406
19.941406 31.667969 40.816406
19.941406 33.894531 40.816406
19.941406 0.496094 43.042969
19.941406 2.722656 43.042969
19.941406 4.949219 43.042969
19.941406 16.082031 43.042969
19.941406 18.308594 43.042969
19.941406 29.441406 43.042969
19.941406 31.667969 43.042969
19.941406 33.894531 43.042969
19.941406 0.496094 45.269531
19.941406 2.722656 45.269531
19.941406 4.949219 45.269531
19.941406 16.082031 45.269531
19.941406 18.308594 45.269531
19.941406 29.441406 45.269531
19.941406 31.667969 45.269531
19.941406 33.894531 45.269531
19.941406 0.496094 47.496094
19.941406 2.722656 47.496094
19.941406 4.949219 47.496094
19.941406 7.175781 47.496094
19.941406 9.402344 47.496094
19.941406 11.628906 47.496094
19.941406 13.855469 47.496094
19.941406 16.082031 47.496094
19.941406 18.308594 47.496094
19.941406 20.535156 47.496094
19.941406 22.761719 47.496094
19.941406 24.988281 47.496094
19.941406 27.214844 47.496094
19.941406 29.441406 47.496094
19.941406 31.667969 47.496094
19.941406 33.894531 47.496094
22.167969 2.722656 23.003906
22.167969 4.949219 23.003906
22.167969 7.175781 23.003906
22.167969 9.402344 23.003906
22.167969 24.988281 23.003906
22.167969 27.214844 23.003906
22.167969 29.441406 23.003906
22.167969 31.667969 23.003906
22.167969 33.894531 23.003906
22.167969 0.496094 25.230469
22.167969 2.722656 25.230469
22.167969 9.402344 25.230469
22.167969 11.628906 25.230469
22.167969 22.761719 25.230469
22.167969 24.988281 25.230469
22.167969 33.894531 25.230469
22.167969 0.496094 27.457031
22.167969 11.628906 27.457031
22.167969 22.761719 27.457031
22.167969 33.894531 27.457031
22.167969 0.496094 29.683594
22.167969 11.628906 29.683594
22.167969 13.855469 29.683594
22.167969 22.761719 29.683594
22.167969 33.894531 29.683594
22.167969 0.496094 31.910156
22.167969 11.628906 31.910156
22.167969 13.855469 31.910156
22.167969 22.761719 31.910156
22.167969 24.988281 31.910156
22.167969 33.894531 31.910156
22.167969 0.496094 34.136719
22.167969 11.628906 34.136719
22.167969 22.761719 34.136719
22.167969 24.988281 34.136719
22.167969 33.894531 34.136719
22.167969 0.496094 36.363281
22.167969 2.722656 36.363281
22.167969 4.949219 36.363281
22.167969 11.628906 36.363281
22.167969 13.855469 36.363281
22.167969 20.535156 36.363281
22.167969 22.761719 36.363281
22.167969 29.441406 36.363281
22.167969 31.667969 36.363281
22.167969 33.894531 36.363281
22.167969 0.496094 38.589844
22.167969 2.722656 38.589844
22.167969 4.949219 38.589844
22.167969 13.855469 38.589844
22.167969 16.082031 38.589844
22.167969 18.308594 38.589844
22.167969 20.535156 38.589844
22.167969 29.441406 38.589844
22.167969 31.667969 38.589844
22.167969 33.894531 38.589844
22.167969 0.496094 40.816406
22.167969 2.722656 40.816406
22.167969 4.949219 40.816406
22.167969 16.082031 40.816406
22.167969 18.308594 40.816406
22.167969 29.441406 40.816406
22.167969 31.667969 40.816406
22.167969 33.894531 40.816406
22.167969 0.496094 43.042969
22.167969 2.722656 43.042969
22.167969 4.949219 43.042969
22.167969 16.082031 43.042969
22.167969 18.308594 43.042969
22.167969 29.441406 43.042969
22.167969 31.667969 43.042969
22.167969 33.894531 43.042969
22.167969 0.496094 45.269531
22.167969 2.722656 45.269531
22.167969 4.949219 45.269531
22.167969 16.082031 45.269531
22.167969 18.308594 45.269531
22.167969 29.441406 45.269531
22.167969 31.667969 45.269531
22.167969 33.894531 45.269531
22.167969 0.496094 47.496094
22.167969 2.722656 47.496094
22.167969 4.949219 47.496094
22.167969 7.175781 47.496094
22.167969 9.402344 47.496094
22.167969 11.628906 47.496094
22.167969 13.855469 47.496094
22.167969 16.082031 47.496094
22.167969 18.308594 47.496094
22.167969 20.535156 47.496094
22.167969 22.761719 47.496094
22.167969 24.988281 47.496094
22.167969 27.214844 47.496094
22.167969 29.441406 47.496094
22.167969 31.667969 47.496094
22.167969 33.894531 47.496094
24.394531 2.722656 23.003906
24.394531 4.949219 23.003906
24.394531 7.175781 23.003906
24.394531 9.402344 23.003906
24.394531 24.988281 23.003906
24.394531 27.214844 23.003906
24.394531 29.441406 23.003906
24.394531 31.667969 23.003906
24.394531 33.894531 23.003906
24.394531 0.496094 25.230469
24.394531 2.722656 25.230469
24.394531 9.402344 25.230469
24.394531 11.628906 25.230469
24.394531 22.761719 25.230469
24.394531 24.988281 25.230469
24.394531 33.894531 25.230469
24.394531 0.496094 27.457031
24.394531 11.628906 27.457031
24.394531 22.761719 27.457031
24.394531 33.894531 27.457031
24.394531 0.496094 29.683594
24.394531 11.628906 29.683594
24.394531 13.855469 29.683594
24.394531 22.761719 29.683594
24.394531 33.894531 29.683594
24.394531 0.496094 31.910156
24.394531 11.628906 31.910156
24.394531 13.855469 31.910156
24.394531 22.761719 31.910156
24.394531 24.988281 31.910156
24.394531 33.894531 31.910156
24.394531 0.496094 34.136719
24.394531 11.628906 34.136719
24.394531 22.761719 34.136719
24.394531 24.988281 34.136719
24.394531 33.894531 34.136719
24.394531 0.496094 36.363281
24.394531 11.628906 36.363281
24.394531 13.855469 36.363281
24.394531 16.082031 36.363281
24.394531 18.308594 36.363281
24.394531 20.535156 36.363281
24.394531 22.761719 36.363281
24.394531 33.894531 36.363281
24.394531 0.496094 38.589844
24.394531 2.722656 38.589844
24.394531 4.949219 38.589844
24.394531 13.855469 38.589844
24.394531 16.082031 38.589844
24.394531 18.308594 38.589844
24.394531 20.535156 38.589844
24.394531 29.441406 38.589844
24.394531 31.667969 38.589844
24.394531 33.894531 38.589844
24.394531 0.496094 40.816406
24.394531 2.722656 40.816406
24.394531 4.949219 40.816406
24.394531 16.082031 40.816406
24.394531 18.308594 40.816406
24.394531 29.441406 40.816406
24.394531 31.667969 40.816406
24.394531 33.894531 40.816406
24.394531 0.496094 43.042969
24.394531 2.722656 43.042969
24.394531 4.949219 43.042969
24.394531 16.082031 43.042969
24.394531 18.308594 43.042969
24.394531 29.441406 43.042969
24.394531 31.667969 43.042969
24.394531 33.894531 43.042969
24.394531 0.496094 45.269531
24.394531 2.722656 45.269531
24.394531 4.949219 45.269531
24.394531 16.082031 45.269531
24.394531 18.308594 45.269531
24.394531 29.441406 45.269531
24.394531 31.667969 45.269531
24.394531 33.894531 45.269531
24.394531 0.496094 47.496094
24.394531 2.722656 47.496094
24.394531 4.949219 47.496094
24.394531 7.175781 47.496094
24.394531 9.402344 47.496094
24.394531 11.628906 47.496094
24.394531 13.855469 47.496094
24.394531 16.082031 47.496094
24.394531 18.308594 47.496094
24.394531 20.535156 47.496094
24.394531 22.761719 47.496094
24.394531 24.988281 47.496094
24.394531 27.214844 47.496094
24.394531 29.441406 47.496094
24.394531 31.667969 47.496094
24.394531 33.894531 47.496094
26.621094 2.722656 23.003906
26.621094 4.949219 23.003906
26.621094 7.175781 23.003906
26.621094 9.402344 23.003906
26.621094 24.988281 23.003906
26.621094 27.214844 23.003906
26.621094 29.441406 23.003906
26.621094 31.667969 23.003906
26.621094 33.894531 23.003906
26.621094 0.496094 25.230469
26.621094 2.722656 25.230469
26.621094 9.402344 25.230469
26.621094 11.628906 25.230469
26.621094 22.761719 25.230469
26.621094 24.988281 25.230469
26.621094 33.894531 25.230469
26.621094 0.496094 27.457031
26.621094 11.628906 27.457031
26.621094 22.761719 27.457031
26.621094 33.894531 27.457031
26.621094 0.496094 29.683594
26.621094 11.628906 29.683594
26.621094 13.855469 29.683594
26.621094 22.761719 29.683594
26.621094 33.894531 29.683594
26.621094 0.496094 31.910156
26.621094 11.628906 31.910156
26.621094 13.855469 31.910156
26.621094 22.761719 31.910156
26.621094 24.988281 31.910156
26.621094 33.894531 31.910156
26.621094 0.496094 34.136719
26.621094 11.628906 34.136719
26.621094 22.761719 34.136719
26.621094 24.988281 34.136719
26.621094 33.894531 34.136719
26.621094 0.496094 36.363281
26.621094 11.628906 36.363281
26.621094 13.855469 36.363281
26.621094 16.082031 36.363281
26.621094 18.308594 36.363281
26.621094 20.535156 36.363281
26.621094 22.761719 36.363281
26.621094 33.894531 36.363281
26.621094 0.496094 38.589844
26.621094 33.894531 38.589844
26.621094 0.496094 40.816406
26.621094 33.894531 40.816406
26.621094 0.496094 43.042969
26.621094 33.894531 43.042969
26.621094 0.496094 45.269531
26.621094 33.894531 45.269531
26.621094 0.496094 47.496094
26.621094 2.722656 47.496094
26.621094 4.949219 47.496094
26.621094 7.175781 47.496094
26.621094 9.402344 47.496094
26.621094 11.628906 47.496094
26.621094 13.855469 47.496094
26.621094 16.082031 47.496094
26.621094 18.308594 47.496094
26.621094 20.535156 47.496094
26.621094 22.761719 47.496094
26.621094 24.988281 47.496094
26.621094 27.214844 47.496094
26.621094 29.441406 47.496094
26.621094 31.667969 47.496094
26.621094 33.894531 47.496094
28.847656 2.722656 23.003906
28.847656 4.949219 23.003906
28.847656 7.175781 23.003906
28.847656 9.402344 23.003906
28.847656 24.988281 23.003906
28.847656 27.214844 23.003906
28.847656 29.441406 23.003906
28.847656 31.667969 23.003906
28.847656 33.894531 23.003906
28.847656 0.496094 25.230469
28.847656 2.722656 25.230469
28.847656 9.402344 25.230469
28.847656 11.628906 25.230469
28.847656 22.761719 25.230469
28.847656 24.988281 25.230469
28.847656 33.894531 25.230469
28.847656 0.496094 27.457031
28.847656 11.628906 27.457031
28.847656 22.761719 27.457031
28.847656 33.894531 27.457031
28.847656 0.496094 29.683594
28.847656 11.628906 29.683594
28.847656 13.855469 29.683594
28.847656 22.761719 29.683594
28.847656 33.894531 29.683594
28.847656 0.496094 31.910156
28.847656 11.628906 31.910156
28.847656 13.855469 31.910156
28.847656 22.761719 31.910156
28.847656 24.988281 31.910156
28.847656 33.894531 31.910156
28.847656 0.496094 34.136719
28.847656 11.628906 34.136719
28.847656 22.761719 34.136719
28.847656 24.988281 34.136719
28.847656 33.894531 34.136719
28.847656 0.496094 36.363281
28.847656 11.628906 36.363281
28.847656 13.855469 36.363281
28.847656 16.082031 36.363281
28.847656 18.308594 36.363281
28.847656 20.535156 36.363281
28.847656 22.761719 36.363281
28.847656 33.894531 36.363281
28.847656 0.496094 38.589844
28.847656 33.894531 38.589844
28.847656 0.496094 40.816406
28.847656 33.894531 40.816406
28.847656 0.496094 43.042969
28.847656 33.894531 43.042969
28.847656 0.496094 45.269531
28.847656 33.894531 45.269531
28.847656 0.496094 47.496094
28.847656 2.722656 47.496094
28.847656 4.949219 47.496094
28.847656 7.175781 47.496094
28.847656 9.402344 47.496094
28.847656 11.628906 47.496094
28.847656 13.855469 47.496094
28.847656 16.082031 47.496094
28.847656 18.308594 47.496094
28.847656 20.535156 47.496094
28.847656 22.761719 47.496094
28.847656 24.988281 47.496094
28.847656 27.214844 47.496094
28.847656 29.441406 47.496094
28.847656 31.667969 47.496094
28.847656 33.894531 47.496094
31.074219 2.722656 23.003906
31.074219 4.949219 23.003906
31.074219 7.175781 23.003906
31.074219 9.402344 23.003906
31.074219 24.988281 23.003906
31.074219 27.214844 23.003906
31.074219 29.441406 23.003906
31.074219 31.667969 23.003906
31.074219 33.894531 23.003906
31.074219 0.496094 25.230469
31.074219 2.722656 25.230469
31.074219 9.402344 25.230469
31.074219 11.628906 25.230469
31.074219 22.761719 25.230469
31.074219 24.988281 25.230469
31.074219 33.894531 25.230469
31.074219 0.496094 27.457031
31.074219 11.628906 27.457031
31.074219 22.761719 27.457031
31.074219 33.894531 27.457031
31.074219 0.496094 29.683594
31.074219 11.628906 29.683594
31.074219 13.855469 29.683594
31.074219 22.761719 29.683594
31.074219 33.894531 29.683594
31.074219 0.496094 31.910156
31.074219 11.628906 31.910156
31.074219 13.855469 31.910156
31.074219 22.761719 31.910156
31.074219 24.988281 31.910156
31.074219 33.894531 31.910156
31.074219 0.496094 34.136719
31.074219 11.628906 34.136719
31.074219 22.761719 34.136719
31.074219 24.988281 34.136719
31.074219 33.894531 34.136719
31.074219 0.496094 36.363281
31.074219 11.628906 36.363281
31.074219 13.855469 36.363281
31.074219 16.082031 36.363281
31.074219 18.308594 36.363281
31.074219 20.535156 36.363281
31.074219 22.761719 36.363281
31.074219 33.894531 36.363281
31.074219 0.496094 38.589844
31.074219 33.894531 38.589844
31.074219 0.496094 40.816406
31.074219 33.894531 40.816406
31.074219 0.496094 43.042969
31.074219 33.894531 43.042969
31.074219 0.496094 45.269531
31.074219 33.894531 45.269531
31.074219 0.496094 47.496094
31.074219 2.722656 47.496094
31.074219 4.949219 47.496094
31.074219 7.175781 47.496094
31.074219 9.402344 47.496094
31.074219 11.628906 47.496094
31.074219 13.855469 47.496094
31.074219 16.082031 47.496094
31.074219 18.308594 47.496094
31.074219 20.535156 47.496094
31.074219 22.761719 47.496094
31.074219 24.988281 47.496094
31.074219 27.214844 47.496094
31.074219 29.441406 47.496094
31.074219 31.667969 47.496094
31.074219 33.894531 47.496094
33.300781 2.722656 23.003906
33.300781 4.949219 23.003906
33.300781 7.175781 23.003906
33.300781 9.402344 23.003906
33.300781 24.988281 23.003906
33.300781 27.214844 23.003906
33.300781 29.441406 23.003906
33.300781 31.667969 23.003906
33.300781 33.894531 23.003906
33.300781 0.496094 25.230469
33.300781 2.722656 25.230469
33.300781 9.402344 25.230469
33.300781 11.628906 25.230469
33.300781 22.761719 25.230469
33.300781 24.988281 25.230469
33.300781 33.894531 25.230469
33.300781 0.496094 27.457031
33.300781 11.628906 27.457031
33.300781 22.761719 27.457031
33.300781 33.894531 27.457031
33.300781 0.496094 29.683594
33.300781 11.628906 29.683594
33.300781 13.855469 29.683594
33.300781 22.761719 29.683594
33.300781 33.894531 29.683594
33.300781 0.496094 31.910156
33.300781 11.628906 31.910156
33.300781 13.855469 31.910156
33.300781 22.761719 31.910156
33.300781 24.988281 31.910156
33.300781 33.894531 31.910156
33.300781 0.496094 34.136719
33.300781 11.628906 34.136719
33.300781 22.761719 34.136719
33.300781 24.988281 34.136719
33.300781 33.894531 34.136719
33.300781 0.496094 36.363281
33.300781 2.722656 36.363281
33.300781 4.949219 36.363281
33.300781 7.175781 36.363281
33.300781 9.402344 36.363281
33.300781 11.628906 36.363281
33.300781 13.855469 36.363281
33.300781 16.082031 36.363281
33.300781 18.308594 36.363281
33.300781 20.535156 36.363281
33.300781 22.761719 36.363281
33.300781 24.988281 36.363281
33.300781 27.214844 36.363281
33.300781 29.441406 36.363281
33.300781 31.667969 36.363281
33.300781 33.894531 36.363281
33.300781 0.496094 38.589844
33.300781 2.722656 38.589844
33.300781 4.949219 38.589844
33.300781 7.175781 38.589844
33.300781 9.402344 38.589844
33.300781 24.988281 38.589844
33.300781 27.214844 38.589844
33.300781 29.441406 38.589844
33.300781 31.667969 38.589844
33.300781 33.894531 38.589844
33.300781 0.496094 40.816406
33.300781 33.894531 40.816406
33.300781 0.496094 43.042969
33.300781 33.894531 43.042969
33.300781 0.496094 45.269531
33.300781 33.894531 45.269531
33.300781 0.496094 47.496094
33.300781 2.722656 47.496094
33.300781 4.949219 47.496094
33.300781 7.175781 47.496094
33.300781 9.402344 47.496094
33.300781 11.628906 47.496094
33.300781 13.855469 47.496094
33.300781 16.082031 47.496094
33.300781 18.308594 47.496094
33.300781 20.535156 47.496094
33.300781 22.761719 47.496094
33.300781 24.988281 47.496094
33.300781 27.214844 47.496094
33.300781 29.441406 47.496094
33.300781 31.667969 47.496094
33.300781 33.894531 47.496094
35.527344 2.722656 23.003906
35.527344 4.949219 23.003906
35.527344 7.175781 23.003906
35.527344 9.402344 23.003906
35.527344 24.988281 23.003906
35.527344 27.214844 23.003906
35.527344 29.441406 23.003906
35.527344 31.667969 23.003906
35.527344 33.894531 23.003906
35.527344 0.496094 25.230469
35.527344 2.722656 25.230469
35.527344 9.402344 25.230469
35.527344 11.628906 25.230469
35.527344 22.761719 25.230469
35.527344 24.988281 25.230469
35.527344 33.894531 25.230469
35.527344 0.496094 27.457031
35.527344 11.628906 27.457031
35.527344 22.761719 27.457031
35.527344 33.894531 27.457031
35.527344 0.496094 29.683594
35.527344 11.628906 29.683594
35.527344 13.855469 29.683594
35.527344 22.761719 29.683594
35.527344 33.894531 29.683594
35.527344 0.496094 31.910156
35.527344 11.628906 31.910156
35.527344 13.855469 31.910156
35.527344 22.761719 31.910156
35.527344 24.988281 31.910156
35.527344 33.894531 31.910156
35.527344 0.496094 34.136719
35.527344 11.628906 34.136719
35.527344 22.761719 34.136719
35.527344 24.988281 34.136719
35.527344 33.894531 34.136719
35.527344 0.496094 36.363281
35.527344 2.722656 36.363281
35.527344 4.949219 36.363281
35.527344 7.175781 36.363281
35.527344 9.402344 36.363281
35.527344 11.628906 36.363281
35.527344 13.855469 36.363281
35.527344 16.082031 36.363281
35.527344 18.308594 36.363281
35.527344 20.535156 36.363281
35.527344 22.761719 36.363281
35.527344 24.988281 36.363281
35.527344 27.214844 36.363281
35.527344 29.441406 36.363281
35.527344 31.667969 36.363281
35.527344 33.894531 36.363281
35.527344 0.496094 38.589844
35.527344 2.722656 38.589844
35.527344 4.949219 38.589844
35.527344 7.175781 38.589844
35.527344 9.402344 38.589844
35.527344 24.988281 38.589844
35.527344 27.214844 38.589844
35.527344 29.441406 38.589844
35.527344 31.667969 38.589844
35.527344 33.894531 38.589844
35.527344 0.496094 40.816406
35.527344 33.894531 40.816406
35.527344 0.496094 43.042969
35.527344 33.894531 43.042969
35.527344 0.496094 45.269531
35.527344 33.894531 45.269531
35.527344 0.496094 47.496094
35.527344 2.722656 47.496094
35.527344 4.949219 47.496094
35.527344 7.175781 47.496094
35.527344 9.402344 47.496094
35.527344 11.628906 47.496094
35.527344 13.855469 47.496094
35.527344 16.082031 47.496094
35.527344 18.308594 47.496094
35.527344 20.535156 47.496094
35.527344 22.761719 47.496094
35.527344 24.988281 47.496094
35.527344 27.214844 47.496094
35.527344 29.441406 47.496094
35.527344 31.667969 47.496094
35.527344 33.894531 47.496094
37.753906 2.722656 23.003906
37.753906 4.949219 23.003906
37.753906 7.175781 23.003906
37.753906 9.402344 23.003906
37.753906 24.988281 23.003906
37.753906 27.214844 23.003906
37.753906 29.441406 23.003906
37.753906 31.667969 23.003906
37.753906 33.894531 23.003906
37.753906 0.496094 25.230469
37.753906 2.722656 25.230469
37.753906 9.402344 25.230469
37.753906 11.628906 25.230469
37.753906 22.761719 25.230469
37.753906 24.988281 25.230469
37.753906 33.894531 25.230469
37.753906 0.496094 27.457031
37.753906 11.628906 27.457031
37.753906 22.761719 27.457031
37.753906 33.894531 27.457031
37.753906 0.496094 29.683594
37.753906 11.628906 29.683594
37.753906 13.855469 29.683594
37.753906 22.761719 29.683594
37.753906 33.894531 29.683594
37.753906 0.496094 31.910156
37.753906 11.628906 31.910156
37.753906 13.855469 31.910156
37.753906 22.761719 31.910156
37.753906 24.988281 31.910156
37.753906 33.894531 31.910156
37.753906 0.496094 34.136719
37.753906 11.628906 34.136719
37.753906 22.761719 34.136719
37.753906 24.988281 34.136719
37.753906 33.894531 34.136719
37.753906 0.496094 36.363281
37.753906 11.628906 36.363281
37.753906 13.855469 36.363281
37.753906 16.082031 36.363281
37.753906 18.308594 36.363281
37.753906 20.535156 36.363281
37.753906 22.761719 36.363281
37.753906 33.894531 36.363281
37.753906 0.496094 38.589844
37.753906 33.894531 38.589844
37.753906 0.496094 40.816406
37.753906 33.894531 40.816406
37.753906 0.496094 43.042969
37.753906 33.894531 43.042969
37.753906 0.496094 45.269531
37.753906 33.894531 45.269531
37.753906 0.496094 47.496094
37.753906 2.722656 47.496094
37.753906 4.949219 47.496094
37.753906 7.175781 47.496094
37.753906 9.402344 47.496094
37.753906 11.628906 47.496094
37.753906 13.855469 47.496094
37.753906 16.082031 47.496094
37.753906 18.308594 47.496094
37.753906 20.535156 47.496094
37.753906 22.761719 47.496094
37.753906 24.988281 47.496094
37.753906 27.214844 47.496094
37.753906 29.441406 47.496094
37.753906 31.667969 47.496094
37.753906 33.894531 47.496094
39.980469 2.722656 23.003906
39.980469 4.949219 23.003906
39.980469 7.175781 23.003906
39.980469 9.402344 23.003906
39.980469 24.988281 23.003906
39.980469 27.214844 23.003906
39.980469 29.441406 23.003906
39.980469 31.667969 23.003906
39.980469 33.894531 23.003906
39.980469 0.496094 25.230469
39.980469 2.722656 25.230469
39.980469 9.402344 25.230469
39.980469 11.628906 25.230469
39.980469 22.761719 25.230469
39.980469 24.988281 25.230469
39.980469 33.894531 25.230469
39.980469 0.496094 27.457031
39.980469 11.628906 27.457031
39.980469 22.761719 27.457031
39.980469 33.894531 27.457031
39.980469 0.496094 29.683594
39.980469 11.628906 29.683594
39.980469 13.855469 29.683594
39.980469 22.761719 29.683594
39.980469 33.894531 29.683594
39.980469 0.496094 31.910156
39.980469 11.628906 31.910156
39.980469 13.855469 31.910156
39.980469 22.761719 31.910156
39.980469 24.988281 31.910156
39.980469 33.894531 31.910156
39.980469 0.496094 34.136719
39.980469 11.628906 34.136719
39.980469 22.761719 34.136719
39.980469 24.988281 34.136719
39.980469 33.894531 34.136719
39.980469 0.496094 36.363281
39.980469 11.628906 36.363281
39.980469 13.855469 36.363281
39.980469 16.082031 36.363281
39.980469 18.308594 36.363281
39.980469 20.535156 36.363281
39.980469 22.761719 36.363281
39.980469 33.894531 36.363281
39.980469 0.496094 38.589844
39.980469 33.894531 38.589844
39.980469 0.496094 40.816406
39.980469 33.894531 40.816406
39.980469 0.496094 43.042969
39.980469 33.894531 43.042969
39.980469 0.496094 45.269531
39.980469 33.894531 45.269531
39.980469 0.496094 47.496094
39.980469 2.722656 47.496094
39.980469 4.949219 47.496094
39.980469 7.175781 47.496094
39.980469 9.402344 47.496094
39.980469 11.628906 47.496094
39.980469 13.855469 47.496094
39.980469 16.082031 47.496094
39.980469 18.308594 47.496094
39.980469 20.535156 47.496094
39.980469 22.761719 47.496094
39.980469 24.988281 47.496094
39.980469 27.214844 47.496094
39.980469 29.441406 47.496094
39.980469 31.667969 47.496094
39.980469 33.894531 47.496094
42.207031 2.722656 23.003906
42.207031 4.949219 23.003906
42.207031 7.175781 23.003906
42.207031 9.402344 23.003906
42.207031 24.988281 23.003906
42.207031 27.214844 23.003906
42.207031 29.441406 23.003906
42.207031 31.667969 23.003906
42.207031 33.894531 23.003906
42.207031 0.496094 25.230469
42.207031 2.722656 25.230469
42.207031 9.402344 25.230469
42.207031 11.628906 25.230469
42.207031 22.761719 25.230469
42.207031 24.988281 25.230469
42.207031 33.894531 25.230469
42.207031 0.496094 27.457031
42.207031 11.628906 27.457031
42.207031 22.761719 27.457031
42.207031 33.894531 27.457031
42.207031 0.496094 29.683594
42.207031 11.628906 29.683594
42.207031 13.855469 29.683594
42.207031 22.761719 29.683594
42.207031 33.894531 29.683594
42.207031 0.496094 31.910156
42.207031 11.628906 31.910156
42.207031 13.855469 31.910156
42.207031 22.761719 31.910156
42.207031 24.988281 31.910156
42.207031 33.894531 31.910156
42.207031 0.496094 34.136719
42.207031 11.628906 34.136719
42.207031 22.761719 34.136719
42.207031 24.988281 34.136719
42.207031 33.894531 34.136719
42.207031 0.496094 36.363281
42.207031 11.628906 36.363281
42.207031 13.855469 36.363281
42.207031 16.082031 36.363281
42.207031 18.308594 36.363281
42.207031 20.535156 36.363281
42.207031 22.761719 36.363281
42.207031 33.894531 36.363281
42.207031 0.496094 38.589844
42.207031 33.894531 38.589844
42.207031 0.496094 40.816406
42.207031 33.894531 40.816406
42.207031 0.496094 43.042969
42.207031 33.894531 43.042969
42.207031 0.496094 45.269531
42.207031 33.894531 45.269531
42.207031 0.496094 47.496094
42.207031 2.722656 47.496094
42.207031 4.949219 47.496094
42.207031 7.175781 47.496094
42.207031 9.402344 47.496094
42.207031 11.628906 47.496094
42.207031 13.855469 47.496094
42.207031 16.082031 47.496094
42.207031 18.308594 47.496094
42.207031 20.535156 47.496094
42.207031 22.761719 47.496094
42.207031 24.988281 47.496094
42.207031 27.214844 47.496094
42.207031 29.441406 47.496094
42.207031 31.667969 47.496094
42.207031 33.894531 47.496094
44.433594 2.722656 23.003906
44.433594 4.949219 23.003906
44.433594 7.175781 23.003906
44.433594 9.402344 23.003906
44.433594 24.988281 23.003906
44.433594 27.214844 23.003906
44.433594 29.441406 23.003906
44.433594 31.667969 23.003906
44.433594 33.894531 23.003906
44.433594 0.496094 25.230469
44.433594 2.722656 25.230469
44.433594 9.402344 25.230469
44.433594 11.628906 25.230469
44.433594 22.761719 25.230469
44.433594 24.988281 25.230469
44.433594 33.894531 25.230469
44.433594 0.496094 27.457031
44.433594 11.628906 27.457031
44.433594 22.761719 27.457031
44.433594 33.894531 27.457031
44.433594 0.496094 29.683594
44.433594 11.628906 29.683594
44.433594 13.855469 29.683594
44.433594 22.761719 29.683594
44.433594 33.894531 29.683594
44.433594 0.496094 31.910156
44.433594 11.628906 31.910156
44.433594 13.855469 31.910156
44.433594 22.761719 31.910156
44.433594 24.988281 31.910156
44.433594 33.894531 31.910156
44.433594 0.496094 34.136719
44.433594 11.628906 34.136719
44.433594 22.761719 34.136719
44.433594 24.988281 34.136719
44.433594 33.894531 34.136719
44.433594 0.496094 36.363281
44.433594 11.628906 36.363281
44.433594 13.855469 36.363281
44.433594 16.082031 36.363281
44.433594 18.308594 36.363281
44.433594 20.535156 36.363281
44.433594 22.761719 36.363281
44.433594 33.894531 36.363281
44.433594 0.496094 38.589844
44.433594 16.082031 38.589844
44.433594 18.308594 38.589844
44.433594 33.894531 38.589844
44.433594 0.496094 40.816406
44.433594 33.894531 40.816406
44.433594 0.496094 43.042969
44.433594 33.894531 43.042969
44.433594 0.496094 45.269531
44.433594 33.894531 45.269531
44.433594 0.496094 47.496094
44.433594 2.722656 47.496094
44.433594 4.949219 47.496094
44.433594 7.175781 47.496094
44.433594 9.402344 47.496094
44.433594 11.628906 47.496094
44.433594 13.855469 47.496094
44.433594 16.082031 47.496094
44.433594 18.308594 47.496094
44.433594 20.535156 47.496094
44.433594 22.761719 47.496094
44.433594 24.988281 47.496094
44.433594 27.214844 47.496094
44.433594 29.441406 47.496094
44.433594 31.667969 47.496094
44.433594 33.894531 47.496094
46.660156 2.722656 23.003906
46.660156 4.949219 23.003906
46.660156 7.175781 23.003906
46.660156 9.402344 23.003906
46.660156 24.988281 23.003906
46.660156 27.214844 23.003906
46.660156 29.441406 23.003906
46.660156 31.667969 23.003906
46.660156 33.894531 23.003906
46.660156 0.496094 25.230469
46.660156 2.722656 25.230469
46.660156 9.402344 25.230469
46.660156 11.628906 25.230469
46.660156 22.761719 25.230469
46.660156 24.988281 25.230469
46.660156 33.894531 25.230469
46.660156 0.496094 27.457031
46.660156 11.628906 27.457031
46.660156 22.761719 27.457031
46.660156 33.894531 27.457031
46.660156 0.496094 29.683594
46.660156 11.628906 29.683594
46.660156 13.855469 29.683594
46.660156 22.761719 29.683594
46.660156 33.894531 29.683594
46.660156 0.496094 31.910156
46.660156 11.628906 31.910156
46.660156 13.855469 31.910156
46.660156 22.761719 31.910156
46.660156 24.988281 31.910156
46.660156 33.894531 31.910156
46.660156 0.496094 34.136719
46.660156 11.628906 34.136719
46.660156 22.761719 34.136719
46.660156 24.988281 34.136719
46.660156 33.894531 34.136719
46.660156 0.496094 36.363281
46.660156 11.628906 36.363281
46.660156 13.855469 36.363281
46.660156 16.082031 36.363281
46.660156 18.308594 36.363281
46.660156 20.535156 36.363281
46.660156 22.761719 36.363281
46.660156 33.894531 36.363281
46.660156 0.496094 38.589844
46.660156 2.722656 38.589844
46.660156 4.949219 38.589844
46.660156 13.855469 38.589844
46.660156 16.082031 38.589844
46.660156 18.308594 38.589844
46.660156 20.535156 38.589844
46.660156 29.441406 38.589844
46.660156 31.667969 38.589844
46.660156 33.894531 38.589844
46.660156 0.496094 40.816406
46.660156 2.722656 40.816406
46.660156 4.949219 40.816406
46.660156 16.082031 40.816406
46.660156 18.308594 40.816406
46.660156 29.441406 40.816406
46.660156 31.667969 40.816406
46.660156 33.894531 40.816406
46.660156 0.496094 43.042969
46.660156 2.722656 43.042969
46.660156 4.949219 43.042969
46.660156 16.082031 43.042969
46.660156 18.308594 43.042969
46.660156 29.441406 43.042969
46.660156 31.667969 43.042969
46.660156 33.894531 43.042969
46.660156 0.496094 45.269531
46.660156 2.722656 45.269531
46.660156 4.949219 45.269531
46.660156 16.082031 45.269531
46.660156 18.308594 45.269531
46.660156 29.441406 45.269531
46.660156 31.667969 45.269531
46.660156 33.894531 45.269531
46.660156 0.496094 47.496094
46.660156 2.722656 47.496094
46.660156 4.949219 47.496094
46.660156 7.175781 47.496094
46.660156 9.402344 47.496094
46.660156 11.628906 47.496094
46.660156 13.855469 47.496094
46.660156 16.082031 47.496094
46.660156 18.308594 47.496094
46.660156 20.535156 47.496094
46.660156 22.761719 47.496094
46.660156 24.988281 47.496094
46.660156 27.214844 47.496094
46.660156 29.441406 47.496094
46.660156 31.667969 47.496094
46.660156 33.894531 47.496094
48.886719 2.722656 23.003906
48.886719 4.949219 23.003906
48.886719 7.175781 23.003906
48.886719 9.402344 23.003906
48.886719 24.988281 23.003906
48.886719 27.214844 23.003906
48.886719 29.441406 23.003906
48.886719 31.667969 23.003906
48.886719 33.894531 23.003906
48.886719 0.496094 25.230469
48.886719 2.722656 25.230469
48.886719 9.402344 25.230469
48.886719 11.628906 25.230469
48.886719 22.761719 25.230469
48.886719 24.988281 25.230469
48.886719 33.894531 25.230469
48.886719 0.496094 27.457031
48.886719 11.628906 27.457031
48.886719 22.761719 27.457031
48.886719 33.894531 27.457031
48.886719 0.496094 29.683594
48.886719 11.628906 29.683594
48.886719 13.855469 29.683594
48.886719 22.761719 29.683594
48.886719 33.894531 29.683594
48.886719 0.496094 31.910156
48.886719 11.628906 31.910156
48.886719 13.855469 31.910156
48.886719 22.761719 31.910156
48.886719 24.988281 31.910156
48.886719 33.894531 31.910156
48.886719 0.496094 34.136719
48.886719 11.628906 34.136719
48.886719 22.761719 34.136719
48.886719 24.988281 34.136719
48.886719 33.894531 34.136719
48.886719 0.496094 36.363281
48.886719 2.722656 36.363281
48.886719 4.949219 36.363281
48.886719 11.628906 36.363281
48.886719 13.855469 36.363281
48.886719 16.082031 36.363281
48.886719 20.535156 36.363281
48.886719 22.761719 36.363281
48.886719 29.441406 36.363281
48.886719 31.667969 36.363281
48.886719 33.894531 36.363281
48.886719 0.496094 38.589844
48.886719 2.722656 38.589844
48.886719 4.949219 38.589844
48.886719 13.855469 38.589844
48.886719 16.082031 38.589844
48.886719 18.308594 38.589844
48.886719 20.535156 38.589844
48.886719 29.441406 38.589844
48.886719 31.667969 38.589844
48.886719 33.894531 38.589844
48.886719 0.496094 40.816406
48.886719 2.722656 40.816406
48.886719 4.949219 40.816406
48.886719 16.082031 40.816406
48.886719 18.308594 40.816406
48.886719 29.441406 40.816406
48.886719 31.667969 40.816406
48.886719 33.894531 40.816406
48.886719 0.496094 43.042969
48.886719 2.722656 43.042969
48.886719 4.949219 43.042969
48.886719 16.082031 43.042969
48.886719 18.308594 43.042969
48.886719 29.441406 43.042969
48.886719 31.667969 43.042969
48.886719 33.894531 43.042969
48.886719 0.496094 45.269531
48.886719 2.722656 45.269531
48.886719 4.949219 45.269531
48.886719 16.082031 45.269531
48.886719 18.308594 45.269531
48.886719 29.441406 45.269531
48.886719 31.667969 45.269531
48.886719 33.894531 45.269531
48.886719 0.496094 47.496094
48.886719 2.722656 47.496094
48.886719 4.949219 47.496094
48.886719 7.175781 47.496094
48.886719 9.402344 47.496094
48.886719 11.628906 47.496094
48.886719 13.855469 47.496094
48.886719 16.082031 47.496094
48.886719 18.308594 47.496094
48.886719 20.535156 47.496094
48.886719 22.761719 47.496094
48.886719 24.988281 47.496094
48.886719 27.214844 47.496094
48.886719 29.441406 47.496094
48.886719 31.667969 47.496094
48.886719 33.894531 47.496094
51.113281 2.722656 23.003906
51.113281 4.949219 23.003906
51.113281 7.175781 23.003906
51.113281 9.402344 23.003906
51.113281 24.988281 23.003906
51.113281 27.214844 23.003906
51.113281 29.441406 23.003906
51.113281 31.667969 23.003906
51.113281 33.894531 23.003906
51.113281 0.496094 25.230469
51.113281 2.722656 25.230469
51.113281 9.402344 25.230469
51.113281 11.628906 25.230469
51.113281 22.761719 25.230469
51.113281 24.988281 25.230469
51.113281 33.894531 25.230469
51.113281 0.496094 27.457031
51.113281 11.628906 27.457031
51.113281 22.761719 27.457031
51.113281 33.894531 27.457031
51.113281 0.496094 29.683594
51.113281 11.628906 29.683594
51.113281 13.855469 29.683594
51.113281 22.761719 29.683594
51.113281 33.894531 29.683594
51.113281 0.496094 31.910156
51.113281 11.628906 31.910156
51.113281 13.855469 31.910156
51.113281 22.761719 31.910156
51.113281 24.988281 31.910156
51.113281 33.894531 31.910156
51.113281 0.496094 34.136719
51.113281 11.628906 34.136719
51.113281 22.761719 34.136719
51.113281 24.988281 34.136719
51.113281 33.894531 34.136719
51.113281 0.496094 36.363281
51.113281 2.722656 36.363281
51.113281 4.949219 36.363281
51.113281 11.628906 36.363281
51.113281 13.855469 36.363281
51.113281 16.082031 36.363281
51.113281 18.308594 36.363281
51.113281 20.535156 36.363281
51.113281 22.761719 36.363281
51.113281 29.441406 36.363281
51.113281 31.667969 36.363281
51.113281 33.894531 36.363281
51.113281 0.496094 38.589844
51.113281 4.949219 38.589844
51.113281 16.082031 38.589844
51.113281 18.308594 38.589844
51.113281 20.535156 38.589844
51.113281 29.441406 38.589844
51.113281 31.667969 38.589844
51.113281 33.894531 38.589844
51.113281 0.496094 40.816406
51.113281 33.894531 40.816406
51.113281 0.496094 43.042969
51.113281 33.894531 43.042969
51.113281 0.496094 45.269531
51.113281 33.894531 45.269531
51.113281 0.496094 47.496094
51.113281 2.722656 47.496094
51.113281 4.949219 47.496094
51.113281 7.175781 47.496094
51.113281 9.402344 47.496094
51.113281 11.628906 47.496094
51.113281 13.855469 47.496094
51.113281 16.082031 47.496094
51.113281 18.308594 47.496094
51.113281 20.535156 47.496094
51.113281 22.761719 47.496094
51.113281 24.988281 47.496094
51.113281 27.214844 47.496094
51.113281 29.441406 47.496094
51.113281 31.667969 47.496094
51.113281 33.894531 47.496094
53.339844 2.722656 23.003906
53.339844 4.949219 23.003906
53.339844 7.175781 23.003906
53.339844 9.402344 23.003906
53.339844 24.988281 23.003906
53.339844 27.214844 23.003906
53.339844 29.441406 23.003906
53.339844 31.667969 23.003906
53.339844 33.894531 23.003906
53.339844 0.496094 25.230469
53.339844 2.722656 25.230469
53.339844 9.402344 25.230469
53.339844 11.628906 25.230469
53.339844 22.761719 25.230469
53.339844 24.988281 25.230469
53.339844 33.894531 25.230469
53.339844 0.496094 27.457031
53.339844 11.628906 27.457031
53.339844 22.761719 27.457031
53.339844 33.894531 27.457031
53.339844 0.496094 29.683594
53.339844 11.628906 29.683594
53.339844 13.855469 29.683594
53.339844 22.761719 29.683594
53.339844 33.894531 29.683594
53.339844 0.496094 31.910156
53.339844 11.628906 31.910156
53.339844 13.855469 31.910156
53.339844 22.761719 31.910156
53.339844 24.988281 31.910156
53.339844 33.894531 31.910156
53.339844 0.496094 34.136719
53.339844 11.628906 34.136719
53.339844 22.761719 34.136719
53.339844 24.988281 34.136719
53.339844 33.894531 34.136719
53.339844 0.496094 36.363281
53.339844 2.722656 36.363281
53.339844 4.949219 36.363281
53.339844 11.628906 36.363281
53.339844 13.855469 36.363281
53.339844 16.082031 36.363281
53.339844 18.308594 36.363281
53.339844 20.535156 36.363281
53.339844 22.761719 36.363281
53.339844 29.441406 36.363281
53.339844 31.667969 36.363281
53.339844 33.894531 36.363281
53.339844 0.496094 38.589844
53.339844 4.949219 38.589844
53.339844 29.441406 38.589844
53.339844 31.667969 38.589844
53.339844 33.894531 38.589844
53.339844 0.496094 40.816406
53.339844 13.855469 40.816406
53.339844 16.082031 40.816406
53.339844 18.308594 40.816406
53.339844 20.535156 40.816406
53.339844 33.894531 40.816406
53.339844 0.496094 43.042969
53.339844 13.855469 43.042969
53.339844 16.082031 43.042969
53.339844 18.308594 43.042969
53.339844 20.535156 43.042969
53.339844 33.894531 43.042969
53.339844 0.496094 45.269531
53.339844 13.855469 45.269531
53.339844 16.082031 45.269531
53.339844 18.308594 45.269531
53.339844 20.535156 45.269531
53.339844 33.894531 45.269531
53.339844 0.496094 47.496094
53.339844 2.722656 47.496094
53.339844 4.949219 47.496094
53.339844 7.175781 47.496094
53.339844 9.402344 47.496094
53.339844 11.628906 47.496094
53.339844 13.855469 47.496094
53.339844 16.082031 47.496094
53.339844 18.308594 47.496094
53.339844 20.535156 47.496094
53.339844 22.761719 47.496094
53.339844 24.988281 47.496094
53.339844 27.214844 47.496094
53.339844 29.441406 47.496094
53.339844 31.667969 47.496094
53.339844 33.894531 47.496094
55.566406 2.722656 23.003906
55.566406 4.949219 23.003906
55.566406 7.175781 23.003906
55.566406 9.402344 23.003906
55.566406 24.988281 23.003906
55.566406 27.214844 23.003906
55.566406 29.441406 23.003906
55.566406 31.667969 23.003906
55.566406 33.894531 23.003906
55.566406 0.496094 25.230469
55.566406 2.722656 25.230469
55.566406 4.949219 25.230469
55.566406 7.175781 25.230469
55.566406 9.402344 25.230469
55.566406 11.628906 25.230469
55.566406 22.761719 25.230469
55.566406 24.988281 25.230469
55.566406 27.214844 25.230469
55.566406 29.441406 25.230469
55.566406 31.667969 25.230469
55.566406 33.894531 25.230469
55.566406 0.496094 27.457031
55.566406 2.722656 27.457031
55.566406 4.949219 27.457031
55.566406 7.175781 27.457031
55.566406 9.402344 27.457031
55.566406 11.628906 27.457031
55.566406 22.761719 27.457031
55.566406 24.988281 27.457031
55.566406 27.214844 27.457031
55.566406 29.441406 27.457031
55.566406 31.667969 27.457031
55.566406 33.894531 27.457031
55.566406 0.496094 29.683594
55.566406 2.722656 29.683594
55.566406 4.949219 29.683594
55.566406 7.175781 29.683594
55.566406 9.402344 29.683594
55.566406 11.628906 29.683594
55.566406 13.855469 29.683594
55.566406 22.761719 29.683594
55.566406 24.988281 29.683594
55.566406 27.214844 29.683594
55.566406 29.441406 29.683594
55.566406 31.667969 29.683594
55.566406 33.894531 29.683594
55.566406 0.496094 31.910156
55.566406 2.722656 31.910156
55.566406 4.949219 31.910156
55.566406 7.175781 31.910156
55.566406 9.402344 31.910156
55.566406 11.628906 31.910156
55.566406 13.855469 31.910156
55.566406 22.761719 31.910156
55.566406 24.988281 31.910156
55.566406 27.214844 31.910156
55.566406 29.441406 31.910156
55.566406 31.667969 31.910156
55.566406 33.894531 31.910156
55.566406 0.496094 34.136719
55.566406 2.722656 34.136719
55.566406 4.949219 34.136719
55.566406 7.175781 34.136719
55.566406 9.402344 34.136719
55.566406 11.628906 34.136719
55.566406 22.761719 34.136719
55.566406 24.988281 34.136719
55.566406 27.214844 34.136719
55.566406 29.441406 34.136719
55.566406 31.667969 34.136719
55.566406 33.894531 34.136719
55.566406 0.496094 36.363281
55.566406 2.722656 36.363281
55.566406 4.949219 36.363281
55.566406 7.175781 36.363281
55.566406 9.402344 36.363281
55.566406 11.628906 36.363281
55.566406 13.855469 36.363281
55.566406 16.082031 36.363281
55.566406 18.308594 36.363281
55.566406 20.535156 36.363281
55.566406 22.761719 36.363281
55.566406 24.988281 36.363281
55.566406 27.214844 36.363281
55.566406 29.441406 36.363281
55.566406 31.667969 36.363281
55.566406 33.894531 36.363281
55.566406 0.496094 38.589844
55.566406 2.722656 38.589844
55.566406 4.949219 38.589844
55.566406 7.175781 38.589844
55.566406 9.402344 38.589844
55.566406 11.628906 38.589844
55.566406 13.855469 38.589844
55.566406 16.082031 38.589844
55.566406 18.308594 38.589844
55.566406 20.535156 38.589844
55.566406 22.761719 38.589844
55.566406 24.988281 38.589844
55.566406 27.214844 38.589844
55.566406 29.441406 38.589844
55.566406 31.667969 38.589844
55.566406 33.894531 38.589844
55.566406 0.496094 40.816406
55.566406 2.722656 40.816406
55.566406 4.949219 40.816406
55.566406 7.175781 40.816406
55.566406 9.402344 40.816406
55.566406 11.628906 40.816406
55.566406 13.855469 40.816406
55.566406 16.082031 40.816406
55.566406 18.308594 40.816406
55.566406 20.535156 40.816406
55.566406 22.761719 40.816406
55.566406 24.988281 40.816406
55.566406 27.214844 40.816406
55.566406 29.441406 40.816406
55.566406 31.667969 40.816406
55.566406 33.894531 40.816406
55.566406 0.496094 43.042969
55.566406 2.722656 43.042969
55.566406 4.949219 43.042969
55.566406 7.175781 43.042969
55.566406 9.402344 43.042969
55.566406 11.628906 43.042969
55.566406 13.855469 43.042969
55.566406 20.535156 43.042969
55.566406 22.761719 43.042969
55.566406 24.988281 43.042969
55.566406 27.214844 43.042969
55.566406 29.441406 43.042969
55.566406 31.667969 43.042969
55.566406 33.894531 43.042969
55.566406 0.496094 45.269531
55.566406 2.722656 45.269531
55.566406 4.949219 45.269531
55.566406 7.175781 45.269531
55.566406 9.402344 45.269531
55.566406 11.628906 45.269531
55.566406 13.855469 45.269531
55.566406 20.535156 45.269531
55.566406 22.761719 45.269531
55.566406 24.988281 45.269531
55.566406 27.214844 45.269531
55.566406 29.441406 45.269531
55.566406 31.667969 45.269531
55.566406 33.894531 45.269531
55.566406 0.496094 47.496094
55.566406 2.722656 47.496094
55.566406 4.949219 47.496094
55.566406 7.175781 47.496094
55.566406 9.402344 47.496094
55.566406 11.628906 47.496094
55.566406 13.855469 47.496094
55.566406 20.535156 47.496094
55.566406 22.761719 47.496094
55.566406 24.988281 47.496094
55.566406 27.214844 47.496094
55.566406 29.441406 47.496094
55.566406 31.667969 47.496094
55.566406 33.894531 47.496094
