19.941406 -1.730469 67.535156
19.941406 0.496094 67.535156
19.941406 2.722656 67.535156
19.941406 4.949219 67.535156
19.941406 7.175781 67.535156
19.941406 9.402344 67.535156
19.941406 11.628906 67.535156
19.941406 13.855469 67.535156
19.941406 16.082031 67.535156
19.941406 18.308594 67.535156
19.941406 20.535156 67.535156
19.941406 22.761719 67.535156
19.941406 24.988281 67.535156
19.941406 27.214844 67.535156
19.941406 29.441406 67.535156
19.941406 31.667969 67.535156
19.941406 33.894531 67.535156
19.941406 36.121094 67.535156
19.941406 38.347656 67.535156
19.941406 -1.730469 69.761719
19.941406 0.496094 69.761719
19.941406 2.722656 69.761719
19.941406 4.949219 69.761719
19.941406 7.175781 69.761719
19.941406 9.402344 69.761719
19.941406 11.628906 69.761719
19.941406 13.855469 69.761719
19.941406 16.082031 69.761719
19.941406 18.308594 69.761719
19.941406 20.535156 69.761719
19.941406 22.761719 69.761719
19.941406 24.988281 69.761719
19.941406 27.214844 69.761719
19.941406 29.441406 69.761719
19.941406 31.667969 69.761719
19.941406 33.894531 69.761719
19.941406 36.121094 69.761719
19.941406 38.347656 69.761719
19.941406 -1.730469 71.988281
19.941406 0.496094 71.988281
19.941406 2.722656 71.988281
19.941406 4.949219 71.988281
19.941406 7.175781 71.988281
19.941406 9.402344 71.988281
19.941406 11.628906 71.988281
19.941406 13.855469 71.988281
19.941406 16.082031 71.988281
19.941406 18.308594 71.988281
19.941406 20.535156 71.988281
19.941406 22.761719 71.988281
19.941406 24.988281 71.988281
19.941406 27.214844 71.988281
19.941406 29.441406 71.988281
19.941406 31.667969 71.988281
19.941406 33.894531 71.988281
19.941406 36.121094 71.988281
19.941406 38.347656 71.988281
19.941406 -1.730469 74.214844
19.941406 0.496094 74.214844
19.941406 2.722656 74.214844
19.941406 4.949219 74.214844
19.941406 7.175781 74.214844
19.941406 9.402344 74.214844
19.941406 11.628906 74.214844
19.941406 13.855469 74.214844
19.941406 16.082031 74.214844
19.941406 18.308594 74.214844
19.941406 20.535156 74.214844
19.941406 22.761719 74.214844
19.941406 24.988281 74.214844
19.941406 27.214844 74.214844
19.941406 29.441406 74.214844
19.941406 31.667969 74.214844
19.941406 33.894531 74.214844
19.941406 36.121094 74.214844
19.941406 38.347656 74.214844
19.941406 -1.730469 76.441406
19.941406 0.496094 76.441406
19.941406 2.722656 76.441406
19.941406 4.949219 76.441406
19.941406 7.175781 76.441406
19.941406 9.402344 76.441406
19.941406 11.628906 76.441406
19.941406 13.855469 76.441406
19.941406 16.082031 76.441406
19.941406 18.308594 76.441406
19.941406 20.535156 76.441406
19.941406 22.761719 76.441406
19.941406 24.988281 76.441406
19.941406 27.214844 76.441406
19.941406 29.441406 76.441406
19.941406 31.667969 76.441406
19.941406 33.894531 76.441406
19.941406 36.121094 76.441406
19.941406 38.347656 76.441406
19.941406 -1.730469 78.667969
19.941406 0.496094 78.667969
19.941406 2.722656 78.667969
19.941406 4.949219 78.667969
19.941406 7.175781 78.667969
19.941406 9.402344 78.667969
19.941406 11.628906 78.667969
19.941406 13.855469 78.667969
19.941406 16.082031 78.667969
19.941406 18.308594 78.667969
19.941406 20.535156 78.667969
19.941406 22.761719 78.667969
19.941406 24.988281 78.667969
19.941406 27.214844 78.667969
19.941406 29.441406 78.667969
19.941406 31.667969 78.667969
19.941406 33.894531 78.667969
19.941406 36.121094 78.667969
19.941406 38.347656 78.667969
19.941406 -1.730469 80.894531
19.941406 0.496094 80.894531
19.941406 2.722656 80.894531
19.941406 4.949219 80.894531
19.941406 7.175781 80.894531
19.941406 9.402344 80.894531
19.941406 11.628906 80.894531
19.941406 13.855469 80.894531
19.941406 16.082031 80.894531
19.941406 18.308594 80.894531
19.941406 20.535156 80.894531
19.941406 22.761719 80.894531
19.941406 24.988281 80.894531
19.941406 27.214844 80.894531
19.941406 29.441406 80.894531
19.941406 31.667969 80.894531
19.941406 33.894531 80.894531
19.941406 36.121094 80.894531
19.941406 38.347656 80.894531
19.941406 -1.730469 83.121094
19.941406 0.496094 83.121094
19.941406 2.722656 83.121094
19.941406 4.949219 83.121094
19.941406 7.175781 83.121094
19.941406 9.402344 83.121094
19.941406 11.628906 83.121094
19.941406 13.855469 83.121094
19.941406 16.082031 83.121094
19.941406 18.308594 83.121094
19.941406 20.535156 83.121094
19.941406 22.761719 83.121094
19.941406 24.988281 83.121094
19.941406 27.214844 83.121094
19.941406 29.441406 83.121094
19.941406 31.667969 83.121094
19.941406 33.894531 83.121094
19.941406 36.121094 83.121094
19.941406 38.347656 83.121094
19.941406 -1.730469 85.347656
19.941406 0.496094 85.347656
19.941406 2.722656 85.347656
19.941406 4.949219 85.347656
19.941406 7.175781 85.347656
19.941406 9.402344 85.347656
19.941406 11.628906 85.347656
19.941406 13.855469 85.347656
19.941406 16.082031 85.347656
19.941406 18.308594 85.347656
19.941406 20.535156 85.347656
19.941406 22.761719 85.347656
19.941406 24.988281 85.347656
19.941406 27.214844 85.347656
19.941406 29.441406 85.347656
19.941406 31.667969 85.347656
19.941406 33.894531 85.347656
19.941406 36.121094 85.347656
19.941406 38.347656 85.347656
22.167969 -1.730469 67.535156
22.167969 0.496094 67.535156
22.167969 2.722656 67.535156
22.167969 4.949219 67.535156
22.167969 7.175781 67.535156
22.167969 9.402344 67.535156
22.167969 11.628906 67.535156
22.167969 13.855469 67.535156
22.167969 16.082031 67.535156
22.167969 18.308594 67.535156
22.167969 20.535156 67.535156
22.167969 22.761719 67.535156
22.167969 24.988281 67.535156
22.167969 27.214844 67.535156
22.167969 29.441406 67.535156
22.167969 31.667969 67.535156
22.167969 33.894531 67.535156
22.167969 36.121094 67.535156
22.167969 38.347656 67.535156
22.167969 -1.730469 69.761719
22.167969 38.347656 69.761719
22.167969 -1.730469 71.988281
22.167969 38.347656 71.988281
22.167969 -1.730469 74.214844
22.167969 38.347656 74.214844
22.167969 -1.730469 76.441406
22.167969 0.496094 76.441406
22.167969 2.722656 76.441406
22.167969 4.949219 76.441406
22.167969 7.175781 76.441406
22.167969 9.402344 76.441406
22.167969 11.628906 76.441406
22.167969 13.855469 76.441406
22.167969 16.082031 76.441406
22.167969 18.308594 76.441406
22.167969 20.535156 76.441406
22.167969 22.761719 76.441406
22.167969 24.988281 76.441406
22.167969 27.214844 76.441406
22.167969 29.441406 76.441406
22.167969 31.667969 76.441406
22.167969 33.894531 76.441406
22.167969 36.121094 76.441406
22.167969 38.347656 76.441406
22.167969 -1.730469 78.667969
22.167969 0.496094 78.667969
22.167969 2.722656 78.667969
22.167969 4.949219 78.667969
22.167969 7.175781 78.667969
22.167969 9.402344 78.667969
22.167969 11.628906 78.667969
22.167969 13.855469 78.667969
22.167969 16.082031 78.667969
22.167969 18.308594 78.667969
22.167969 20.535156 78.667969
22.167969 22.761719 78.667969
22.167969 24.988281 78.667969
22.167969 27.214844 78.667969
22.167969 29.441406 78.667969
22.167969 31.667969 78.667969
22.167969 33.894531 78.667969
22.167969 36.121094 78.667969
22.167969 38.347656 78.667969
22.167969 -1.730469 80.894531
22.167969 0.496094 80.894531
22.167969 2.722656 80.894531
22.167969 4.949219 80.894531
22.167969 7.175781 80.894531
22.167969 9.402344 80.894531
22.167969 11.628906 80.894531
22.167969 13.855469 80.894531
22.167969 16.082031 80.894531
22.167969 18.308594 80.894531
22.167969 20.535156 80.894531
22.167969 22.761719 80.894531
22.167969 24.988281 80.894531
22.167969 27.214844 80.894531
22.167969 29.441406 80.894531
22.167969 31.667969 80.894531
22.167969 33.894531 80.894531
22.167969 36.121094 80.894531
22.167969 38.347656 80.894531
22.167969 -1.730469 83.121094
22.167969 38.347656 83.121094
22.167969 -1.730469 85.347656
22.167969 0.496094 85.347656
22.167969 2.722656 85.347656
22.167969 4.949219 85.347656
22.167969 7.175781 85.347656
22.167969 9.402344 85.347656
22.167969 11.628906 85.347656
22.167969 13.855469 85.347656
22.167969 16.082031 85.347656
22.167969 18.308594 85.347656
22.167969 20.535156 85.347656
22.167969 22.761719 85.347656
22.167969 24.988281 85.347656
22.167969 27.214844 85.347656
22.167969 29.441406 85.347656
22.167969 31.667969 85.347656
22.167969 33.894531 85.347656
22.167969 36.121094 85.347656
22.167969 38.347656 85.347656
24.394531 -1.730469 67.535156
24.394531 0.496094 67.535156
24.394531 2.722656 67.535156
24.394531 4.949219 67.535156
24.394531 7.175781 67.535156
24.394531 9.402344 67.535156
24.394531 11.628906 67.535156
24.394531 13.855469 67.535156
24.394531 16.082031 67.535156
24.394531 18.308594 67.535156
24.394531 20.535156 67.535156
24.394531 22.761719 67.535156
24.394531 24.988281 67.535156
24.394531 27.214844 67.535156
24.394531 29.441406 67.535156
24.394531 31.667969 67.535156
24.394531 33.894531 67.535156
24.394531 36.121094 67.535156
24.394531 38.347656 67.535156
24.394531 -1.730469 69.761719
24.394531 38.347656 69.761719
24.394531 -1.730469 71.988281
24.394531 38.347656 71.988281
24.394531 -1.730469 74.214844
24.394531 38.347656 74.214844
24.394531 -1.730469 76.441406
24.394531 0.496094 76.441406
24.394531 2.722656 76.441406
24.394531 4.949219 76.441406
24.394531 7.175781 76.441406
24.394531 9.402344 76.441406
24.394531 11.628906 76.441406
24.394531 13.855469 76.441406
24.394531 16.082031 76.441406
24.394531 18.308594 76.441406
24.394531 20.535156 76.441406
24.394531 22.761719 76.441406
24.394531 24.988281 76.441406
24.394531 27.214844 76.441406
24.394531 29.441406 76.441406
24.394531 31.667969 76.441406
24.394531 33.894531 76.441406
24.394531 36.121094 76.441406
24.394531 38.347656 76.441406
24.394531 -1.730469 80.894531
24.394531 0.496094 80.894531
24.394531 2.722656 80.894531
24.394531 4.949219 80.894531
24.394531 7.175781 80.894531
24.394531 9.402344 80.894531
24.394531 11.628906 80.894531
24.394531 13.855469 80.894531
24.394531 16.082031 80.894531
24.394531 18.308594 80.894531
24.394531 20.535156 80.894531
24.394531 22.761719 80.894531
24.394531 24.988281 80.894531
24.394531 27.214844 80.894531
24.394531 29.441406 80.894531
24.394531 31.667969 80.894531
24.394531 33.894531 80.894531
24.394531 36.121094 80.894531
24.394531 38.347656 80.894531
24.394531 -1.730469 83.121094
24.394531 38.347656 83.121094
24.394531 -1.730469 85.347656
24.394531 0.496094 85.347656
24.394531 2.722656 85.347656
24.394531 4.949219 85.347656
24.394531 7.175781 85.347656
24.394531 9.402344 85.347656
24.394531 11.628906 85.347656
24.394531 13.855469 85.347656
24.394531 16.082031 85.347656
24.394531 18.308594 85.347656
24.394531 20.535156 85.347656
24.394531 22.761719 85.347656
24.394531 24.988281 85.347656
24.394531 27.214844 85.347656
24.394531 29.441406 85.347656
24.394531 31.667969 85.347656
24.394531 33.894531 85.347656
24.394531 36.121094 85.347656
24.394531 38.347656 85.347656
26.621094 -1.730469 67.535156
26.621094 0.496094 67.535156
26.621094 2.722656 67.535156
26.621094 4.949219 67.535156
26.621094 7.175781 67.535156
26.621094 9.402344 67.535156
26.621094 11.628906 67.535156
26.621094 13.855469 67.535156
26.621094 16.082031 67.535156
26.621094 18.308594 67.535156
26.621094 20.535156 67.535156
26.621094 22.761719 67.535156
26.621094 24.988281 67.535156
26.621094 27.214844 67.535156
26.621094 29.441406 67.535156
26.621094 31.667969 67.535156
26.621094 33.894531 67.535156
26.621094 36.121094 67.535156
26.621094 38.347656 67.535156
26.621094 -1.730469 69.761719
26.621094 38.347656 69.761719
26.621094 -1.730469 71.988281
26.621094 38.347656 71.988281
26.621094 -1.730469 74.214844
26.621094 38.347656 74.214844
26.621094 -1.730469 76.441406
26.621094 0.496094 76.441406
26.621094 2.722656 76.441406
26.621094 4.949219 76.441406
26.621094 7.175781 76.441406
26.621094 9.402344 76.441406
26.621094 11.628906 76.441406
26.621094 13.855469 76.441406
26.621094 16.082031 76.441406
26.621094 18.308594 76.441406
26.621094 20.535156 76.441406
26.621094 22.761719 76.441406
26.621094 24.988281 76.441406
26.621094 27.214844 76.441406
26.621094 29.441406 76.441406
26.621094 31.667969 76.441406
26.621094 33.894531 76.441406
26.621094 36.121094 76.441406
26.621094 38.347656 76.441406
26.621094 -1.730469 78.667969
26.621094 0.496094 78.667969
26.621094 2.722656 78.667969
26.621094 4.949219 78.667969
26.621094 7.175781 78.667969
26.621094 9.402344 78.667969
26.621094 11.628906 78.667969
26.621094 13.855469 78.667969
26.621094 16.082031 78.667969
26.621094 18.308594 78.667969
26.621094 20.535156 78.667969
26.621094 22.761719 78.667969
26.621094 24.988281 78.667969
26.621094 27.214844 78.667969
26.621094 29.441406 78.667969
26.621094 31.667969 78.667969
26.621094 33.894531 78.667969
26.621094 36.121094 78.667969
26.621094 38.347656 78.667969
26.621094 -1.730469 80.894531
26.621094 0.496094 80.894531
26.621094 2.722656 80.894531
26.621094 4.949219 80.894531
26.621094 7.175781 80.894531
26.621094 9.402344 80.894531
26.621094 11.628906 80.894531
26.621094 13.855469 80.894531
26.621094 16.082031 80.894531
26.621094 18.308594 80.894531
26.621094 20.535156 80.894531
26.621094 22.761719 80.894531
26.621094 24.988281 80.894531
26.621094 27.214844 80.894531
26.621094 29.441406 80.894531
26.621094 31.667969 80.894531
26.621094 33.894531 80.894531
26.621094 36.121094 80.894531
26.621094 38.347656 80.894531
26.621094 -1.730469 83.121094
26.621094 38.347656 83.121094
26.621094 -1.730469 85.347656
26.621094 0.496094 85.347656
26.621094 2.722656 85.347656
26.621094 4.949219 85.347656
26.621094 7.175781 85.347656
26.621094 9.402344 85.347656
26.621094 11.628906 85.347656
26.621094 13.855469 85.347656
26.621094 16.082031 85.347656
26.621094 18.308594 85.347656
26.621094 20.535156 85.347656
26.621094 22.761719 85.347656
26.621094 24.988281 85.347656
26.621094 27.214844 85.347656
26.621094 29.441406 85.347656
26.621094 31.667969 85.347656
26.621094 33.894531 85.347656
26.621094 36.121094 85.347656
26.621094 38.347656 85.347656
28.847656 -1.730469 67.535156
28.847656 0.496094 67.535156
28.847656 2.722656 67.535156
28.847656 4.949219 67.535156
28.847656 7.175781 67.535156
28.847656 9.402344 67.535156
28.847656 11.628906 67.535156
28.847656 13.855469 67.535156
28.847656 16.082031 67.535156
28.847656 18.308594 67.535156
28.847656 20.535156 67.535156
28.847656 22.761719 67.535156
28.847656 24.988281 67.535156
28.847656 27.214844 67.535156
28.847656 29.441406 67.535156
28.847656 31.667969 67.535156
28.847656 33.894531 67.535156
28.847656 36.121094 67.535156
28.847656 38.347656 67.535156
28.847656 -1.730469 69.761719
28.847656 38.347656 69.761719
28.847656 -1.730469 71.988281
28.847656 38.347656 71.988281
28.847656 -1.730469 74.214844
28.847656 38.347656 74.214844
28.847656 -1.730469 76.441406
28.847656 0.496094 76.441406
28.847656 2.722656 76.441406
28.847656 4.949219 76.441406
28.847656 7.175781 76.441406
28.847656 9.402344 76.441406
28.847656 11.628906 76.441406
28.847656 13.855469 76.441406
28.847656 16.082031 76.441406
28.847656 18.308594 76.441406
28.847656 20.535156 76.441406
28.847656 22.761719 76.441406
28.847656 24.988281 76.441406
28.847656 27.214844 76.441406
28.847656 29.441406 76.441406
28.847656 31.667969 76.441406
28.847656 33.894531 76.441406
28.847656 36.121094 76.441406
28.847656 38.347656 76.441406
28.847656 -1.730469 78.667969
28.847656 0.496094 78.667969
28.847656 2.722656 78.667969
28.847656 4.949219 78.667969
28.847656 7.175781 78.667969
28.847656 9.402344 78.667969
28.847656 11.628906 78.667969
28.847656 13.855469 78.667969
28.847656 16.082031 78.667969
28.847656 18.308594 78.667969
28.847656 20.535156 78.667969
28.847656 22.761719 78.667969
28.847656 24.988281 78.667969
28.847656 27.214844 78.667969
28.847656 29.441406 78.667969
28.847656 31.667969 78.667969
28.847656 33.894531 78.667969
28.847656 36.121094 78.667969
28.847656 38.347656 78.667969
28.847656 -1.730469 80.894531
28.847656 16.082031 80.894531
28.847656 18.308594 80.894531
28.847656 38.347656 80.894531
28.847656 -1.730469 83.121094
28.847656 16.082031 83.121094
28.847656 18.308594 83.121094
28.847656 38.347656 83.121094
28.847656 -1.730469 85.347656
28.847656 0.496094 85.347656
28.847656 2.722656 85.347656
28.847656 4.949219 85.347656
28.847656 7.175781 85.347656
28.847656 9.402344 85.347656
28.847656 11.628906 85.347656
28.847656 13.855469 85.347656
28.847656 16.082031 85.347656
28.847656 18.308594 85.347656
28.847656 20.535156 85.347656
28.847656 22.761719 85.347656
28.847656 24.988281 85.347656
28.847656 27.214844 85.347656
28.847656 29.441406 85.347656
28.847656 31.667969 85.347656
28.847656 33.894531 85.347656
28.847656 36.121094 85.347656
28.847656 38.347656 85.347656
31.074219 -1.730469 67.535156
31.074219 0.496094 67.535156
31.074219 2.722656 67.535156
31.074219 4.949219 67.535156
31.074219 7.175781 67.535156
31.074219 9.402344 67.535156
31.074219 11.628906 67.535156
31.074219 13.855469 67.535156
31.074219 16.082031 67.535156
31.074219 18.308594 67.535156
31.074219 20.535156 67.535156
31.074219 22.761719 67.535156
31.074219 24.988281 67.535156
31.074219 27.214844 67.535156
31.074219 29.441406 67.535156
31.074219 31.667969 67.535156
31.074219 33.894531 67.535156
31.074219 36.121094 67.535156
31.074219 38.347656 67.535156
31.074219 -1.730469 69.761719
31.074219 38.347656 69.761719
31.074219 -1.730469 71.988281
31.074219 38.347656 71.988281
31.074219 -1.730469 74.214844
31.074219 38.347656 74.214844
31.074219 -1.730469 76.441406
31.074219 0.496094 76.441406
31.074219 2.722656 76.441406
31.074219 4.949219 76.441406
31.074219 7.175781 76.441406
31.074219 9.402344 76.441406
31.074219 11.628906 76.441406
31.074219 13.855469 76.441406
31.074219 16.082031 76.441406
31.074219 18.308594 76.441406
31.074219 20.535156 76.441406
31.074219 22.761719 76.441406
31.074219 24.988281 76.441406
31.074219 27.214844 76.441406
31.074219 29.441406 76.441406
31.074219 31.667969 76.441406
31.074219 33.894531 76.441406
31.074219 36.121094 76.441406
31.074219 38.347656 76.441406
31.074219 -1.730469 78.667969
31.074219 0.496094 78.667969
31.074219 2.722656 78.667969
31.074219 4.949219 78.667969
31.074219 7.175781 78.667969
31.074219 9.402344 78.667969
31.074219 11.628906 78.667969
31.074219 13.855469 78.667969
31.074219 16.082031 78.667969
31.074219 18.308594 78.667969
31.074219 20.535156 78.667969
31.074219 22.761719 78.667969
31.074219 24.988281 78.667969
31.074219 27.214844 78.667969
31.074219 29.441406 78.667969
31.074219 31.667969 78.667969
31.074219 33.894531 78.667969
31.074219 36.121094 78.667969
31.074219 38.347656 78.667969
31.074219 -1.730469 80.894531
31.074219 16.082031 80.894531
31.074219 18.308594 80.894531
31.074219 38.347656 80.894531
31.074219 -1.730469 83.121094
31.074219 16.082031 83.121094
31.074219 18.308594 83.121094
31.074219 38.347656 83.121094
31.074219 -1.730469 85.347656
31.074219 0.496094 85.347656
31.074219 2.722656 85.347656
31.074219 4.949219 85.347656
31.074219 7.175781 85.347656
31.074219 9.402344 85.347656
31.074219 11.628906 85.347656
31.074219 13.855469 85.347656
31.074219 16.082031 85.347656
31.074219 18.308594 85.347656
31.074219 20.535156 85.347656
31.074219 22.761719 85.347656
31.074219 24.988281 85.347656
31.074219 27.214844 85.347656
31.074219 29.441406 85.347656
31.074219 31.667969 85.347656
31.074219 33.894531 85.347656
31.074219 36.121094 85.347656
31.074219 38.347656 85.347656
33.300781 -1.730469 67.535156
33.300781 0.496094 67.535156
33.300781 2.722656 67.535156
33.300781 4.949219 67.535156
33.300781 7.175781 67.535156
33.300781 9.402344 67.535156
33.300781 11.628906 67.535156
33.300781 13.855469 67.535156
33.300781 16.082031 67.535156
33.300781 18.308594 67.535156
33.300781 20.535156 67.535156
33.300781 22.761719 67.535156
33.300781 24.988281 67.535156
33.300781 27.214844 67.535156
33.300781 29.441406 67.535156
33.300781 31.667969 67.535156
33.300781 33.894531 67.535156
33.300781 36.121094 67.535156
33.300781 38.347656 67.535156
33.300781 -1.730469 69.761719
33.300781 38.347656 69.761719
33.300781 -1.730469 71.988281
33.300781 38.347656 71.988281
33.300781 -1.730469 74.214844
33.300781 38.347656 74.214844
33.300781 -1.730469 76.441406
33.300781 0.496094 76.441406
33.300781 2.722656 76.441406
33.300781 4.949219 76.441406
33.300781 7.175781 76.441406
33.300781 9.402344 76.441406
33.300781 11.628906 76.441406
33.300781 13.855469 76.441406
33.300781 16.082031 76.441406
33.300781 18.308594 76.441406
33.300781 20.535156 76.441406
33.300781 22.761719 76.441406
33.300781 24.988281 76.441406
33.300781 27.214844 76.441406
33.300781 29.441406 76.441406
33.300781 31.667969 76.441406
33.300781 33.894531 76.441406
33.300781 36.121094 76.441406
33.300781 38.347656 76.441406
33.300781 -1.730469 78.667969
33.300781 0.496094 78.667969
33.300781 2.722656 78.667969
33.300781 4.949219 78.667969
33.300781 7.175781 78.667969
33.300781 9.402344 78.667969
33.300781 11.628906 78.667969
33.300781 13.855469 78.667969
33.300781 16.082031 78.667969
33.300781 18.308594 78.667969
33.300781 20.535156 78.667969
33.300781 22.761719 78.667969
33.300781 24.988281 78.667969
33.300781 27.214844 78.667969
33.300781 29.441406 78.667969
33.300781 31.667969 78.667969
33.300781 33.894531 78.667969
33.300781 36.121094 78.667969
33.300781 38.347656 78.667969
33.300781 -1.730469 80.894531
33.300781 0.496094 80.894531
33.300781 2.722656 80.894531
33.300781 4.949219 80.894531
33.300781 7.175781 80.894531
33.300781 9.402344 80.894531
33.300781 11.628906 80.894531
33.300781 13.855469 80.894531
33.300781 16.082031 80.894531
33.300781 18.308594 80.894531
33.300781 20.535156 80.894531
33.300781 22.761719 80.894531
33.300781 24.988281 80.894531
33.300781 27.214844 80.894531
33.300781 29.441406 80.894531
33.300781 31.667969 80.894531
33.300781 33.894531 80.894531
33.300781 36.121094 80.894531
33.300781 38.347656 80.894531
33.300781 -1.730469 83.121094
33.300781 38.347656 83.121094
33.300781 -1.730469 85.347656
33.300781 0.496094 85.347656
33.300781 2.722656 85.347656
33.300781 4.949219 85.347656
33.300781 7.175781 85.347656
33.300781 9.402344 85.347656
33.300781 11.628906 85.347656
33.300781 13.855469 85.347656
33.300781 16.082031 85.347656
33.300781 18.308594 85.347656
33.300781 20.535156 85.347656
33.300781 22.761719 85.347656
33.300781 24.988281 85.347656
33.300781 27.214844 85.347656
33.300781 29.441406 85.347656
33.300781 31.667969 85.347656
33.300781 33.894531 85.347656
33.300781 36.121094 85.347656
33.300781 38.347656 85.347656
35.527344 -1.730469 67.535156
35.527344 0.496094 67.535156
35.527344 2.722656 67.535156
35.527344 4.949219 67.535156
35.527344 7.175781 67.535156
35.527344 9.402344 67.535156
35.527344 11.628906 67.535156
35.527344 13.855469 67.535156
35.527344 16.082031 67.535156
35.527344 18.308594 67.535156
35.527344 20.535156 67.535156
35.527344 22.761719 67.535156
35.527344 24.988281 67.535156
35.527344 27.214844 67.535156
35.527344 29.441406 67.535156
35.527344 31.667969 67.535156
35.527344 33.894531 67.535156
35.527344 36.121094 67.535156
35.527344 38.347656 67.535156
35.527344 -1.730469 69.761719
35.527344 38.347656 69.761719
35.527344 -1.730469 71.988281
35.527344 38.347656 71.988281
35.527344 -1.730469 74.214844
35.527344 38.347656 74.214844
35.527344 -1.730469 76.441406
35.527344 0.496094 76.441406
35.527344 2.722656 76.441406
35.527344 4.949219 76.441406
35.527344 7.175781 76.441406
35.527344 9.402344 76.441406
35.527344 11.628906 76.441406
35.527344 13.855469 76.441406
35.527344 16.082031 76.441406
35.527344 18.308594 76.441406
35.527344 20.535156 76.441406
35.527344 22.761719 76.441406
35.527344 24.988281 76.441406
35.527344 27.214844 76.441406
35.527344 29.441406 76.441406
35.527344 31.667969 76.441406
35.527344 33.894531 76.441406
35.527344 36.121094 76.441406
35.527344 38.347656 76.441406
35.527344 -1.730469 80.894531
35.527344 0.496094 80.894531
35.527344 2.722656 80.894531
35.527344 4.949219 80.894531
35.527344 7.175781 80.894531
35.527344 9.402344 80.894531
35.527344 11.628906 80.894531
35.527344 13.855469 80.894531
35.527344 16.082031 80.894531
35.527344 18.308594 80.894531
35.527344 20.535156 80.894531
35.527344 22.761719 80.894531
35.527344 24.988281 80.894531
35.527344 27.214844 80.894531
35.527344 29.441406 80.894531
35.527344 31.667969 80.894531
35.527344 33.894531 80.894531
35.527344 36.121094 80.894531
35.527344 38.347656 80.894531
35.527344 -1.730469 83.121094
35.527344 38.347656 83.121094
35.527344 -1.730469 85.347656
35.527344 0.496094 85.347656
35.527344 2.722656 85.347656
35.527344 4.949219 85.347656
35.527344 7.175781 85.347656
35.527344 9.402344 85.347656
35.527344 11.628906 85.347656
35.527344 13.855469 85.347656
35.527344 16.082031 85.347656
35.527344 18.308594 85.347656
35.527344 20.535156 85.347656
35.527344 22.761719 85.347656
35.527344 24.988281 85.347656
35.527344 27.214844 85.347656
35.527344 29.441406 85.347656
35.527344 31.667969 85.347656
35.527344 33.894531 85.347656
35.527344 36.121094 85.347656
35.527344 38.347656 85.347656
37.753906 -1.730469 67.535156
37.753906 0.496094 67.535156
37.753906 2.722656 67.535156
37.753906 4.949219 67.535156
37.753906 7.175781 67.535156
37.753906 9.402344 67.535156
37.753906 11.628906 67.535156
37.753906 13.855469 67.535156
37.753906 16.082031 67.535156
37.753906 18.308594 67.535156
37.753906 20.535156 67.535156
37.753906 22.761719 67.535156
37.753906 24.988281 67.535156
37.753906 27.214844 67.535156
37.753906 29.441406 67.535156
37.753906 31.667969 67.535156
37.753906 33.894531 67.535156
37.753906 36.121094 67.535156
37.753906 38.347656 67.535156
37.753906 -1.730469 69.761719
37.753906 38.347656 69.761719
37.753906 -1.730469 71.988281
37.753906 38.347656 71.988281
37.753906 -1.730469 74.214844
37.753906 38.347656 74.214844
37.753906 -1.730469 76.441406
37.753906 0.496094 76.441406
37.753906 2.722656 76.441406
37.753906 4.949219 76.441406
37.753906 7.175781 76.441406
37.753906 9.402344 76.441406
37.753906 11.628906 76.441406
37.753906 13.855469 76.441406
37.753906 16.082031 76.441406
37.753906 18.308594 76.441406
37.753906 20.535156 76.441406
37.753906 22.761719 76.441406
37.753906 24.988281 76.441406
37.753906 27.214844 76.441406
37.753906 29.441406 76.441406
37.753906 31.667969 76.441406
37.753906 33.894531 76.441406
37.753906 36.121094 76.441406
37.753906 38.347656 76.441406
37.753906 -1.730469 78.667969
37.753906 0.496094 78.667969
37.753906 2.722656 78.667969
37.753906 4.949219 78.667969
37.753906 7.175781 78.667969
37.753906 9.402344 78.667969
37.753906 11.628906 78.667969
37.753906 13.855469 78.667969
37.753906 16.082031 78.667969
37.753906 18.308594 78.667969
37.753906 20.535156 78.667969
37.753906 22.761719 78.667969
37.753906 24.988281 78.667969
37.753906 27.214844 78.667969
37.753906 29.441406 78.667969
37.753906 31.667969 78.667969
37.753906 33.894531 78.667969
37.753906 36.121094 78.667969
37.753906 38.347656 78.667969
37.753906 -1.730469 80.894531
37.753906 0.496094 80.894531
37.753906 2.722656 80.894531
37.753906 4.949219 80.894531
37.753906 7.175781 80.894531
37.753906 9.402344 80.894531
37.753906 11.628906 80.894531
37.753906 13.855469 80.894531
37.753906 16.082031 80.894531
37.753906 18.308594 80.894531
37.753906 20.535156 80.894531
37.753906 22.761719 80.894531
37.753906 24.988281 80.894531
37.753906 27.214844 80.894531
37.753906 29.441406 80.894531
37.753906 31.667969 80.894531
37.753906 33.894531 80.894531
37.753906 36.121094 80.894531
37.753906 38.347656 80.894531
37.753906 -1.730469 83.121094
37.753906 16.082031 83.121094
37.753906 18.308594 83.121094
37.753906 38.347656 83.121094
37.753906 -1.730469 85.347656
37.753906 0.496094 85.347656
37.753906 2.722656 85.347656
37.753906 4.949219 85.347656
37.753906 7.175781 85.347656
37.753906 9.402344 85.347656
37.753906 11.628906 85.347656
37.753906 13.855469 85.347656
37.753906 16.082031 85.347656
37.753906 18.308594 85.347656
37.753906 20.535156 85.347656
37.753906 22.761719 85.347656
37.753906 24.988281 85.347656
37.753906 27.214844 85.347656
37.753906 29.441406 85.347656
37.753906 31.667969 85.347656
37.753906 33.894531 85.347656
37.753906 36.121094 85.347656
37.753906 38.347656 85.347656
39.980469 -1.730469 67.535156
39.980469 0.496094 67.535156
39.980469 2.722656 67.535156
39.980469 4.949219 67.535156
39.980469 7.175781 67.535156
39.980469 9.402344 67.535156
39.980469 11.628906 67.535156
39.980469 13.855469 67.535156
39.980469 16.082031 67.535156
39.980469 18.308594 67.535156
39.980469 20.535156 67.535156
39.980469 22.761719 67.535156
39.980469 24.988281 67.535156
39.980469 27.214844 67.535156
39.980469 29.441406 67.535156
39.980469 31.667969 67.535156
39.980469 33.894531 67.535156
39.980469 36.121094 67.535156
39.980469 38.347656 67.535156
39.980469 -1.730469 69.761719
39.980469 38.347656 69.761719
39.980469 -1.730469 71.988281
39.980469 38.347656 71.988281
39.980469 -1.730469 74.214844
39.980469 38.347656 74.214844
39.980469 -1.730469 76.441406
39.980469 38.347656 76.441406
39.980469 -1.730469 78.667969
39.980469 16.082031 78.667969
39.980469 18.308594 78.667969
39.980469 38.347656 78.667969
39.980469 -1.730469 80.894531
39.980469 16.082031 80.894531
39.980469 18.308594 80.894531
39.980469 38.347656 80.894531
39.980469 -1.730469 83.121094
39.980469 16.082031 83.121094
39.980469 18.308594 83.121094
39.980469 38.347656 83.121094
39.980469 -1.730469 85.347656
39.980469 0.496094 85.347656
39.980469 2.722656 85.347656
39.980469 4.949219 85.347656
39.980469 7.175781 85.347656
39.980469 9.402344 85.347656
39.980469 11.628906 85.347656
39.980469 13.855469 85.347656
39.980469 16.082031 85.347656
39.980469 18.308594 85.347656
39.980469 20.535156 85.347656
39.980469 22.761719 85.347656
39.980469 24.988281 85.347656
39.980469 27.214844 85.347656
39.980469 29.441406 85.347656
39.980469 31.667969 85.347656
39.980469 33.894531 85.347656
39.980469 36.121094 85.347656
39.980469 38.347656 85.347656
42.207031 -1.730469 67.535156
42.207031 0.496094 67.535156
42.207031 2.722656 67.535156
42.207031 4.949219 67.535156
42.207031 7.175781 67.535156
42.207031 9.402344 67.535156
42.207031 11.628906 67.535156
42.207031 13.855469 67.535156
42.207031 16.082031 67.535156
42.207031 18.308594 67.535156
42.207031 20.535156 67.535156
42.207031 22.761719 67.535156
42.207031 24.988281 67.535156
42.207031 27.214844 67.535156
42.207031 29.441406 67.535156
42.207031 31.667969 67.535156
42.207031 33.894531 67.535156
42.207031 36.121094 67.535156
42.207031 38.347656 67.535156
42.207031 -1.730469 69.761719
42.207031 38.347656 69.761719
42.207031 -1.730469 71.988281
42.207031 38.347656 71.988281
42.207031 -1.730469 74.214844
42.207031 38.347656 74.214844
42.207031 -1.730469 76.441406
42.207031 0.496094 76.441406
42.207031 2.722656 76.441406
42.207031 4.949219 76.441406
42.207031 7.175781 76.441406
42.207031 9.402344 76.441406
42.207031 11.628906 76.441406
42.207031 13.855469 76.441406
42.207031 16.082031 76.441406
42.207031 18.308594 76.441406
42.207031 20.535156 76.441406
42.207031 22.761719 76.441406
42.207031 24.988281 76.441406
42.207031 27.214844 76.441406
42.207031 29.441406 76.441406
42.207031 31.667969 76.441406
42.207031 33.894531 76.441406
42.207031 36.121094 76.441406
42.207031 38.347656 76.441406
42.207031 -1.730469 78.667969
42.207031 0.496094 78.667969
42.207031 2.722656 78.667969
42.207031 4.949219 78.667969
42.207031 7.175781 78.667969
42.207031 9.402344 78.667969
42.207031 11.628906 78.667969
42.207031 13.855469 78.667969
42.207031 16.082031 78.667969
42.207031 18.308594 78.667969
42.207031 20.535156 78.667969
42.207031 22.761719 78.667969
42.207031 24.988281 78.667969
42.207031 27.214844 78.667969
42.207031 29.441406 78.667969
42.207031 31.667969 78.667969
42.207031 33.894531 78.667969
42.207031 36.121094 78.667969
42.207031 38.347656 78.667969
42.207031 -1.730469 80.894531
42.207031 0.496094 80.894531
42.207031 2.722656 80.894531
42.207031 4.949219 80.894531
42.207031 7.175781 80.894531
42.207031 9.402344 80.894531
42.207031 11.628906 80.894531
42.207031 13.855469 80.894531
42.207031 16.082031 80.894531
42.207031 18.308594 80.894531
42.207031 20.535156 80.894531
42.207031 22.761719 80.894531
42.207031 24.988281 80.894531
42.207031 27.214844 80.894531
42.207031 29.441406 80.894531
42.207031 31.667969 80.894531
42.207031 33.894531 80.894531
42.207031 36.121094 80.894531
42.207031 38.347656 80.894531
42.207031 -1.730469 83.121094
42.207031 16.082031 83.121094
42.207031 18.308594 83.121094
42.207031 38.347656 83.121094
42.207031 -1.730469 85.347656
42.207031 0.496094 85.347656
42.207031 2.722656 85.347656
42.207031 4.949219 85.347656
42.207031 7.175781 85.347656
42.207031 9.402344 85.347656
42.207031 11.628906 85.347656
42.207031 13.855469 85.347656
42.207031 16.082031 85.347656
42.207031 18.308594 85.347656
42.207031 20.535156 85.347656
42.207031 22.761719 85.347656
42.207031 24.988281 85.347656
42.207031 27.214844 85.347656
42.207031 29.441406 85.347656
42.207031 31.667969 85.347656
42.207031 33.894531 85.347656
42.207031 36.121094 85.347656
42.207031 38.347656 85.347656
44.433594 -1.730469 67.535156
44.433594 0.496094 67.535156
44.433594 2.722656 67.535156
44.433594 4.949219 67.535156
44.433594 7.175781 67.535156
44.433594 9.402344 67.535156
44.433594 11.628906 67.535156
44.433594 13.855469 67.535156
44.433594 16.082031 67.535156
44.433594 18.308594 67.535156
44.433594 20.535156 67.535156
44.433594 22.761719 67.535156
44.433594 24.988281 67.535156
44.433594 27.214844 67.535156
44.433594 29.441406 67.535156
44.433594 31.667969 67.535156
44.433594 33.894531 67.535156
44.433594 36.121094 67.535156
44.433594 38.347656 67.535156
44.433594 -1.730469 69.761719
44.433594 38.347656 69.761719
44.433594 -1.730469 71.988281
44.433594 38.347656 71.988281
44.433594 -1.730469 74.214844
44.433594 38.347656 74.214844
44.433594 -1.730469 76.441406
44.433594 0.496094 76.441406
44.433594 2.722656 76.441406
44.433594 4.949219 76.441406
44.433594 7.175781 76.441406
44.433594 9.402344 76.441406
44.433594 11.628906 76.441406
44.433594 13.855469 76.441406
44.433594 16.082031 76.441406
44.433594 18.308594 76.441406
44.433594 20.535156 76.441406
44.433594 22.761719 76.441406
44.433594 24.988281 76.441406
44.433594 27.214844 76.441406
44.433594 29.441406 76.441406
44.433594 31.667969 76.441406
44.433594 33.894531 76.441406
44.433594 36.121094 76.441406
44.433594 38.347656 76.441406
44.433594 -1.730469 80.894531
44.433594 0.496094 80.894531
44.433594 2.722656 80.894531
44.433594 4.949219 80.894531
44.433594 7.175781 80.894531
44.433594 9.402344 80.894531
44.433594 11.628906 80.894531
44.433594 13.855469 80.894531
44.433594 16.082031 80.894531
44.433594 18.308594 80.894531
44.433594 20.535156 80.894531
44.433594 22.761719 80.894531
44.433594 24.988281 80.894531
44.433594 27.214844 80.894531
44.433594 29.441406 80.894531
44.433594 31.667969 80.894531
44.433594 33.894531 80.894531
44.433594 36.121094 80.894531
44.433594 38.347656 80.894531
44.433594 -1.730469 83.121094
44.433594 38.347656 83.121094
44.433594 -1.730469 85.347656
44.433594 0.496094 85.347656
44.433594 2.722656 85.347656
44.433594 4.949219 85.347656
44.433594 7.175781 85.347656
44.433594 9.402344 85.347656
44.433594 11.628906 85.347656
44.433594 13.855469 85.347656
44.433594 16.082031 85.347656
44.433594 18.308594 85.347656
44.433594 20.535156 85.347656
44.433594 22.761719 85.347656
44.433594 24.988281 85.347656
44.433594 27.214844 85.347656
44.433594 29.441406 85.347656
44.433594 31.667969 85.347656
44.433594 33.894531 85.347656
44.433594 36.121094 85.347656
44.433594 38.347656 85.347656
46.660156 -1.730469 67.535156
46.660156 0.496094 67.535156
46.660156 2.722656 67.535156
46.660156 4.949219 67.535156
46.660156 7.175781 67.535156
46.660156 9.402344 67.535156
46.660156 11.628906 67.535156
46.660156 13.855469 67.535156
46.660156 16.082031 67.535156
46.660156 18.308594 67.535156
46.660156 20.535156 67.535156
46.660156 22.761719 67.535156
46.660156 24.988281 67.535156
46.660156 27.214844 67.535156
46.660156 29.441406 67.535156
46.660156 31.667969 67.535156
46.660156 33.894531 67.535156
46.660156 36.121094 67.535156
46.660156 38.347656 67.535156
46.660156 -1.730469 69.761719
46.660156 38.347656 69.761719
46.660156 -1.730469 71.988281
46.660156 38.347656 71.988281
46.660156 -1.730469 74.214844
46.660156 38.347656 74.214844
46.660156 -1.730469 76.441406
46.660156 0.496094 76.441406
46.660156 2.722656 76.441406
46.660156 4.949219 76.441406
46.660156 7.175781 76.441406
46.660156 9.402344 76.441406
46.660156 11.628906 76.441406
46.660156 13.855469 76.441406
46.660156 16.082031 76.441406
46.660156 18.308594 76.441406
46.660156 20.535156 76.441406
46.660156 22.761719 76.441406
46.660156 24.988281 76.441406
46.660156 27.214844 76.441406
46.660156 29.441406 76.441406
46.660156 31.667969 76.441406
46.660156 33.894531 76.441406
46.660156 36.121094 76.441406
46.660156 38.347656 76.441406
46.660156 -1.730469 78.667969
46.660156 0.496094 78.667969
46.660156 2.722656 78.667969
46.660156 4.949219 78.667969
46.660156 7.175781 78.667969
46.660156 9.402344 78.667969
46.660156 11.628906 78.667969
46.660156 13.855469 78.667969
46.660156 16.082031 78.667969
46.660156 18.308594 78.667969
46.660156 20.535156 78.667969
46.660156 22.761719 78.667969
46.660156 24.988281 78.667969
46.660156 27.214844 78.667969
46.660156 29.441406 78.667969
46.660156 31.667969 78.667969
46.660156 33.894531 78.667969
46.660156 36.121094 78.667969
46.660156 38.347656 78.667969
46.660156 -1.730469 80.894531
46.660156 0.496094 80.894531
46.660156 2.722656 80.894531
46.660156 4.949219 80.894531
46.660156 7.175781 80.894531
46.660156 9.402344 80.894531
46.660156 11.628906 80.894531
46.660156 13.855469 80.894531
46.660156 16.082031 80.894531
46.660156 18.308594 80.894531
46.660156 20.535156 80.894531
46.660156 22.761719 80.894531
46.660156 24.988281 80.894531
46.660156 27.214844 80.894531
46.660156 29.441406 80.894531
46.660156 31.667969 80.894531
46.660156 33.894531 80.894531
46.660156 36.121094 80.894531
46.660156 38.347656 80.894531
46.660156 -1.730469 83.121094
46.660156 38.347656 83.121094
46.660156 -1.730469 85.347656
46.660156 0.496094 85.347656
46.660156 2.722656 85.347656
46.660156 4.949219 85.347656
46.660156 7.175781 85.347656
46.660156 9.402344 85.347656
46.660156 11.628906 85.347656
46.660156 13.855469 85.347656
46.660156 16.082031 85.347656
46.660156 18.308594 85.347656
46.660156 20.535156 85.347656
46.660156 22.761719 85.347656
46.660156 24.988281 85.347656
46.660156 27.214844 85.347656
46.660156 29.441406 85.347656
46.660156 31.667969 85.347656
46.660156 33.894531 85.347656
46.660156 36.121094 85.347656
46.660156 38.347656 85.347656
48.886719 -1.730469 67.535156
48.886719 0.496094 67.535156
48.886719 2.722656 67.535156
48.886719 4.949219 67.535156
48.886719 7.175781 67.535156
48.886719 9.402344 67.535156
48.886719 11.628906 67.535156
48.886719 13.855469 67.535156
48.886719 16.082031 67.535156
48.886719 18.308594 67.535156
48.886719 20.535156 67.535156
48.886719 22.761719 67.535156
48.886719 24.988281 67.535156
48.886719 27.214844 67.535156
48.886719 29.441406 67.535156
48.886719 31.667969 67.535156
48.886719 33.894531 67.535156
48.886719 36.121094 67.535156
48.886719 38.347656 67.535156
48.886719 -1.730469 69.761719
48.886719 38.347656 69.761719
48.886719 -1.730469 71.988281
48.886719 38.347656 71.988281
48.886719 -1.730469 74.214844
48.886719 38.347656 74.214844
48.886719 -1.730469 76.441406
48.886719 0.496094 76.441406
48.886719 2.722656 76.441406
48.886719 4.949219 76.441406
48.886719 7.175781 76.441406
48.886719 9.402344 76.441406
48.886719 11.628906 76.441406
48.886719 13.855469 76.441406
48.886719 16.082031 76.441406
48.886719 18.308594 76.441406
48.886719 20.535156 76.441406
48.886719 22.761719 76.441406
48.886719 24.988281 76.441406
48.886719 27.214844 76.441406
48.886719 29.441406 76.441406
48.886719 31.667969 76.441406
48.886719 33.894531 76.441406
48.886719 36.121094 76.441406
48.886719 38.347656 76.441406
48.886719 -1.730469 78.667969
48.886719 0.496094 78.667969
48.886719 2.722656 78.667969
48.886719 4.949219 78.667969
48.886719 7.175781 78.667969
48.886719 9.402344 78.667969
48.886719 11.628906 78.667969
48.886719 13.855469 78.667969
48.886719 16.082031 78.667969
48.886719 18.308594 78.667969
48.886719 20.535156 78.667969
48.886719 22.761719 78.667969
48.886719 24.988281 78.667969
48.886719 27.214844 78.667969
48.886719 29.441406 78.667969
48.886719 31.667969 78.667969
48.886719 33.894531 78.667969
48.886719 36.121094 78.667969
48.886719 38.347656 78.667969
48.886719 -1.730469 80.894531
48.886719 38.347656 80.894531
48.886719 -1.730469 83.121094
48.886719 38.347656 83.121094
48.886719 -1.730469 85.347656
48.886719 0.496094 85.347656
48.886719 2.722656 85.347656
48.886719 4.949219 85.347656
48.886719 7.175781 85.347656
48.886719 9.402344 85.347656
48.886719 11.628906 85.347656
48.886719 13.855469 85.347656
48.886719 16.082031 85.347656
48.886719 18.308594 85.347656
48.886719 20.535156 85.347656
48.886719 22.761719 85.347656
48.886719 24.988281 85.347656
48.886719 27.214844 85.347656
48.886719 29.441406 85.347656
48.886719 31.667969 85.347656
48.886719 33.894531 85.347656
48.886719 36.121094 85.347656
48.886719 38.347656 85.347656
51.113281 -1.730469 67.535156
51.113281 0.496094 67.535156
51.113281 2.722656 67.535156
51.113281 4.949219 67.535156
51.113281 7.175781 67.535156
51.113281 9.402344 67.535156
51.113281 11.628906 67.535156
51.113281 13.855469 67.535156
51.113281 16.082031 67.535156
51.113281 18.308594 67.535156
51.113281 20.535156 67.535156
51.113281 22.761719 67.535156
51.113281 24.988281 67.535156
51.113281 27.214844 67.535156
51.113281 29.441406 67.535156
51.113281 31.667969 67.535156
51.113281 33.894531 67.535156
51.113281 36.121094 67.535156
51.113281 38.347656 67.535156
51.113281 -1.730469 69.761719
51.113281 0.496094 69.761719
51.113281 2.722656 69.761719
51.113281 4.949219 69.761719
51.113281 7.175781 69.761719
51.113281 9.402344 69.761719
51.113281 11.628906 69.761719
51.113281 13.855469 69.761719
51.113281 16.082031 69.761719
51.113281 18.308594 69.761719
51.113281 20.535156 69.761719
51.113281 22.761719 69.761719
51.113281 24.988281 69.761719
51.113281 27.214844 69.761719
51.113281 29.441406 69.761719
51.113281 31.667969 69.761719
51.113281 33.894531 69.761719
51.113281 36.121094 69.761719
51.113281 38.347656 69.761719
51.113281 -1.730469 71.988281
51.113281 0.496094 71.988281
51.113281 2.722656 71.988281
51.113281 4.949219 71.988281
51.113281 7.175781 71.988281
51.113281 9.402344 71.988281
51.113281 11.628906 71.988281
51.113281 13.855469 71.988281
51.113281 16.082031 71.988281
51.113281 18.308594 71.988281
51.113281 20.535156 71.988281
51.113281 22.761719 71.988281
51.113281 24.988281 71.988281
51.113281 27.214844 71.988281
51.113281 29.441406 71.988281
51.113281 31.667969 71.988281
51.113281 33.894531 71.988281
51.113281 36.121094 71.988281
51.113281 38.347656 71.988281
51.113281 -1.730469 74.214844
51.113281 0.496094 74.214844
51.113281 2.722656 74.214844
51.113281 4.949219 74.214844
51.113281 7.175781 74.214844
51.113281 9.402344 74.214844
51.113281 11.628906 74.214844
51.113281 13.855469 74.214844
51.113281 16.082031 74.214844
51.113281 18.308594 74.214844
51.113281 20.535156 74.214844
51.113281 22.761719 74.214844
51.113281 24.988281 74.214844
51.113281 27.214844 74.214844
51.113281 29.441406 74.214844
51.113281 31.667969 74.214844
51.113281 33.894531 74.214844
51.113281 36.121094 74.214844
51.113281 38.347656 74.214844
51.113281 -1.730469 76.441406
51.113281 0.496094 76.441406
51.113281 2.722656 76.441406
51.113281 4.949219 76.441406
51.113281 7.175781 76.441406
51.113281 9.402344 76.441406
51.113281 11.628906 76.441406
51.113281 13.855469 76.441406
51.113281 16.082031 76.441406
51.113281 18.308594 76.441406
51.113281 20.535156 76.441406
51.113281 22.761719 76.441406
51.113281 24.988281 76.441406
51.113281 27.214844 76.441406
51.113281 29.441406 76.441406
51.113281 31.667969 76.441406
51.113281 33.894531 76.441406
51.113281 36.121094 76.441406
51.113281 38.347656 76.441406
51.113281 -1.730469 78.667969
51.113281 0.496094 78.667969
51.113281 2.722656 78.667969
51.113281 4.949219 78.667969
51.113281 7.175781 78.667969
51.113281 9.402344 78.667969
51.113281 11.628906 78.667969
51.113281 13.855469 78.667969
51.113281 16.082031 78.667969
51.113281 18.308594 78.667969
51.113281 20.535156 78.667969
51.113281 22.761719 78.667969
51.113281 24.988281 78.667969
51.113281 27.214844 78.667969
51.113281 29.441406 78.667969
51.113281 31.667969 78.667969
51.113281 33.894531 78.667969
51.113281 36.121094 78.667969
51.113281 38.347656 78.667969
51.113281 -1.730469 80.894531
51.113281 0.496094 80.894531
51.113281 2.722656 80.894531
51.113281 4.949219 80.894531
51.113281 7.175781 80.894531
51.113281 9.402344 80.894531
51.113281 11.628906 80.894531
51.113281 13.855469 80.894531
51.113281 16.082031 80.894531
51.113281 18.308594 80.894531
51.113281 20.535156 80.894531
51.113281 22.761719 80.894531
51.113281 24.988281 80.894531
51.113281 27.214844 80.894531
51.113281 29.441406 80.894531
51.113281 31.667969 80.894531
51.113281 33.894531 80.894531
51.113281 36.121094 80.894531
51.113281 38.347656 80.894531
51.113281 -1.730469 83.121094
51.113281 0.496094 83.121094
51.113281 2.722656 83.121094
51.113281 4.949219 83.121094
51.113281 7.175781 83.121094
51.113281 9.402344 83.121094
51.113281 11.628906 83.121094
51.113281 13.855469 83.121094
51.113281 16.082031 83.121094
51.113281 18.308594 83.121094
51.113281 20.535156 83.121094
51.113281 22.761719 83.121094
51.113281 24.988281 83.121094
51.113281 27.214844 83.121094
51.113281 29.441406 83.121094
51.113281 31.667969 83.121094
51.113281 33.894531 83.121094
51.113281 36.121094 83.121094
51.113281 38.347656 83.121094
51.113281 -1.730469 85.347656
51.113281 0.496094 85.347656
51.113281 2.722656 85.347656
51.113281 4.949219 85.347656
51.113281 7.175781 85.347656
51.113281 9.402344 85.347656
51.113281 11.628906 85.347656
51.113281 13.855469 85.347656
51.113281 16.082031 85.347656
51.113281 18.308594 85.347656
51.113281 20.535156 85.347656
51.113281 22.761719 85.347656
51.113281 24.988281 85.347656
51.113281 27.214844 85.347656
51.113281 29.441406 85.347656
51.113281 31.667969 85.347656
51.113281 33.894531 85.347656
51.113281 36.121094 85.347656
51.113281 38.347656 85.347656
