4.912109 2.166016 23.560547
4.912109 3.279297 23.560547
4.912109 4.392578 23.560547
4.912109 5.505859 23.560547
4.912109 6.619141 23.560547
4.912109 7.732422 23.560547
4.912109 8.845703 23.560547
4.912109 9.958984 23.560547
4.912109 24.431641 23.560547
4.912109 25.544922 23.560547
4.912109 26.658203 23.560547
4.912109 27.771484 23.560547
4.912109 28.884766 23.560547
4.912109 29.998047 23.560547
4.912109 31.111328 23.560547
4.912109 32.224609 23.560547
4.912109 1.052734 24.673828
4.912109 2.166016 24.673828
4.912109 3.279297 24.673828
4.912109 4.392578 24.673828
4.912109 5.505859 24.673828
4.912109 6.619141 24.673828
4.912109 7.732422 24.673828
4.912109 8.845703 24.673828
4.912109 9.958984 24.673828
4.912109 11.072266 24.673828
4.912109 23.318359 24.673828
4.912109 24.431641 24.673828
4.912109 25.544922 24.673828
4.912109 26.658203 24.673828
4.912109 27.771484 24.673828
4.912109 28.884766 24.673828
4.912109 29.998047 24.673828
4.912109 31.111328 24.673828
4.912109 32.224609 24.673828
4.912109 33.337891 24.673828
4.912109 1.052734 25.787109
4.912109 2.166016 25.787109
4.912109 3.279297 25.787109
4.912109 4.392578 25.787109
4.912109 5.505859 25.787109
4.912109 6.619141 25.787109
4.912109 7.732422 25.787109
4.912109 8.845703 25.787109
4.912109 9.958984 25.787109
4.912109 11.072266 25.787109
4.912109 12.185547 25.787109
4.912109 22.205078 25.787109
4.912109 23.318359 25.787109
4.912109 24.431641 25.787109
4.912109 25.544922 25.787109
4.912109 26.658203 25.787109
4.912109 27.771484 25.787109
4.912109 28.884766 25.787109
4.912109 29.998047 25.787109
4.912109 31.111328 25.787109
4.912109 32.224609 25.787109
4.912109 33.337891 25.787109
4.912109 1.052734 26.900391
4.912109 2.166016 26.900391
4.912109 3.279297 26.900391
4.912109 4.392578 26.900391
4.912109 5.505859 26.900391
4.912109 6.619141 26.900391
4.912109 7.732422 26.900391
4.912109 8.845703 26.900391
4.912109 9.958984 26.900391
4.912109 11.072266 26.900391
4.912109 12.185547 26.900391
4.912109 22.205078 26.900391
4.912109 23.318359 26.900391
4.912109 24.431641 26.900391
4.912109 25.544922 26.900391
4.912109 26.658203 26.900391
4.912109 27.771484 26.900391
4.912109 28.884766 26.900391
4.912109 29.998047 26.900391
4.912109 31.111328 26.900391
4.912109 32.224609 26.900391
4.912109 33.337891 26.900391
4.912109 1.052734 28.013672
4.912109 2.166016 28.013672
4.912109 3.279297 28.013672
4.912109 4.392578 28.013672
4.912109 5.505859 28.013672
4.912109 6.619141 28.013672
4.912109 7.732422 28.013672
4.912109 8.845703 28.013672
4.912109 9.958984 28.013672
4.912109 11.072266 28.013672
4.912109 12.185547 28.013672
4.912109 22.205078 28.013672
4.912109 23.318359 28.013672
4.912109 24.431641 28.013672
4.912109 25.544922 28.013672
4.912109 26.658203 28.013672
4.912109 27.771484 28.013672
4.912109 28.884766 28.013672
4.912109 29.998047 28.013672
4.912109 31.111328 28.013672
4.912109 32.224609 28.013672
4.912109 33.337891 28.013672
4.912109 1.052734 29.126953
4.912109 2.166016 29.126953
4.912109 3.279297 29.126953
4.912109 4.392578 29.126953
4.912109 5.505859 29.126953
4.912109 6.619141 29.126953
4.912109 7.732422 29.126953
4.912109 8.845703 29.126953
4.912109 9.958984 29.126953
4.912109 11.072266 29.126953
4.912109 12.185547 29.126953
4.912109 22.205078 29.126953
4.912109 23.318359 29.126953
4.912109 24.431641 29.126953
4.912109 25.544922 29.126953
4.912109 26.658203 29.126953
4.912109 27.771484 29.126953
4.912109 28.884766 29.126953
4.912109 29.998047 29.126953
4.912109 31.111328 29.126953
4.912109 32.224609 29.126953
4.912109 33.337891 29.126953
4.912109 1.052734 30.240234
4.912109 2.166016 30.240234
4.912109 3.279297 30.240234
4.912109 4.392578 30.240234
4.912109 5.505859 30.240234
4.912109 6.619141 30.240234
4.912109 7.732422 30.240234
4.912109 8.845703 30.240234
4.912109 9.958984 30.240234
4.912109 11.072266 30.240234
4.912109 12.185547 30.240234
4.912109 22.205078 30.240234
4.912109 23.318359 30.240234
4.912109 24.431641 30.240234
4.912109 25.544922 30.240234
4.912109 26.658203 30.240234
4.912109 27.771484 30.240234
4.912109 28.884766 30.240234
4.912109 29.998047 30.240234
4.912109 31.111328 30.240234
4.912109 32.224609 30.240234
4.912109 33.337891 30.240234
4.912109 1.052734 31.353516
4.912109 2.166016 31.353516
4.912109 3.279297 31.353516
4.912109 4.392578 31.353516
4.912109 5.505859 31.353516
4.912109 6.619141 31.353516
4.912109 7.732422 31.353516
4.912109 8.845703 31.353516
4.912109 9.958984 31.353516
4.912109 11.072266 31.353516
4.912109 12.185547 31.353516
4.912109 22.205078 31.353516
4.912109 23.318359 31.353516
4.912109 24.431641 31.353516
4.912109 25.544922 31.353516
4.912109 26.658203 31.353516
4.912109 27.771484 31.353516
4.912109 28.884766 31.353516
4.912109 29.998047 31.353516
4.912109 31.111328 31.353516
4.912109 32.224609 31.353516
4.912109 33.337891 31.353516
4.912109 1.052734 32.466797
4.912109 2.166016 32.466797
4.912109 3.279297 32.466797
4.912109 4.392578 32.466797
4.912109 5.505859 32.466797
4.912109 6.619141 32.466797
4.912109 7.732422 32.466797
4.912109 8.845703 32.466797
4.912109 9.958984 32.466797
4.912109 11.072266 32.466797
4.912109 12.185547 32.466797
4.912109 22.205078 32.466797
4.912109 23.318359 32.466797
4.912109 24.431641 32.466797
4.912109 25.544922 32.466797
4.912109 26.658203 32.466797
4.912109 27.771484 32.466797
4.912109 28.884766 32.466797
4.912109 29.998047 32.466797
4.912109 31.111328 32.466797
4.912109 32.224609 32.466797
4.912109 33.337891 32.466797
4.912109 2.166016 33.580078
4.912109 3.279297 33.580078
4.912109 4.392578 33.580078
4.912109 5.505859 33.580078
4.912109 6.619141 33.580078
4.912109 7.732422 33.580078
4.912109 8.845703 33.580078
4.912109 9.958984 33.580078
4.912109 11.072266 33.580078
4.912109 23.318359 33.580078
4.912109 24.431641 33.580078
4.912109 25.544922 33.580078
4.912109 26.658203 33.580078
4.912109 27.771484 33.580078
4.912109 28.884766 33.580078
4.912109 29.998047 33.580078
4.912109 31.111328 33.580078
4.912109 32.224609 33.580078
4.912109 33.337891 33.580078
4.912109 1.052734 34.693359
4.912109 2.166016 34.693359
4.912109 3.279297 34.693359
4.912109 5.505859 34.693359
4.912109 6.619141 34.693359
4.912109 7.732422 34.693359
4.912109 8.845703 34.693359
4.912109 9.958984 34.693359
4.912109 11.072266 34.693359
4.912109 23.318359 34.693359
4.912109 24.431641 34.693359
4.912109 25.544922 34.693359
4.912109 26.658203 34.693359
4.912109 27.771484 34.693359
4.912109 28.884766 34.693359
4.912109 29.998047 34.693359
4.912109 31.111328 34.693359
4.912109 32.224609 34.693359
4.912109 33.337891 34.693359
4.912109 1.052734 35.806641
4.912109 2.166016 35.806641
4.912109 6.619141 35.806641
4.912109 7.732422 35.806641
4.912109 8.845703 35.806641
4.912109 9.958984 35.806641
4.912109 11.072266 35.806641
4.912109 12.185547 35.806641
4.912109 13.298828 35.806641
4.912109 14.412109 35.806641
4.912109 15.525391 35.806641
4.912109 16.638672 35.806641
4.912109 17.751953 35.806641
4.912109 18.865234 35.806641
4.912109 19.978516 35.806641
4.912109 21.091797 35.806641
4.912109 22.205078 35.806641
4.912109 23.318359 35.806641
4.912109 24.431641 35.806641
4.912109 25.544922 35.806641
4.912109 26.658203 35.806641
4.912109 27.771484 35.806641
4.912109 32.224609 35.806641
4.912109 33.337891 35.806641
4.912109 1.052734 36.919922
4.912109 2.166016 36.919922
4.912109 6.619141 36.919922
4.912109 7.732422 36.919922
4.912109 8.845703 36.919922
4.912109 9.958984 36.919922
4.912109 11.072266 36.919922
4.912109 12.185547 36.919922
4.912109 13.298828 36.919922
4.912109 14.412109 36.919922
4.912109 15.525391 36.919922
4.912109 16.638672 36.919922
4.912109 17.751953 36.919922
4.912109 18.865234 36.919922
4.912109 19.978516 36.919922
4.912109 21.091797 36.919922
4.912109 22.205078 36.919922
4.912109 23.318359 36.919922
4.912109 24.431641 36.919922
4.912109 25.544922 36.919922
4.912109 26.658203 36.919922
4.912109 27.771484 36.919922
4.912109 32.224609 36.919922
4.912109 33.337891 36.919922
4.912109 1.052734 38.033203
4.912109 2.166016 38.033203
4.912109 3.279297 38.033203
4.912109 5.505859 38.033203
4.912109 6.619141 38.033203
4.912109 7.732422 38.033203
4.912109 8.845703 38.033203
4.912109 9.958984 38.033203
4.912109 11.072266 38.033203
4.912109 12.185547 38.033203
4.912109 13.298828 38.033203
4.912109 14.412109 38.033203
4.912109 15.525391 38.033203
4.912109 16.638672 38.033203
4.912109 17.751953 38.033203
4.912109 18.865234 38.033203
4.912109 19.978516 38.033203
4.912109 21.091797 38.033203
4.912109 22.205078 38.033203
4.912109 23.318359 38.033203
4.912109 24.431641 38.033203
4.912109 25.544922 38.033203
4.912109 26.658203 38.033203
4.912109 27.771484 38.033203
4.912109 28.884766 38.033203
4.912109 32.224609 38.033203
4.912109 33.337891 38.033203
4.912109 1.052734 39.146484
4.912109 2.166016 39.146484
4.912109 3.279297 39.146484
4.912109 4.392578 39.146484
4.912109 5.505859 39.146484
4.912109 6.619141 39.146484
4.912109 7.732422 39.146484
4.912109 8.845703 39.146484
4.912109 9.958984 39.146484
4.912109 11.072266 39.146484
4.912109 12.185547 39.146484
4.912109 13.298828 39.146484
4.912109 14.412109 39.146484
4.912109 15.525391 39.146484
4.912109 16.638672 39.146484
4.912109 17.751953 39.146484
4.912109 18.865234 39.146484
4.912109 19.978516 39.146484
4.912109 21.091797 39.146484
4.912109 22.205078 39.146484
4.912109 23.318359 39.146484
4.912109 24.431641 39.146484
4.912109 25.544922 39.146484
4.912109 26.658203 39.146484
4.912109 27.771484 39.146484
4.912109 28.884766 39.146484
4.912109 29.998047 39.146484
4.912109 31.111328 39.146484
4.912109 32.224609 39.146484
4.912109 33.337891 39.146484
4.912109 1.052734 40.259766
4.912109 2.166016 40.259766
4.912109 3.279297 40.259766
4.912109 4.392578 40.259766
4.912109 5.505859 40.259766
4.912109 6.619141 40.259766
4.912109 7.732422 40.259766
4.912109 8.845703 40.259766
4.912109 9.958984 40.259766
4.912109 11.072266 40.259766
4.912109 12.185547 40.259766
4.912109 13.298828 40.259766
4.912109 14.412109 40.259766
4.912109 15.525391 40.259766
4.912109 16.638672 40.259766
4.912109 17.751953 40.259766
4.912109 18.865234 40.259766
4.912109 19.978516 40.259766
4.912109 21.091797 40.259766
4.912109 22.205078 40.259766
4.912109 23.318359 40.259766
4.912109 24.431641 40.259766
4.912109 25.544922 40.259766
4.912109 26.658203 40.259766
4.912109 27.771484 40.259766
4.912109 28.884766 40.259766
4.912109 29.998047 40.259766
4.912109 31.111328 40.259766
4.912109 32.224609 40.259766
4.912109 33.337891 40.259766
4.912109 1.052734 41.373047
4.912109 2.166016 41.373047
4.912109 3.279297 41.373047
4.912109 4.392578 41.373047
4.912109 5.505859 41.373047
4.912109 6.619141 41.373047
4.912109 7.732422 41.373047
4.912109 8.845703 41.373047
4.912109 9.958984 41.373047
4.912109 11.072266 41.373047
4.912109 12.185547 41.373047
4.912109 13.298828 41.373047
4.912109 14.412109 41.373047
4.912109 15.525391 41.373047
4.912109 16.638672 41.373047
4.912109 17.751953 41.373047
4.912109 18.865234 41.373047
4.912109 19.978516 41.373047
4.912109 21.091797 41.373047
4.912109 22.205078 41.373047
4.912109 23.318359 41.373047
4.912109 24.431641 41.373047
4.912109 25.544922 41.373047
4.912109 26.658203 41.373047
4.912109 27.771484 41.373047
4.912109 28.884766 41.373047
4.912109 29.998047 41.373047
4.912109 31.111328 41.373047
4.912109 32.224609 41.373047
4.912109 33.337891 41.373047
4.912109 1.052734 42.486328
4.912109 2.166016 42.486328
4.912109 3.279297 42.486328
4.912109 4.392578 42.486328
4.912109 5.505859 42.486328
4.912109 6.619141 42.486328
4.912109 7.732422 42.486328
4.912109 8.845703 42.486328
4.912109 9.958984 42.486328
4.912109 11.072266 42.486328
4.912109 12.185547 42.486328
4.912109 13.298828 42.486328
4.912109 14.412109 42.486328
4.912109 15.525391 42.486328
4.912109 16.638672 42.486328
4.912109 17.751953 42.486328
4.912109 18.865234 42.486328
4.912109 19.978516 42.486328
4.912109 21.091797 42.486328
4.912109 22.205078 42.486328
4.912109 23.318359 42.486328
4.912109 24.431641 42.486328
4.912109 25.544922 42.486328
4.912109 26.658203 42.486328
4.912109 27.771484 42.486328
4.912109 28.884766 42.486328
4.912109 29.998047 42.486328
4.912109 31.111328 42.486328
4.912109 32.224609 42.486328
4.912109 33.337891 42.486328
4.912109 1.052734 43.599609
4.912109 2.166016 43.599609
4.912109 3.279297 43.599609
4.912109 4.392578 43.599609
4.912109 5.505859 43.599609
4.912109 6.619141 43.599609
4.912109 7.732422 43.599609
4.912109 8.845703 43.599609
4.912109 9.958984 43.599609
4.912109 11.072266 43.599609
4.912109 12.185547 43.599609
4.912109 13.298828 43.599609
4.912109 14.412109 43.599609
4.912109 15.525391 43.599609
4.912109 16.638672 43.599609
4.912109 17.751953 43.599609
4.912109 18.865234 43.599609
4.912109 19.978516 43.599609
4.912109 21.091797 43.599609
4.912109 22.205078 43.599609
4.912109 23.318359 43.599609
4.912109 24.431641 43.599609
4.912109 25.544922 43.599609
4.912109 26.658203 43.599609
4.912109 27.771484 43.599609
4.912109 28.884766 43.599609
4.912109 29.998047 43.599609
4.912109 31.111328 43.599609
4.912109 32.224609 43.599609
4.912109 33.337891 43.599609
6.025391 2.166016 23.560547
6.025391 3.279297 23.560547
6.025391 4.392578 23.560547
6.025391 5.505859 23.560547
6.025391 6.619141 23.560547
6.025391 7.732422 23.560547
6.025391 8.845703 23.560547
6.025391 9.958984 23.560547
6.025391 24.431641 23.560547
6.025391 25.544922 23.560547
6.025391 26.658203 23.560547
6.025391 27.771484 23.560547
6.025391 28.884766 23.560547
6.025391 29.998047 23.560547
6.025391 31.111328 23.560547
6.025391 32.224609 23.560547
6.025391 1.052734 24.673828
6.025391 2.166016 24.673828
6.025391 9.958984 24.673828
6.025391 11.072266 24.673828
6.025391 23.318359 24.673828
6.025391 24.431641 24.673828
6.025391 32.224609 24.673828
6.025391 33.337891 24.673828
6.025391 1.052734 25.787109
6.025391 11.072266 25.787109
6.025391 12.185547 25.787109
6.025391 22.205078 25.787109
6.025391 23.318359 25.787109
6.025391 33.337891 25.787109
6.025391 1.052734 26.900391
6.025391 12.185547 26.900391
6.025391 22.205078 26.900391
6.025391 33.337891 26.900391
6.025391 1.052734 28.013672
6.025391 12.185547 28.013672
6.025391 22.205078 28.013672
6.025391 33.337891 28.013672
6.025391 1.052734 29.126953
6.025391 12.185547 29.126953
6.025391 22.205078 29.126953
6.025391 33.337891 29.126953
6.025391 1.052734 30.240234
6.025391 12.185547 30.240234
6.025391 22.205078 30.240234
6.025391 33.337891 30.240234
6.025391 1.052734 31.353516
6.025391 12.185547 31.353516
6.025391 22.205078 31.353516
6.025391 33.337891 31.353516
6.025391 1.052734 32.466797
6.025391 2.166016 32.466797
6.025391 11.072266 32.466797
6.025391 12.185547 32.466797
6.025391 22.205078 32.466797
6.025391 23.318359 32.466797
6.025391 24.431641 32.466797
6.025391 33.337891 32.466797
6.025391 2.166016 33.580078
6.025391 3.279297 33.580078
6.025391 4.392578 33.580078
6.025391 5.505859 33.580078
6.025391 11.072266 33.580078
6.025391 23.318359 33.580078
6.025391 24.431641 33.580078
6.025391 29.998047 33.580078
6.025391 31.111328 33.580078
6.025391 33.337891 33.580078
6.025391 1.052734 34.693359
6.025391 2.166016 34.693359
6.025391 3.279297 34.693359
6.025391 5.505859 34.693359
6.025391 6.619141 34.693359
6.025391 11.072266 34.693359
6.025391 23.318359 34.693359
6.025391 27.771484 34.693359
6.025391 28.884766 34.693359
6.025391 29.998047 34.693359
6.025391 31.111328 34.693359
6.025391 32.224609 34.693359
6.025391 33.337891 34.693359
6.025391 1.052734 35.806641
6.025391 2.166016 35.806641
6.025391 6.619141 35.806641
6.025391 11.072266 35.806641
6.025391 12.185547 35.806641
6.025391 13.298828 35.806641
6.025391 14.412109 35.806641
6.025391 15.525391 35.806641
6.025391 16.638672 35.806641
6.025391 17.751953 35.806641
6.025391 18.865234 35.806641
6.025391 19.978516 35.806641
6.025391 21.091797 35.806641
6.025391 22.205078 35.806641
6.025391 23.318359 35.806641
6.025391 27.771484 35.806641
6.025391 32.224609 35.806641
6.025391 33.337891 35.806641
6.025391 1.052734 36.919922
6.025391 2.166016 36.919922
6.025391 6.619141 36.919922
6.025391 27.771484 36.919922
6.025391 32.224609 36.919922
6.025391 33.337891 36.919922
6.025391 1.052734 38.033203
6.025391 2.166016 38.033203
6.025391 3.279297 38.033203
6.025391 5.505859 38.033203
6.025391 6.619141 38.033203
6.025391 27.771484 38.033203
6.025391 28.884766 38.033203
6.025391 32.224609 38.033203
6.025391 33.337891 38.033203
6.025391 1.052734 39.146484
6.025391 3.279297 39.146484
6.025391 4.392578 39.146484
6.025391 5.505859 39.146484
6.025391 16.638672 39.146484
6.025391 17.751953 39.146484
6.025391 18.865234 39.146484
6.025391 28.884766 39.146484
6.025391 29.998047 39.146484
6.025391 31.111328 39.146484
6.025391 32.224609 39.146484
6.025391 33.337891 39.146484
6.025391 1.052734 40.259766
6.025391 16.638672 40.259766
6.025391 17.751953 40.259766
6.025391 18.865234 40.259766
6.025391 33.337891 40.259766
6.025391 1.052734 41.373047
6.025391 16.638672 41.373047
6.025391 17.751953 41.373047
6.025391 18.865234 41.373047
6.025391 33.337891 41.373047
6.025391 1.052734 42.486328
6.025391 33.337891 42.486328
6.025391 1.052734 43.599609
6.025391 2.166016 43.599609
6.025391 3.279297 43.599609
6.025391 4.392578 43.599609
6.025391 5.505859 43.599609
6.025391 6.619141 43.599609
6.025391 7.732422 43.599609
6.025391 8.845703 43.599609
6.025391 9.958984 43.599609
6.025391 11.072266 43.599609
6.025391 12.185547 43.599609
6.025391 13.298828 43.599609
6.025391 14.412109 43.599609
6.025391 15.525391 43.599609
6.025391 16.638672 43.599609
6.025391 17.751953 43.599609
6.025391 18.865234 43.599609
6.025391 19.978516 43.599609
6.025391 21.091797 43.599609
6.025391 22.205078 43.599609
6.025391 23.318359 43.599609
6.025391 24.431641 43.599609
6.025391 25.544922 43.599609
6.025391 26.658203 43.599609
6.025391 27.771484 43.599609
6.025391 28.884766 43.599609
6.025391 29.998047 43.599609
6.025391 31.111328 43.599609
6.025391 32.224609 43.599609
6.025391 33.337891 43.599609
7.138672 2.166016 23.560547
7.138672 3.279297 23.560547
7.138672 4.392578 23.560547
7.138672 5.505859 23.560547
7.138672 6.619141 23.560547
7.138672 7.732422 23.560547
7.138672 8.845703 23.560547
7.138672 9.958984 23.560547
7.138672 24.431641 23.560547
7.138672 25.544922 23.560547
7.138672 26.658203 23.560547
7.138672 27.771484 23.560547
7.138672 28.884766 23.560547
7.138672 29.998047 23.560547
7.138672 31.111328 23.560547
7.138672 32.224609 23.560547
7.138672 1.052734 24.673828
7.138672 2.166016 24.673828
7.138672 9.958984 24.673828
7.138672 11.072266 24.673828
7.138672 23.318359 24.673828
7.138672 24.431641 24.673828
7.138672 32.224609 24.673828
7.138672 33.337891 24.673828
7.138672 1.052734 25.787109
7.138672 11.072266 25.787109
7.138672 12.185547 25.787109
7.138672 22.205078 25.787109
7.138672 23.318359 25.787109
7.138672 33.337891 25.787109
7.138672 1.052734 26.900391
7.138672 12.185547 26.900391
7.138672 22.205078 26.900391
7.138672 33.337891 26.900391
7.138672 1.052734 28.013672
7.138672 12.185547 28.013672
7.138672 22.205078 28.013672
7.138672 33.337891 28.013672
7.138672 1.052734 29.126953
7.138672 12.185547 29.126953
7.138672 22.205078 29.126953
7.138672 33.337891 29.126953
7.138672 1.052734 30.240234
7.138672 12.185547 30.240234
7.138672 22.205078 30.240234
7.138672 33.337891 30.240234
7.138672 1.052734 31.353516
7.138672 12.185547 31.353516
7.138672 22.205078 31.353516
7.138672 33.337891 31.353516
7.138672 1.052734 32.466797
7.138672 2.166016 32.466797
7.138672 11.072266 32.466797
7.138672 12.185547 32.466797
7.138672 22.205078 32.466797
7.138672 23.318359 32.466797
7.138672 24.431641 32.466797
7.138672 33.337891 32.466797
7.138672 2.166016 33.580078
7.138672 3.279297 33.580078
7.138672 4.392578 33.580078
7.138672 5.505859 33.580078
7.138672 11.072266 33.580078
7.138672 23.318359 33.580078
7.138672 24.431641 33.580078
7.138672 29.998047 33.580078
7.138672 31.111328 33.580078
7.138672 33.337891 33.580078
7.138672 1.052734 34.693359
7.138672 2.166016 34.693359
7.138672 3.279297 34.693359
7.138672 4.392578 34.693359
7.138672 5.505859 34.693359
7.138672 6.619141 34.693359
7.138672 11.072266 34.693359
7.138672 23.318359 34.693359
7.138672 27.771484 34.693359
7.138672 28.884766 34.693359
7.138672 29.998047 34.693359
7.138672 31.111328 34.693359
7.138672 32.224609 34.693359
7.138672 33.337891 34.693359
7.138672 1.052734 35.806641
7.138672 2.166016 35.806641
7.138672 3.279297 35.806641
7.138672 5.505859 35.806641
7.138672 6.619141 35.806641
7.138672 11.072266 35.806641
7.138672 12.185547 35.806641
7.138672 13.298828 35.806641
7.138672 14.412109 35.806641
7.138672 15.525391 35.806641
7.138672 16.638672 35.806641
7.138672 17.751953 35.806641
7.138672 18.865234 35.806641
7.138672 19.978516 35.806641
7.138672 21.091797 35.806641
7.138672 22.205078 35.806641
7.138672 23.318359 35.806641
7.138672 27.771484 35.806641
7.138672 28.884766 35.806641
7.138672 29.998047 35.806641
7.138672 31.111328 35.806641
7.138672 32.224609 35.806641
7.138672 33.337891 35.806641
7.138672 1.052734 36.919922
7.138672 2.166016 36.919922
7.138672 3.279297 36.919922
7.138672 5.505859 36.919922
7.138672 6.619141 36.919922
7.138672 27.771484 36.919922
7.138672 28.884766 36.919922
7.138672 31.111328 36.919922
7.138672 32.224609 36.919922
7.138672 33.337891 36.919922
7.138672 1.052734 38.033203
7.138672 2.166016 38.033203
7.138672 3.279297 38.033203
7.138672 4.392578 38.033203
7.138672 5.505859 38.033203
7.138672 6.619141 38.033203
7.138672 27.771484 38.033203
7.138672 28.884766 38.033203
7.138672 29.998047 38.033203
7.138672 31.111328 38.033203
7.138672 32.224609 38.033203
7.138672 33.337891 38.033203
7.138672 1.052734 39.146484
7.138672 3.279297 39.146484
7.138672 4.392578 39.146484
7.138672 5.505859 39.146484
7.138672 16.638672 39.146484
7.138672 17.751953 39.146484
7.138672 18.865234 39.146484
7.138672 28.884766 39.146484
7.138672 29.998047 39.146484
7.138672 31.111328 39.146484
7.138672 32.224609 39.146484
7.138672 33.337891 39.146484
7.138672 1.052734 40.259766
7.138672 16.638672 40.259766
7.138672 17.751953 40.259766
7.138672 18.865234 40.259766
7.138672 33.337891 40.259766
7.138672 1.052734 41.373047
7.138672 16.638672 41.373047
7.138672 17.751953 41.373047
7.138672 18.865234 41.373047
7.138672 33.337891 41.373047
7.138672 1.052734 42.486328
7.138672 33.337891 42.486328
7.138672 1.052734 43.599609
7.138672 2.166016 43.599609
7.138672 3.279297 43.599609
7.138672 4.392578 43.599609
7.138672 5.505859 43.599609
7.138672 6.619141 43.599609
7.138672 7.732422 43.599609
7.138672 8.845703 43.599609
7.138672 9.958984 43.599609
7.138672 11.072266 43.599609
7.138672 12.185547 43.599609
7.138672 13.298828 43.599609
7.138672 14.412109 43.599609
7.138672 15.525391 43.599609
7.138672 16.638672 43.599609
7.138672 17.751953 43.599609
7.138672 18.865234 43.599609
7.138672 19.978516 43.599609
7.138672 21.091797 43.599609
7.138672 22.205078 43.599609
7.138672 23.318359 43.599609
7.138672 24.431641 43.599609
7.138672 25.544922 43.599609
7.138672 26.658203 43.599609
7.138672 27.771484 43.599609
7.138672 28.884766 43.599609
7.138672 29.998047 43.599609
7.138672 31.111328 43.599609
7.138672 32.224609 43.599609
7.138672 33.337891 43.599609
7.138672 15.525391 44.712891
7.138672 16.638672 44.712891
7.138672 17.751953 44.712891
7.138672 18.865234 44.712891
7.138672 15.525391 45.826172
7.138672 16.638672 45.826172
7.138672 17.751953 45.826172
7.138672 18.865234 45.826172
7.138672 15.525391 46.939453
7.138672 16.638672 46.939453
7.138672 17.751953 46.939453
7.138672 18.865234 46.939453
7.138672 15.525391 48.052734
7.138672 16.638672 48.052734
7.138672 17.751953 48.052734
7.138672 18.865234 48.052734
8.251953 2.166016 23.560547
8.251953 3.279297 23.560547
8.251953 4.392578 23.560547
8.251953 5.505859 23.560547
8.251953 6.619141 23.560547
8.251953 7.732422 23.560547
8.251953 8.845703 23.560547
8.251953 9.958984 23.560547
8.251953 24.431641 23.560547
8.251953 25.544922 23.560547
8.251953 26.658203 23.560547
8.251953 27.771484 23.560547
8.251953 28.884766 23.560547
8.251953 29.998047 23.560547
8.251953 31.111328 23.560547
8.251953 32.224609 23.560547
8.251953 1.052734 24.673828
8.251953 2.166016 24.673828
8.251953 9.958984 24.673828
8.251953 11.072266 24.673828
8.251953 23.318359 24.673828
8.251953 24.431641 24.673828
8.251953 32.224609 24.673828
8.251953 33.337891 24.673828
8.251953 1.052734 25.787109
8.251953 11.072266 25.787109
8.251953 12.185547 25.787109
8.251953 22.205078 25.787109
8.251953 23.318359 25.787109
8.251953 33.337891 25.787109
8.251953 1.052734 26.900391
8.251953 12.185547 26.900391
8.251953 22.205078 26.900391
8.251953 33.337891 26.900391
8.251953 1.052734 28.013672
8.251953 12.185547 28.013672
8.251953 22.205078 28.013672
8.251953 33.337891 28.013672
8.251953 1.052734 29.126953
8.251953 12.185547 29.126953
8.251953 22.205078 29.126953
8.251953 33.337891 29.126953
8.251953 1.052734 30.240234
8.251953 12.185547 30.240234
8.251953 22.205078 30.240234
8.251953 33.337891 30.240234
8.251953 1.052734 31.353516
8.251953 12.185547 31.353516
8.251953 22.205078 31.353516
8.251953 33.337891 31.353516
8.251953 1.052734 32.466797
8.251953 2.166016 32.466797
8.251953 11.072266 32.466797
8.251953 12.185547 32.466797
8.251953 22.205078 32.466797
8.251953 23.318359 32.466797
8.251953 24.431641 32.466797
8.251953 33.337891 32.466797
8.251953 2.166016 33.580078
8.251953 11.072266 33.580078
8.251953 23.318359 33.580078
8.251953 24.431641 33.580078
8.251953 33.337891 33.580078
8.251953 1.052734 34.693359
8.251953 2.166016 34.693359
8.251953 3.279297 34.693359
8.251953 4.392578 34.693359
8.251953 5.505859 34.693359
8.251953 11.072266 34.693359
8.251953 23.318359 34.693359
8.251953 28.884766 34.693359
8.251953 29.998047 34.693359
8.251953 31.111328 34.693359
8.251953 33.337891 34.693359
8.251953 1.052734 35.806641
8.251953 3.279297 35.806641
8.251953 5.505859 35.806641
8.251953 11.072266 35.806641
8.251953 12.185547 35.806641
8.251953 13.298828 35.806641
8.251953 14.412109 35.806641
8.251953 15.525391 35.806641
8.251953 16.638672 35.806641
8.251953 17.751953 35.806641
8.251953 18.865234 35.806641
8.251953 19.978516 35.806641
8.251953 21.091797 35.806641
8.251953 22.205078 35.806641
8.251953 23.318359 35.806641
8.251953 28.884766 35.806641
8.251953 29.998047 35.806641
8.251953 31.111328 35.806641
8.251953 32.224609 35.806641
8.251953 33.337891 35.806641
8.251953 1.052734 36.919922
8.251953 3.279297 36.919922
8.251953 5.505859 36.919922
8.251953 28.884766 36.919922
8.251953 31.111328 36.919922
8.251953 32.224609 36.919922
8.251953 33.337891 36.919922
8.251953 1.052734 38.033203
8.251953 3.279297 38.033203
8.251953 4.392578 38.033203
8.251953 5.505859 38.033203
8.251953 28.884766 38.033203
8.251953 29.998047 38.033203
8.251953 31.111328 38.033203
8.251953 33.337891 38.033203
8.251953 1.052734 39.146484
8.251953 2.166016 39.146484
8.251953 3.279297 39.146484
8.251953 4.392578 39.146484
8.251953 5.505859 39.146484
8.251953 16.638672 39.146484
8.251953 17.751953 39.146484
8.251953 18.865234 39.146484
8.251953 28.884766 39.146484
8.251953 29.998047 39.146484
8.251953 31.111328 39.146484
8.251953 32.224609 39.146484
8.251953 33.337891 39.146484
8.251953 1.052734 40.259766
8.251953 2.166016 40.259766
8.251953 3.279297 40.259766
8.251953 4.392578 40.259766
8.251953 5.505859 40.259766
8.251953 16.638672 40.259766
8.251953 17.751953 40.259766
8.251953 18.865234 40.259766
8.251953 28.884766 40.259766
8.251953 29.998047 40.259766
8.251953 31.111328 40.259766
8.251953 32.224609 40.259766
8.251953 33.337891 40.259766
8.251953 1.052734 41.373047
8.251953 2.166016 41.373047
8.251953 3.279297 41.373047
8.251953 4.392578 41.373047
8.251953 5.505859 41.373047
8.251953 16.638672 41.373047
8.251953 17.751953 41.373047
8.251953 18.865234 41.373047
8.251953 28.884766 41.373047
8.251953 29.998047 41.373047
8.251953 31.111328 41.373047
8.251953 32.224609 41.373047
8.251953 33.337891 41.373047
8.251953 1.052734 42.486328
8.251953 33.337891 42.486328
8.251953 1.052734 43.599609
8.251953 2.166016 43.599609
8.251953 3.279297 43.599609
8.251953 4.392578 43.599609
8.251953 5.505859 43.599609
8.251953 6.619141 43.599609
8.251953 7.732422 43.599609
8.251953 8.845703 43.599609
8.251953 9.958984 43.599609
8.251953 11.072266 43.599609
8.251953 12.185547 43.599609
8.251953 13.298828 43.599609
8.251953 14.412109 43.599609
8.251953 15.525391 43.599609
8.251953 18.865234 43.599609
8.251953 19.978516 43.599609
8.251953 21.091797 43.599609
8.251953 22.205078 43.599609
8.251953 23.318359 43.599609
8.251953 24.431641 43.599609
8.251953 25.544922 43.599609
8.251953 26.658203 43.599609
8.251953 27.771484 43.599609
8.251953 28.884766 43.599609
8.251953 29.998047 43.599609
8.251953 31.111328 43.599609
8.251953 32.224609 43.599609
8.251953 33.337891 43.599609
8.251953 13.298828 44.712891
8.251953 14.412109 44.712891
8.251953 15.525391 44.712891
8.251953 18.865234 44.712891
8.251953 19.978516 44.712891
8.251953 21.091797 44.712891
8.251953 13.298828 45.826172
8.251953 14.412109 45.826172
8.251953 15.525391 45.826172
8.251953 18.865234 45.826172
8.251953 19.978516 45.826172
8.251953 21.091797 45.826172
8.251953 13.298828 46.939453
8.251953 14.412109 46.939453
8.251953 15.525391 46.939453
8.251953 16.638672 46.939453
8.251953 17.751953 46.939453
8.251953 18.865234 46.939453
8.251953 19.978516 46.939453
8.251953 21.091797 46.939453
8.251953 13.298828 48.052734
8.251953 14.412109 48.052734
8.251953 15.525391 48.052734
8.251953 16.638672 48.052734
8.251953 17.751953 48.052734
8.251953 18.865234 48.052734
8.251953 19.978516 48.052734
8.251953 21.091797 48.052734
9.365234 2.166016 23.560547
9.365234 3.279297 23.560547
9.365234 4.392578 23.560547
9.365234 5.505859 23.560547
9.365234 6.619141 23.560547
9.365234 7.732422 23.560547
9.365234 8.845703 23.560547
9.365234 9.958984 23.560547
9.365234 24.431641 23.560547
9.365234 25.544922 23.560547
9.365234 26.658203 23.560547
9.365234 27.771484 23.560547
9.365234 28.884766 23.560547
9.365234 29.998047 23.560547
9.365234 31.111328 23.560547
9.365234 32.224609 23.560547
9.365234 1.052734 24.673828
9.365234 2.166016 24.673828
9.365234 9.958984 24.673828
9.365234 11.072266 24.673828
9.365234 23.318359 24.673828
9.365234 24.431641 24.673828
9.365234 32.224609 24.673828
9.365234 33.337891 24.673828
9.365234 1.052734 25.787109
9.365234 11.072266 25.787109
9.365234 12.185547 25.787109
9.365234 22.205078 25.787109
9.365234 23.318359 25.787109
9.365234 33.337891 25.787109
9.365234 1.052734 26.900391
9.365234 12.185547 26.900391
9.365234 22.205078 26.900391
9.365234 33.337891 26.900391
9.365234 1.052734 28.013672
9.365234 12.185547 28.013672
9.365234 22.205078 28.013672
9.365234 33.337891 28.013672
9.365234 1.052734 29.126953
9.365234 12.185547 29.126953
9.365234 22.205078 29.126953
9.365234 33.337891 29.126953
9.365234 1.052734 30.240234
9.365234 12.185547 30.240234
9.365234 22.205078 30.240234
9.365234 33.337891 30.240234
9.365234 1.052734 31.353516
9.365234 12.185547 31.353516
9.365234 22.205078 31.353516
9.365234 33.337891 31.353516
9.365234 1.052734 32.466797
9.365234 2.166016 32.466797
9.365234 11.072266 32.466797
9.365234 12.185547 32.466797
9.365234 22.205078 32.466797
9.365234 23.318359 32.466797
9.365234 24.431641 32.466797
9.365234 33.337891 32.466797
9.365234 2.166016 33.580078
9.365234 11.072266 33.580078
9.365234 23.318359 33.580078
9.365234 24.431641 33.580078
9.365234 33.337891 33.580078
9.365234 1.052734 34.693359
9.365234 2.166016 34.693359
9.365234 3.279297 34.693359
9.365234 4.392578 34.693359
9.365234 5.505859 34.693359
9.365234 11.072266 34.693359
9.365234 23.318359 34.693359
9.365234 28.884766 34.693359
9.365234 29.998047 34.693359
9.365234 31.111328 34.693359
9.365234 33.337891 34.693359
9.365234 1.052734 35.806641
9.365234 3.279297 35.806641
9.365234 5.505859 35.806641
9.365234 11.072266 35.806641
9.365234 12.185547 35.806641
9.365234 13.298828 35.806641
9.365234 14.412109 35.806641
9.365234 15.525391 35.806641
9.365234 16.638672 35.806641
9.365234 17.751953 35.806641
9.365234 18.865234 35.806641
9.365234 19.978516 35.806641
9.365234 21.091797 35.806641
9.365234 22.205078 35.806641
9.365234 23.318359 35.806641
9.365234 28.884766 35.806641
9.365234 29.998047 35.806641
9.365234 31.111328 35.806641
9.365234 32.224609 35.806641
9.365234 33.337891 35.806641
9.365234 1.052734 36.919922
9.365234 3.279297 36.919922
9.365234 5.505859 36.919922
9.365234 28.884766 36.919922
9.365234 31.111328 36.919922
9.365234 32.224609 36.919922
9.365234 33.337891 36.919922
9.365234 1.052734 38.033203
9.365234 3.279297 38.033203
9.365234 4.392578 38.033203
9.365234 5.505859 38.033203
9.365234 28.884766 38.033203
9.365234 29.998047 38.033203
9.365234 31.111328 38.033203
9.365234 33.337891 38.033203
9.365234 1.052734 39.146484
9.365234 2.166016 39.146484
9.365234 3.279297 39.146484
9.365234 4.392578 39.146484
9.365234 5.505859 39.146484
9.365234 16.638672 39.146484
9.365234 17.751953 39.146484
9.365234 18.865234 39.146484
9.365234 28.884766 39.146484
9.365234 29.998047 39.146484
9.365234 31.111328 39.146484
9.365234 32.224609 39.146484
9.365234 33.337891 39.146484
9.365234 5.505859 40.259766
9.365234 16.638672 40.259766
9.365234 17.751953 40.259766
9.365234 18.865234 40.259766
9.365234 28.884766 40.259766
9.365234 1.052734 41.373047
9.365234 2.166016 41.373047
9.365234 3.279297 41.373047
9.365234 4.392578 41.373047
9.365234 5.505859 41.373047
9.365234 16.638672 41.373047
9.365234 17.751953 41.373047
9.365234 18.865234 41.373047
9.365234 28.884766 41.373047
9.365234 29.998047 41.373047
9.365234 31.111328 41.373047
9.365234 32.224609 41.373047
9.365234 33.337891 41.373047
9.365234 1.052734 42.486328
9.365234 33.337891 42.486328
9.365234 1.052734 43.599609
9.365234 2.166016 43.599609
9.365234 3.279297 43.599609
9.365234 4.392578 43.599609
9.365234 5.505859 43.599609
9.365234 6.619141 43.599609
9.365234 7.732422 43.599609
9.365234 8.845703 43.599609
9.365234 9.958984 43.599609
9.365234 11.072266 43.599609
9.365234 12.185547 43.599609
9.365234 13.298828 43.599609
9.365234 14.412109 43.599609
9.365234 21.091797 43.599609
9.365234 22.205078 43.599609
9.365234 23.318359 43.599609
9.365234 24.431641 43.599609
9.365234 25.544922 43.599609
9.365234 26.658203 43.599609
9.365234 27.771484 43.599609
9.365234 28.884766 43.599609
9.365234 29.998047 43.599609
9.365234 31.111328 43.599609
9.365234 32.224609 43.599609
9.365234 33.337891 43.599609
9.365234 13.298828 44.712891
9.365234 14.412109 44.712891
9.365234 21.091797 44.712891
9.365234 13.298828 45.826172
9.365234 14.412109 45.826172
9.365234 21.091797 45.826172
9.365234 13.298828 46.939453
9.365234 14.412109 46.939453
9.365234 15.525391 46.939453
9.365234 16.638672 46.939453
9.365234 17.751953 46.939453
9.365234 18.865234 46.939453
9.365234 19.978516 46.939453
9.365234 21.091797 46.939453
9.365234 13.298828 48.052734
9.365234 14.412109 48.052734
9.365234 15.525391 48.052734
9.365234 19.978516 48.052734
9.365234 21.091797 48.052734
10.478516 2.166016 23.560547
10.478516 3.279297 23.560547
10.478516 4.392578 23.560547
10.478516 5.505859 23.560547
10.478516 6.619141 23.560547
10.478516 7.732422 23.560547
10.478516 8.845703 23.560547
10.478516 9.958984 23.560547
10.478516 24.431641 23.560547
10.478516 25.544922 23.560547
10.478516 26.658203 23.560547
10.478516 27.771484 23.560547
10.478516 28.884766 23.560547
10.478516 29.998047 23.560547
10.478516 31.111328 23.560547
10.478516 32.224609 23.560547
10.478516 1.052734 24.673828
10.478516 2.166016 24.673828
10.478516 9.958984 24.673828
10.478516 11.072266 24.673828
10.478516 23.318359 24.673828
10.478516 24.431641 24.673828
10.478516 32.224609 24.673828
10.478516 33.337891 24.673828
10.478516 1.052734 25.787109
10.478516 11.072266 25.787109
10.478516 12.185547 25.787109
10.478516 22.205078 25.787109
10.478516 23.318359 25.787109
10.478516 33.337891 25.787109
10.478516 1.052734 26.900391
10.478516 12.185547 26.900391
10.478516 22.205078 26.900391
10.478516 33.337891 26.900391
10.478516 1.052734 28.013672
10.478516 12.185547 28.013672
10.478516 22.205078 28.013672
10.478516 33.337891 28.013672
10.478516 1.052734 29.126953
10.478516 12.185547 29.126953
10.478516 22.205078 29.126953
10.478516 33.337891 29.126953
10.478516 1.052734 30.240234
10.478516 12.185547 30.240234
10.478516 22.205078 30.240234
10.478516 33.337891 30.240234
10.478516 1.052734 31.353516
10.478516 12.185547 31.353516
10.478516 22.205078 31.353516
10.478516 33.337891 31.353516
10.478516 1.052734 32.466797
10.478516 2.166016 32.466797
10.478516 11.072266 32.466797
10.478516 12.185547 32.466797
10.478516 22.205078 32.466797
10.478516 23.318359 32.466797
10.478516 24.431641 32.466797
10.478516 33.337891 32.466797
10.478516 2.166016 33.580078
10.478516 11.072266 33.580078
10.478516 23.318359 33.580078
10.478516 24.431641 33.580078
10.478516 33.337891 33.580078
10.478516 1.052734 34.693359
10.478516 2.166016 34.693359
10.478516 3.279297 34.693359
10.478516 4.392578 34.693359
10.478516 5.505859 34.693359
10.478516 11.072266 34.693359
10.478516 23.318359 34.693359
10.478516 28.884766 34.693359
10.478516 29.998047 34.693359
10.478516 31.111328 34.693359
10.478516 33.337891 34.693359
10.478516 1.052734 35.806641
10.478516 3.279297 35.806641
10.478516 5.505859 35.806641
10.478516 11.072266 35.806641
10.478516 12.185547 35.806641
10.478516 13.298828 35.806641
10.478516 14.412109 35.806641
10.478516 15.525391 35.806641
10.478516 16.638672 35.806641
10.478516 17.751953 35.806641
10.478516 18.865234 35.806641
10.478516 19.978516 35.806641
10.478516 21.091797 35.806641
10.478516 22.205078 35.806641
10.478516 23.318359 35.806641
10.478516 28.884766 35.806641
10.478516 29.998047 35.806641
10.478516 31.111328 35.806641
10.478516 32.224609 35.806641
10.478516 33.337891 35.806641
10.478516 1.052734 36.919922
10.478516 3.279297 36.919922
10.478516 5.505859 36.919922
10.478516 28.884766 36.919922
10.478516 31.111328 36.919922
10.478516 32.224609 36.919922
10.478516 33.337891 36.919922
10.478516 1.052734 38.033203
10.478516 3.279297 38.033203
10.478516 4.392578 38.033203
10.478516 5.505859 38.033203
10.478516 28.884766 38.033203
10.478516 29.998047 38.033203
10.478516 31.111328 38.033203
10.478516 33.337891 38.033203
10.478516 1.052734 39.146484
10.478516 2.166016 39.146484
10.478516 3.279297 39.146484
10.478516 4.392578 39.146484
10.478516 5.505859 39.146484
10.478516 16.638672 39.146484
10.478516 17.751953 39.146484
10.478516 18.865234 39.146484
10.478516 28.884766 39.146484
10.478516 29.998047 39.146484
10.478516 31.111328 39.146484
10.478516 32.224609 39.146484
10.478516 33.337891 39.146484
10.478516 1.052734 40.259766
10.478516 2.166016 40.259766
10.478516 3.279297 40.259766
10.478516 4.392578 40.259766
10.478516 5.505859 40.259766
10.478516 16.638672 40.259766
10.478516 17.751953 40.259766
10.478516 18.865234 40.259766
10.478516 28.884766 40.259766
10.478516 29.998047 40.259766
10.478516 31.111328 40.259766
10.478516 32.224609 40.259766
10.478516 33.337891 40.259766
10.478516 1.052734 41.373047
10.478516 2.166016 41.373047
10.478516 3.279297 41.373047
10.478516 4.392578 41.373047
10.478516 5.505859 41.373047
10.478516 16.638672 41.373047
10.478516 17.751953 41.373047
10.478516 18.865234 41.373047
10.478516 28.884766 41.373047
10.478516 29.998047 41.373047
10.478516 31.111328 41.373047
10.478516 32.224609 41.373047
10.478516 33.337891 41.373047
10.478516 1.052734 42.486328
10.478516 33.337891 42.486328
10.478516 1.052734 43.599609
10.478516 2.166016 43.599609
10.478516 3.279297 43.599609
10.478516 4.392578 43.599609
10.478516 5.505859 43.599609
10.478516 6.619141 43.599609
10.478516 7.732422 43.599609
10.478516 8.845703 43.599609
10.478516 9.958984 43.599609
10.478516 11.072266 43.599609
10.478516 12.185547 43.599609
10.478516 13.298828 43.599609
10.478516 21.091797 43.599609
10.478516 22.205078 43.599609
10.478516 23.318359 43.599609
10.478516 24.431641 43.599609
10.478516 25.544922 43.599609
10.478516 26.658203 43.599609
10.478516 27.771484 43.599609
10.478516 28.884766 43.599609
10.478516 29.998047 43.599609
10.478516 31.111328 43.599609
10.478516 32.224609 43.599609
10.478516 33.337891 43.599609
10.478516 12.185547 44.712891
10.478516 13.298828 44.712891
10.478516 21.091797 44.712891
10.478516 22.205078 44.712891
10.478516 12.185547 45.826172
10.478516 13.298828 45.826172
10.478516 21.091797 45.826172
10.478516 22.205078 45.826172
10.478516 12.185547 46.939453
10.478516 13.298828 46.939453
10.478516 14.412109 46.939453
10.478516 15.525391 46.939453
10.478516 16.638672 46.939453
10.478516 17.751953 46.939453
10.478516 18.865234 46.939453
10.478516 19.978516 46.939453
10.478516 21.091797 46.939453
10.478516 22.205078 46.939453
10.478516 12.185547 48.052734
10.478516 13.298828 48.052734
10.478516 14.412109 48.052734
10.478516 21.091797 48.052734
10.478516 22.205078 48.052734
11.591797 2.166016 23.560547
11.591797 3.279297 23.560547
11.591797 4.392578 23.560547
11.591797 5.505859 23.560547
11.591797 6.619141 23.560547
11.591797 7.732422 23.560547
11.591797 8.845703 23.560547
11.591797 9.958984 23.560547
11.591797 24.431641 23.560547
11.591797 25.544922 23.560547
11.591797 26.658203 23.560547
11.591797 27.771484 23.560547
11.591797 28.884766 23.560547
11.591797 29.998047 23.560547
11.591797 31.111328 23.560547
11.591797 32.224609 23.560547
11.591797 1.052734 24.673828
11.591797 2.166016 24.673828
11.591797 9.958984 24.673828
11.591797 11.072266 24.673828
11.591797 23.318359 24.673828
11.591797 24.431641 24.673828
11.591797 32.224609 24.673828
11.591797 33.337891 24.673828
11.591797 1.052734 25.787109
11.591797 11.072266 25.787109
11.591797 12.185547 25.787109
11.591797 22.205078 25.787109
11.591797 23.318359 25.787109
11.591797 33.337891 25.787109
11.591797 1.052734 26.900391
11.591797 12.185547 26.900391
11.591797 22.205078 26.900391
11.591797 33.337891 26.900391
11.591797 1.052734 28.013672
11.591797 12.185547 28.013672
11.591797 22.205078 28.013672
11.591797 33.337891 28.013672
11.591797 1.052734 29.126953
11.591797 12.185547 29.126953
11.591797 22.205078 29.126953
11.591797 33.337891 29.126953
11.591797 1.052734 30.240234
11.591797 12.185547 30.240234
11.591797 22.205078 30.240234
11.591797 33.337891 30.240234
11.591797 1.052734 31.353516
11.591797 12.185547 31.353516
11.591797 22.205078 31.353516
11.591797 33.337891 31.353516
11.591797 1.052734 32.466797
11.591797 2.166016 32.466797
11.591797 11.072266 32.466797
11.591797 12.185547 32.466797
11.591797 22.205078 32.466797
11.591797 23.318359 32.466797
11.591797 24.431641 32.466797
11.591797 33.337891 32.466797
11.591797 2.166016 33.580078
11.591797 11.072266 33.580078
11.591797 23.318359 33.580078
11.591797 24.431641 33.580078
11.591797 33.337891 33.580078
11.591797 1.052734 34.693359
11.591797 2.166016 34.693359
11.591797 3.279297 34.693359
11.591797 4.392578 34.693359
11.591797 5.505859 34.693359
11.591797 11.072266 34.693359
11.591797 23.318359 34.693359
11.591797 28.884766 34.693359
11.591797 29.998047 34.693359
11.591797 31.111328 34.693359
11.591797 33.337891 34.693359
11.591797 1.052734 35.806641
11.591797 3.279297 35.806641
11.591797 5.505859 35.806641
11.591797 11.072266 35.806641
11.591797 12.185547 35.806641
11.591797 13.298828 35.806641
11.591797 14.412109 35.806641
11.591797 15.525391 35.806641
11.591797 16.638672 35.806641
11.591797 17.751953 35.806641
11.591797 18.865234 35.806641
11.591797 19.978516 35.806641
11.591797 21.091797 35.806641
11.591797 22.205078 35.806641
11.591797 23.318359 35.806641
11.591797 28.884766 35.806641
11.591797 29.998047 35.806641
11.591797 31.111328 35.806641
11.591797 32.224609 35.806641
11.591797 33.337891 35.806641
11.591797 1.052734 36.919922
11.591797 3.279297 36.919922
11.591797 5.505859 36.919922
11.591797 28.884766 36.919922
11.591797 31.111328 36.919922
11.591797 32.224609 36.919922
11.591797 33.337891 36.919922
11.591797 1.052734 38.033203
11.591797 3.279297 38.033203
11.591797 4.392578 38.033203
11.591797 5.505859 38.033203
11.591797 28.884766 38.033203
11.591797 29.998047 38.033203
11.591797 31.111328 38.033203
11.591797 33.337891 38.033203
11.591797 1.052734 39.146484
11.591797 16.638672 39.146484
11.591797 17.751953 39.146484
11.591797 18.865234 39.146484
11.591797 33.337891 39.146484
11.591797 1.052734 40.259766
11.591797 16.638672 40.259766
11.591797 17.751953 40.259766
11.591797 18.865234 40.259766
11.591797 33.337891 40.259766
11.591797 1.052734 41.373047
11.591797 16.638672 41.373047
11.591797 17.751953 41.373047
11.591797 18.865234 41.373047
11.591797 33.337891 41.373047
11.591797 1.052734 42.486328
11.591797 33.337891 42.486328
11.591797 1.052734 43.599609
11.591797 2.166016 43.599609
11.591797 3.279297 43.599609
11.591797 4.392578 43.599609
11.591797 5.505859 43.599609
11.591797 6.619141 43.599609
11.591797 7.732422 43.599609
11.591797 8.845703 43.599609
11.591797 9.958984 43.599609
11.591797 11.072266 43.599609
11.591797 12.185547 43.599609
11.591797 22.205078 43.599609
11.591797 23.318359 43.599609
11.591797 24.431641 43.599609
11.591797 25.544922 43.599609
11.591797 26.658203 43.599609
11.591797 27.771484 43.599609
11.591797 28.884766 43.599609
11.591797 29.998047 43.599609
11.591797 31.111328 43.599609
11.591797 32.224609 43.599609
11.591797 33.337891 43.599609
11.591797 12.185547 44.712891
11.591797 22.205078 44.712891
11.591797 12.185547 45.826172
11.591797 22.205078 45.826172
11.591797 12.185547 46.939453
11.591797 13.298828 46.939453
11.591797 14.412109 46.939453
11.591797 15.525391 46.939453
11.591797 16.638672 46.939453
11.591797 17.751953 46.939453
11.591797 18.865234 46.939453
11.591797 19.978516 46.939453
11.591797 21.091797 46.939453
11.591797 22.205078 46.939453
11.591797 12.185547 48.052734
11.591797 13.298828 48.052734
11.591797 21.091797 48.052734
11.591797 22.205078 48.052734
12.705078 2.166016 23.560547
12.705078 3.279297 23.560547
12.705078 4.392578 23.560547
12.705078 5.505859 23.560547
12.705078 6.619141 23.560547
12.705078 7.732422 23.560547
12.705078 8.845703 23.560547
12.705078 9.958984 23.560547
12.705078 24.431641 23.560547
12.705078 25.544922 23.560547
12.705078 26.658203 23.560547
12.705078 27.771484 23.560547
12.705078 28.884766 23.560547
12.705078 29.998047 23.560547
12.705078 31.111328 23.560547
12.705078 32.224609 23.560547
12.705078 1.052734 24.673828
12.705078 2.166016 24.673828
12.705078 9.958984 24.673828
12.705078 11.072266 24.673828
12.705078 23.318359 24.673828
12.705078 24.431641 24.673828
12.705078 32.224609 24.673828
12.705078 33.337891 24.673828
12.705078 1.052734 25.787109
12.705078 11.072266 25.787109
12.705078 12.185547 25.787109
12.705078 22.205078 25.787109
12.705078 23.318359 25.787109
12.705078 33.337891 25.787109
12.705078 1.052734 26.900391
12.705078 12.185547 26.900391
12.705078 22.205078 26.900391
12.705078 33.337891 26.900391
12.705078 1.052734 28.013672
12.705078 12.185547 28.013672
12.705078 22.205078 28.013672
12.705078 33.337891 28.013672
12.705078 1.052734 29.126953
12.705078 12.185547 29.126953
12.705078 22.205078 29.126953
12.705078 33.337891 29.126953
12.705078 1.052734 30.240234
12.705078 12.185547 30.240234
12.705078 22.205078 30.240234
12.705078 33.337891 30.240234
12.705078 1.052734 31.353516
12.705078 12.185547 31.353516
12.705078 22.205078 31.353516
12.705078 33.337891 31.353516
12.705078 1.052734 32.466797
12.705078 2.166016 32.466797
12.705078 11.072266 32.466797
12.705078 12.185547 32.466797
12.705078 22.205078 32.466797
12.705078 23.318359 32.466797
12.705078 24.431641 32.466797
12.705078 33.337891 32.466797
12.705078 2.166016 33.580078
12.705078 11.072266 33.580078
12.705078 23.318359 33.580078
12.705078 24.431641 33.580078
12.705078 33.337891 33.580078
12.705078 1.052734 34.693359
12.705078 2.166016 34.693359
12.705078 3.279297 34.693359
12.705078 4.392578 34.693359
12.705078 5.505859 34.693359
12.705078 11.072266 34.693359
12.705078 23.318359 34.693359
12.705078 28.884766 34.693359
12.705078 29.998047 34.693359
12.705078 31.111328 34.693359
12.705078 33.337891 34.693359
12.705078 1.052734 35.806641
12.705078 3.279297 35.806641
12.705078 5.505859 35.806641
12.705078 11.072266 35.806641
12.705078 12.185547 35.806641
12.705078 13.298828 35.806641
12.705078 14.412109 35.806641
12.705078 15.525391 35.806641
12.705078 16.638672 35.806641
12.705078 17.751953 35.806641
12.705078 18.865234 35.806641
12.705078 19.978516 35.806641
12.705078 21.091797 35.806641
12.705078 22.205078 35.806641
12.705078 23.318359 35.806641
12.705078 28.884766 35.806641
12.705078 29.998047 35.806641
12.705078 31.111328 35.806641
12.705078 32.224609 35.806641
12.705078 33.337891 35.806641
12.705078 1.052734 36.919922
12.705078 3.279297 36.919922
12.705078 5.505859 36.919922
12.705078 28.884766 36.919922
12.705078 31.111328 36.919922
12.705078 32.224609 36.919922
12.705078 33.337891 36.919922
12.705078 1.052734 38.033203
12.705078 3.279297 38.033203
12.705078 4.392578 38.033203
12.705078 5.505859 38.033203
12.705078 28.884766 38.033203
12.705078 29.998047 38.033203
12.705078 31.111328 38.033203
12.705078 33.337891 38.033203
12.705078 1.052734 39.146484
12.705078 33.337891 39.146484
12.705078 1.052734 40.259766
12.705078 33.337891 40.259766
12.705078 1.052734 41.373047
12.705078 33.337891 41.373047
12.705078 1.052734 42.486328
12.705078 33.337891 42.486328
12.705078 1.052734 43.599609
12.705078 2.166016 43.599609
12.705078 3.279297 43.599609
12.705078 4.392578 43.599609
12.705078 5.505859 43.599609
12.705078 6.619141 43.599609
12.705078 7.732422 43.599609
12.705078 8.845703 43.599609
12.705078 9.958984 43.599609
12.705078 11.072266 43.599609
12.705078 12.185547 43.599609
12.705078 22.205078 43.599609
12.705078 23.318359 43.599609
12.705078 24.431641 43.599609
12.705078 25.544922 43.599609
12.705078 26.658203 43.599609
12.705078 27.771484 43.599609
12.705078 28.884766 43.599609
12.705078 29.998047 43.599609
12.705078 31.111328 43.599609
12.705078 32.224609 43.599609
12.705078 33.337891 43.599609
12.705078 12.185547 44.712891
12.705078 22.205078 44.712891
12.705078 12.185547 45.826172
12.705078 22.205078 45.826172
12.705078 12.185547 46.939453
12.705078 13.298828 46.939453
12.705078 14.412109 46.939453
12.705078 15.525391 46.939453
12.705078 16.638672 46.939453
12.705078 17.751953 46.939453
12.705078 18.865234 46.939453
12.705078 19.978516 46.939453
12.705078 21.091797 46.939453
12.705078 22.205078 46.939453
12.705078 12.185547 48.052734
12.705078 13.298828 48.052734
12.705078 21.091797 48.052734
12.705078 22.205078 48.052734
13.818359 2.166016 23.560547
13.818359 3.279297 23.560547
13.818359 4.392578 23.560547
13.818359 5.505859 23.560547
13.818359 6.619141 23.560547
13.818359 7.732422 23.560547
13.818359 8.845703 23.560547
13.818359 9.958984 23.560547
13.818359 24.431641 23.560547
13.818359 25.544922 23.560547
13.818359 26.658203 23.560547
13.818359 27.771484 23.560547
13.818359 28.884766 23.560547
13.818359 29.998047 23.560547
13.818359 31.111328 23.560547
13.818359 32.224609 23.560547
13.818359 1.052734 24.673828
13.818359 2.166016 24.673828
13.818359 3.279297 24.673828
13.818359 4.392578 24.673828
13.818359 5.505859 24.673828
13.818359 6.619141 24.673828
13.818359 7.732422 24.673828
13.818359 8.845703 24.673828
13.818359 9.958984 24.673828
13.818359 11.072266 24.673828
13.818359 23.318359 24.673828
13.818359 24.431641 24.673828
13.818359 25.544922 24.673828
13.818359 26.658203 24.673828
13.818359 27.771484 24.673828
13.818359 28.884766 24.673828
13.818359 29.998047 24.673828
13.818359 31.111328 24.673828
13.818359 32.224609 24.673828
13.818359 33.337891 24.673828
13.818359 1.052734 25.787109
13.818359 2.166016 25.787109
13.818359 3.279297 25.787109
13.818359 4.392578 25.787109
13.818359 5.505859 25.787109
13.818359 6.619141 25.787109
13.818359 7.732422 25.787109
13.818359 8.845703 25.787109
13.818359 9.958984 25.787109
13.818359 11.072266 25.787109
13.818359 12.185547 25.787109
13.818359 22.205078 25.787109
13.818359 23.318359 25.787109
13.818359 24.431641 25.787109
13.818359 25.544922 25.787109
13.818359 26.658203 25.787109
13.818359 27.771484 25.787109
13.818359 28.884766 25.787109
13.818359 29.998047 25.787109
13.818359 31.111328 25.787109
13.818359 32.224609 25.787109
13.818359 33.337891 25.787109
13.818359 1.052734 26.900391
13.818359 2.166016 26.900391
13.818359 3.279297 26.900391
13.818359 4.392578 26.900391
13.818359 5.505859 26.900391
13.818359 6.619141 26.900391
13.818359 7.732422 26.900391
13.818359 8.845703 26.900391
13.818359 9.958984 26.900391
13.818359 11.072266 26.900391
13.818359 12.185547 26.900391
13.818359 22.205078 26.900391
13.818359 23.318359 26.900391
13.818359 24.431641 26.900391
13.818359 25.544922 26.900391
13.818359 26.658203 26.900391
13.818359 27.771484 26.900391
13.818359 28.884766 26.900391
13.818359 29.998047 26.900391
13.818359 31.111328 26.900391
13.818359 32.224609 26.900391
13.818359 33.337891 26.900391
13.818359 1.052734 28.013672
13.818359 2.166016 28.013672
13.818359 3.279297 28.013672
13.818359 4.392578 28.013672
13.818359 5.505859 28.013672
13.818359 6.619141 28.013672
13.818359 7.732422 28.013672
13.818359 8.845703 28.013672
13.818359 9.958984 28.013672
13.818359 11.072266 28.013672
13.818359 12.185547 28.013672
13.818359 22.205078 28.013672
13.818359 23.318359 28.013672
13.818359 24.431641 28.013672
13.818359 25.544922 28.013672
13.818359 26.658203 28.013672
13.818359 27.771484 28.013672
13.818359 28.884766 28.013672
13.818359 29.998047 28.013672
13.818359 31.111328 28.013672
13.818359 32.224609 28.013672
13.818359 33.337891 28.013672
13.818359 1.052734 29.126953
13.818359 2.166016 29.126953
13.818359 3.279297 29.126953
13.818359 4.392578 29.126953
13.818359 5.505859 29.126953
13.818359 6.619141 29.126953
13.818359 7.732422 29.126953
13.818359 8.845703 29.126953
13.818359 9.958984 29.126953
13.818359 11.072266 29.126953
13.818359 12.185547 29.126953
13.818359 22.205078 29.126953
13.818359 23.318359 29.126953
13.818359 24.431641 29.126953
13.818359 25.544922 29.126953
13.818359 26.658203 29.126953
13.818359 27.771484 29.126953
13.818359 28.884766 29.126953
13.818359 29.998047 29.126953
13.818359 31.111328 29.126953
13.818359 32.224609 29.126953
13.818359 33.337891 29.126953
13.818359 1.052734 30.240234
13.818359 2.166016 30.240234
13.818359 3.279297 30.240234
13.818359 4.392578 30.240234
13.818359 5.505859 30.240234
13.818359 6.619141 30.240234
13.818359 7.732422 30.240234
13.818359 8.845703 30.240234
13.818359 9.958984 30.240234
13.818359 11.072266 30.240234
13.818359 12.185547 30.240234
13.818359 22.205078 30.240234
13.818359 23.318359 30.240234
13.818359 24.431641 30.240234
13.818359 25.544922 30.240234
13.818359 26.658203 30.240234
13.818359 27.771484 30.240234
13.818359 28.884766 30.240234
13.818359 29.998047 30.240234
13.818359 31.111328 30.240234
13.818359 32.224609 30.240234
13.818359 33.337891 30.240234
13.818359 1.052734 31.353516
13.818359 2.166016 31.353516
13.818359 3.279297 31.353516
13.818359 4.392578 31.353516
13.818359 5.505859 31.353516
13.818359 6.619141 31.353516
13.818359 7.732422 31.353516
13.818359 8.845703 31.353516
13.818359 9.958984 31.353516
13.818359 11.072266 31.353516
13.818359 12.185547 31.353516
13.818359 22.205078 31.353516
13.818359 23.318359 31.353516
13.818359 24.431641 31.353516
13.818359 25.544922 31.353516
13.818359 26.658203 31.353516
13.818359 27.771484 31.353516
13.818359 28.884766 31.353516
13.818359 29.998047 31.353516
13.818359 31.111328 31.353516
13.818359 32.224609 31.353516
13.818359 33.337891 31.353516
13.818359 1.052734 32.466797
13.818359 2.166016 32.466797
13.818359 3.279297 32.466797
13.818359 4.392578 32.466797
13.818359 5.505859 32.466797
13.818359 6.619141 32.466797
13.818359 7.732422 32.466797
13.818359 8.845703 32.466797
13.818359 9.958984 32.466797
13.818359 11.072266 32.466797
13.818359 12.185547 32.466797
13.818359 22.205078 32.466797
13.818359 23.318359 32.466797
13.818359 24.431641 32.466797
13.818359 25.544922 32.466797
13.818359 26.658203 32.466797
13.818359 27.771484 32.466797
13.818359 28.884766 32.466797
13.818359 29.998047 32.466797
13.818359 31.111328 32.466797
13.818359 32.224609 32.466797
13.818359 33.337891 32.466797
13.818359 2.166016 33.580078
13.818359 3.279297 33.580078
13.818359 4.392578 33.580078
13.818359 5.505859 33.580078
13.818359 6.619141 33.580078
13.818359 7.732422 33.580078
13.818359 8.845703 33.580078
13.818359 9.958984 33.580078
13.818359 11.072266 33.580078
13.818359 23.318359 33.580078
13.818359 24.431641 33.580078
13.818359 25.544922 33.580078
13.818359 26.658203 33.580078
13.818359 27.771484 33.580078
13.818359 28.884766 33.580078
13.818359 29.998047 33.580078
13.818359 31.111328 33.580078
13.818359 32.224609 33.580078
13.818359 33.337891 33.580078
13.818359 1.052734 34.693359
13.818359 2.166016 34.693359
13.818359 3.279297 34.693359
13.818359 4.392578 34.693359
13.818359 5.505859 34.693359
13.818359 6.619141 34.693359
13.818359 7.732422 34.693359
13.818359 8.845703 34.693359
13.818359 9.958984 34.693359
13.818359 11.072266 34.693359
13.818359 23.318359 34.693359
13.818359 24.431641 34.693359
13.818359 25.544922 34.693359
13.818359 26.658203 34.693359
13.818359 27.771484 34.693359
13.818359 28.884766 34.693359
13.818359 29.998047 34.693359
13.818359 31.111328 34.693359
13.818359 32.224609 34.693359
13.818359 33.337891 34.693359
13.818359 1.052734 35.806641
13.818359 2.166016 35.806641
13.818359 3.279297 35.806641
13.818359 5.505859 35.806641
13.818359 6.619141 35.806641
13.818359 7.732422 35.806641
13.818359 8.845703 35.806641
13.818359 9.958984 35.806641
13.818359 11.072266 35.806641
13.818359 12.185547 35.806641
13.818359 13.298828 35.806641
13.818359 14.412109 35.806641
13.818359 15.525391 35.806641
13.818359 16.638672 35.806641
13.818359 17.751953 35.806641
13.818359 18.865234 35.806641
13.818359 19.978516 35.806641
13.818359 21.091797 35.806641
13.818359 22.205078 35.806641
13.818359 23.318359 35.806641
13.818359 24.431641 35.806641
13.818359 25.544922 35.806641
13.818359 26.658203 35.806641
13.818359 27.771484 35.806641
13.818359 28.884766 35.806641
13.818359 29.998047 35.806641
13.818359 31.111328 35.806641
13.818359 32.224609 35.806641
13.818359 33.337891 35.806641
13.818359 1.052734 36.919922
13.818359 2.166016 36.919922
13.818359 3.279297 36.919922
13.818359 5.505859 36.919922
13.818359 6.619141 36.919922
13.818359 7.732422 36.919922
13.818359 8.845703 36.919922
13.818359 9.958984 36.919922
13.818359 11.072266 36.919922
13.818359 12.185547 36.919922
13.818359 13.298828 36.919922
13.818359 14.412109 36.919922
13.818359 15.525391 36.919922
13.818359 16.638672 36.919922
13.818359 17.751953 36.919922
13.818359 18.865234 36.919922
13.818359 19.978516 36.919922
13.818359 21.091797 36.919922
13.818359 22.205078 36.919922
13.818359 23.318359 36.919922
13.818359 24.431641 36.919922
13.818359 25.544922 36.919922
13.818359 26.658203 36.919922
13.818359 27.771484 36.919922
13.818359 28.884766 36.919922
13.818359 31.111328 36.919922
13.818359 32.224609 36.919922
13.818359 33.337891 36.919922
13.818359 1.052734 38.033203
13.818359 2.166016 38.033203
13.818359 3.279297 38.033203
13.818359 4.392578 38.033203
13.818359 5.505859 38.033203
13.818359 6.619141 38.033203
13.818359 7.732422 38.033203
13.818359 8.845703 38.033203
13.818359 9.958984 38.033203
13.818359 11.072266 38.033203
13.818359 12.185547 38.033203
13.818359 13.298828 38.033203
13.818359 14.412109 38.033203
13.818359 15.525391 38.033203
13.818359 16.638672 38.033203
13.818359 17.751953 38.033203
13.818359 18.865234 38.033203
13.818359 19.978516 38.033203
13.818359 21.091797 38.033203
13.818359 22.205078 38.033203
13.818359 23.318359 38.033203
13.818359 24.431641 38.033203
13.818359 25.544922 38.033203
13.818359 26.658203 38.033203
13.818359 27.771484 38.033203
13.818359 28.884766 38.033203
13.818359 29.998047 38.033203
13.818359 31.111328 38.033203
13.818359 32.224609 38.033203
13.818359 33.337891 38.033203
13.818359 1.052734 39.146484
13.818359 2.166016 39.146484
13.818359 3.279297 39.146484
13.818359 4.392578 39.146484
13.818359 5.505859 39.146484
13.818359 6.619141 39.146484
13.818359 7.732422 39.146484
13.818359 8.845703 39.146484
13.818359 9.958984 39.146484
13.818359 11.072266 39.146484
13.818359 12.185547 39.146484
13.818359 13.298828 39.146484
13.818359 14.412109 39.146484
13.818359 15.525391 39.146484
13.818359 16.638672 39.146484
13.818359 17.751953 39.146484
13.818359 18.865234 39.146484
13.818359 19.978516 39.146484
13.818359 21.091797 39.146484
13.818359 22.205078 39.146484
13.818359 23.318359 39.146484
13.818359 24.431641 39.146484
13.818359 25.544922 39.146484
13.818359 26.658203 39.146484
13.818359 27.771484 39.146484
13.818359 28.884766 39.146484
13.818359 29.998047 39.146484
13.818359 31.111328 39.146484
13.818359 32.224609 39.146484
13.818359 33.337891 39.146484
13.818359 1.052734 40.259766
13.818359 2.166016 40.259766
13.818359 3.279297 40.259766
13.818359 4.392578 40.259766
13.818359 5.505859 40.259766
13.818359 6.619141 40.259766
13.818359 7.732422 40.259766
13.818359 8.845703 40.259766
13.818359 9.958984 40.259766
13.818359 11.072266 40.259766
13.818359 12.185547 40.259766
13.818359 13.298828 40.259766
13.818359 14.412109 40.259766
13.818359 15.525391 40.259766
13.818359 16.638672 40.259766
13.818359 17.751953 40.259766
13.818359 18.865234 40.259766
13.818359 19.978516 40.259766
13.818359 21.091797 40.259766
13.818359 22.205078 40.259766
13.818359 23.318359 40.259766
13.818359 24.431641 40.259766
13.818359 25.544922 40.259766
13.818359 26.658203 40.259766
13.818359 27.771484 40.259766
13.818359 28.884766 40.259766
13.818359 29.998047 40.259766
13.818359 31.111328 40.259766
13.818359 32.224609 40.259766
13.818359 33.337891 40.259766
13.818359 1.052734 41.373047
13.818359 2.166016 41.373047
13.818359 3.279297 41.373047
13.818359 4.392578 41.373047
13.818359 5.505859 41.373047
13.818359 6.619141 41.373047
13.818359 7.732422 41.373047
13.818359 8.845703 41.373047
13.818359 9.958984 41.373047
13.818359 11.072266 41.373047
13.818359 12.185547 41.373047
13.818359 13.298828 41.373047
13.818359 14.412109 41.373047
13.818359 15.525391 41.373047
13.818359 16.638672 41.373047
13.818359 17.751953 41.373047
13.818359 18.865234 41.373047
13.818359 19.978516 41.373047
13.818359 21.091797 41.373047
13.818359 22.205078 41.373047
13.818359 23.318359 41.373047
13.818359 24.431641 41.373047
13.818359 25.544922 41.373047
13.818359 26.658203 41.373047
13.818359 27.771484 41.373047
13.818359 28.884766 41.373047
13.818359 29.998047 41.373047
13.818359 31.111328 41.373047
13.818359 32.224609 41.373047
13.818359 33.337891 41.373047
13.818359 1.052734 42.486328
13.818359 2.166016 42.486328
13.818359 3.279297 42.486328
13.818359 4.392578 42.486328
13.818359 5.505859 42.486328
13.818359 6.619141 42.486328
13.818359 7.732422 42.486328
13.818359 8.845703 42.486328
13.818359 9.958984 42.486328
13.818359 11.072266 42.486328
13.818359 12.185547 42.486328
13.818359 22.205078 42.486328
13.818359 23.318359 42.486328
13.818359 24.431641 42.486328
13.818359 25.544922 42.486328
13.818359 26.658203 42.486328
13.818359 27.771484 42.486328
13.818359 28.884766 42.486328
13.818359 29.998047 42.486328
13.818359 31.111328 42.486328
13.818359 32.224609 42.486328
13.818359 33.337891 42.486328
13.818359 1.052734 43.599609
13.818359 2.166016 43.599609
13.818359 3.279297 43.599609
13.818359 4.392578 43.599609
13.818359 5.505859 43.599609
13.818359 6.619141 43.599609
13.818359 7.732422 43.599609
13.818359 8.845703 43.599609
13.818359 9.958984 43.599609
13.818359 11.072266 43.599609
13.818359 12.185547 43.599609
13.818359 22.205078 43.599609
13.818359 23.318359 43.599609
13.818359 24.431641 43.599609
13.818359 25.544922 43.599609
13.818359 26.658203 43.599609
13.818359 27.771484 43.599609
13.818359 28.884766 43.599609
13.818359 29.998047 43.599609
13.818359 31.111328 43.599609
13.818359 32.224609 43.599609
13.818359 33.337891 43.599609
13.818359 12.185547 44.712891
13.818359 22.205078 44.712891
13.818359 12.185547 45.826172
13.818359 22.205078 45.826172
13.818359 12.185547 46.939453
13.818359 13.298828 46.939453
13.818359 14.412109 46.939453
13.818359 15.525391 46.939453
13.818359 16.638672 46.939453
13.818359 17.751953 46.939453
13.818359 18.865234 46.939453
13.818359 19.978516 46.939453
13.818359 21.091797 46.939453
13.818359 22.205078 46.939453
13.818359 12.185547 48.052734
13.818359 13.298828 48.052734
13.818359 14.412109 48.052734
13.818359 19.978516 48.052734
13.818359 21.091797 48.052734
13.818359 22.205078 48.052734
14.931641 12.185547 41.373047
14.931641 13.298828 41.373047
14.931641 14.412109 41.373047
14.931641 15.525391 41.373047
14.931641 16.638672 41.373047
14.931641 17.751953 41.373047
14.931641 18.865234 41.373047
14.931641 19.978516 41.373047
14.931641 21.091797 41.373047
14.931641 22.205078 41.373047
14.931641 12.185547 42.486328
14.931641 13.298828 42.486328
14.931641 21.091797 42.486328
14.931641 22.205078 42.486328
14.931641 12.185547 43.599609
14.931641 13.298828 43.599609
14.931641 21.091797 43.599609
14.931641 22.205078 43.599609
14.931641 12.185547 44.712891
14.931641 13.298828 44.712891
14.931641 21.091797 44.712891
14.931641 22.205078 44.712891
14.931641 12.185547 45.826172
14.931641 13.298828 45.826172
14.931641 21.091797 45.826172
14.931641 22.205078 45.826172
14.931641 12.185547 46.939453
14.931641 13.298828 46.939453
14.931641 14.412109 46.939453
14.931641 15.525391 46.939453
14.931641 16.638672 46.939453
14.931641 17.751953 46.939453
14.931641 18.865234 46.939453
14.931641 19.978516 46.939453
14.931641 21.091797 46.939453
14.931641 22.205078 46.939453
14.931641 12.185547 48.052734
14.931641 13.298828 48.052734
14.931641 14.412109 48.052734
14.931641 15.525391 48.052734
14.931641 18.865234 48.052734
14.931641 19.978516 48.052734
14.931641 21.091797 48.052734
14.931641 22.205078 48.052734
16.044922 13.298828 41.373047
16.044922 14.412109 41.373047
16.044922 15.525391 41.373047
16.044922 16.638672 41.373047
16.044922 17.751953 41.373047
16.044922 18.865234 41.373047
16.044922 19.978516 41.373047
16.044922 21.091797 41.373047
16.044922 13.298828 42.486328
16.044922 14.412109 42.486328
16.044922 15.525391 42.486328
16.044922 16.638672 42.486328
16.044922 17.751953 42.486328
16.044922 18.865234 42.486328
16.044922 19.978516 42.486328
16.044922 21.091797 42.486328
16.044922 13.298828 43.599609
16.044922 14.412109 43.599609
16.044922 15.525391 43.599609
16.044922 16.638672 43.599609
16.044922 17.751953 43.599609
16.044922 18.865234 43.599609
16.044922 19.978516 43.599609
16.044922 21.091797 43.599609
16.044922 13.298828 44.712891
16.044922 14.412109 44.712891
16.044922 15.525391 44.712891
16.044922 16.638672 44.712891
16.044922 17.751953 44.712891
16.044922 18.865234 44.712891
16.044922 19.978516 44.712891
16.044922 21.091797 44.712891
16.044922 13.298828 45.826172
16.044922 14.412109 45.826172
16.044922 15.525391 45.826172
16.044922 16.638672 45.826172
16.044922 17.751953 45.826172
16.044922 18.865234 45.826172
16.044922 19.978516 45.826172
16.044922 21.091797 45.826172
16.044922 13.298828 46.939453
16.044922 14.412109 46.939453
16.044922 15.525391 46.939453
16.044922 16.638672 46.939453
16.044922 17.751953 46.939453
16.044922 18.865234 46.939453
16.044922 19.978516 46.939453
16.044922 21.091797 46.939453
16.044922 13.298828 48.052734
16.044922 14.412109 48.052734
16.044922 15.525391 48.052734
16.044922 16.638672 48.052734
16.044922 17.751953 48.052734
16.044922 18.865234 48.052734
16.044922 19.978516 48.052734
16.044922 21.091797 48.052734
