53.896484 13.298828 41.373047
53.896484 14.412109 41.373047
53.896484 15.525391 41.373047
53.896484 16.638672 41.373047
53.896484 17.751953 41.373047
53.896484 18.865234 41.373047
53.896484 19.978516 41.373047
53.896484 21.091797 41.373047
53.896484 13.298828 42.486328
53.896484 14.412109 42.486328
53.896484 15.525391 42.486328
53.896484 16.638672 42.486328
53.896484 17.751953 42.486328
53.896484 18.865234 42.486328
53.896484 19.978516 42.486328
53.896484 21.091797 42.486328
53.896484 13.298828 43.599609
53.896484 14.412109 43.599609
53.896484 15.525391 43.599609
53.896484 16.638672 43.599609
53.896484 17.751953 43.599609
53.896484 18.865234 43.599609
53.896484 19.978516 43.599609
53.896484 21.091797 43.599609
53.896484 13.298828 44.712891
53.896484 14.412109 44.712891
53.896484 15.525391 44.712891
53.896484 16.638672 44.712891
53.896484 17.751953 44.712891
53.896484 18.865234 44.712891
53.896484 19.978516 44.712891
53.896484 21.091797 44.712891
53.896484 13.298828 45.826172
53.896484 14.412109 45.826172
53.896484 15.525391 45.826172
53.896484 16.638672 45.826172
53.896484 17.751953 45.826172
53.896484 18.865234 45.826172
53.896484 19.978516 45.826172
53.896484 21.091797 45.826172
53.896484 13.298828 46.939453
53.896484 14.412109 46.939453
53.896484 15.525391 46.939453
53.896484 16.638672 46.939453
53.896484 17.751953 46.939453
53.896484 18.865234 46.939453
53.896484 19.978516 46.939453
53.896484 21.091797 46.939453
53.896484 13.298828 48.052734
53.896484 14.412109 48.052734
53.896484 15.525391 48.052734
53.896484 16.638672 48.052734
53.896484 17.751953 48.052734
53.896484 18.865234 48.052734
53.896484 19.978516 48.052734
53.896484 21.091797 48.052734
55.009766 12.185547 41.373047
55.009766 13.298828 41.373047
55.009766 14.412109 41.373047
55.009766 15.525391 41.373047
55.009766 16.638672 41.373047
55.009766 17.751953 41.373047
55.009766 18.865234 41.373047
55.009766 19.978516 41.373047
55.009766 21.091797 41.373047
55.009766 22.205078 41.373047
55.009766 12.185547 42.486328
55.009766 13.298828 42.486328
55.009766 21.091797 42.486328
55.009766 22.205078 42.486328
55.009766 12.185547 43.599609
55.009766 13.298828 43.599609
55.009766 21.091797 43.599609
55.009766 22.205078 43.599609
55.009766 12.185547 44.712891
55.009766 13.298828 44.712891
55.009766 21.091797 44.712891
55.009766 22.205078 44.712891
55.009766 12.185547 45.826172
55.009766 13.298828 45.826172
55.009766 21.091797 45.826172
55.009766 22.205078 45.826172
55.009766 12.185547 46.939453
55.009766 13.298828 46.939453
55.009766 14.412109 46.939453
55.009766 15.525391 46.939453
55.009766 16.638672 46.939453
55.009766 17.751953 46.939453
55.009766 18.865234 46.939453
55.009766 19.978516 46.939453
55.009766 21.091797 46.939453
55.009766 22.205078 46.939453
55.009766 12.185547 48.052734
55.009766 13.298828 48.052734
55.009766 14.412109 48.052734
55.009766 15.525391 48.052734
55.009766 18.865234 48.052734
55.009766 19.978516 48.052734
55.009766 21.091797 48.052734
55.009766 22.205078 48.052734
56.123047 2.166016 23.560547
56.123047 3.279297 23.560547
56.123047 4.392578 23.560547
56.123047 5.505859 23.560547
56.123047 6.619141 23.560547
56.123047 7.732422 23.560547
56.123047 8.845703 23.560547
56.123047 9.958984 23.560547
56.123047 24.431641 23.560547
56.123047 25.544922 23.560547
56.123047 26.658203 23.560547
56.123047 27.771484 23.560547
56.123047 28.884766 23.560547
56.123047 29.998047 23.560547
56.123047 31.111328 23.560547
56.123047 32.224609 23.560547
56.123047 1.052734 24.673828
56.123047 2.166016 24.673828
56.123047 3.279297 24.673828
56.123047 4.392578 24.673828
56.123047 5.505859 24.673828
56.123047 6.619141 24.673828
56.123047 7.732422 24.673828
56.123047 8.845703 24.673828
56.123047 9.958984 24.673828
56.123047 11.072266 24.673828
56.123047 23.318359 24.673828
56.123047 24.431641 24.673828
56.123047 25.544922 24.673828
56.123047 26.658203 24.673828
56.123047 27.771484 24.673828
56.123047 28.884766 24.673828
56.123047 29.998047 24.673828
56.123047 31.111328 24.673828
56.123047 32.224609 24.673828
56.123047 33.337891 24.673828
56.123047 1.052734 25.787109
56.123047 2.166016 25.787109
56.123047 3.279297 25.787109
56.123047 4.392578 25.787109
56.123047 5.505859 25.787109
56.123047 6.619141 25.787109
56.123047 7.732422 25.787109
56.123047 8.845703 25.787109
56.123047 9.958984 25.787109
56.123047 11.072266 25.787109
56.123047 12.185547 25.787109
56.123047 22.205078 25.787109
56.123047 23.318359 25.787109
56.123047 24.431641 25.787109
56.123047 25.544922 25.787109
56.123047 26.658203 25.787109
56.123047 27.771484 25.787109
56.123047 28.884766 25.787109
56.123047 29.998047 25.787109
56.123047 31.111328 25.787109
56.123047 32.224609 25.787109
56.123047 33.337891 25.787109
56.123047 1.052734 26.900391
56.123047 2.166016 26.900391
56.123047 3.279297 26.900391
56.123047 4.392578 26.900391
56.123047 5.505859 26.900391
56.123047 6.619141 26.900391
56.123047 7.732422 26.900391
56.123047 8.845703 26.900391
56.123047 9.958984 26.900391
56.123047 11.072266 26.900391
56.123047 12.185547 26.900391
56.123047 22.205078 26.900391
56.123047 23.318359 26.900391
56.123047 24.431641 26.900391
56.123047 25.544922 26.900391
56.123047 26.658203 26.900391
56.123047 27.771484 26.900391
56.123047 28.884766 26.900391
56.123047 29.998047 26.900391
56.123047 31.111328 26.900391
56.123047 32.224609 26.900391
56.123047 33.337891 26.900391
56.123047 1.052734 28.013672
56.123047 2.166016 28.013672
56.123047 3.279297 28.013672
56.123047 4.392578 28.013672
56.123047 5.505859 28.013672
56.123047 6.619141 28.013672
56.123047 7.732422 28.013672
56.123047 8.845703 28.013672
56.123047 9.958984 28.013672
56.123047 11.072266 28.013672
56.123047 12.185547 28.013672
56.123047 22.205078 28.013672
56.123047 23.318359 28.013672
56.123047 24.431641 28.013672
56.123047 25.544922 28.013672
56.123047 26.658203 28.013672
56.123047 27.771484 28.013672
56.123047 28.884766 28.013672
56.123047 29.998047 28.013672
56.123047 31.111328 28.013672
56.123047 32.224609 28.013672
56.123047 33.337891 28.013672
56.123047 1.052734 29.126953
56.123047 2.166016 29.126953
56.123047 3.279297 29.126953
56.123047 4.392578 29.126953
56.123047 5.505859 29.126953
56.123047 6.619141 29.126953
56.123047 7.732422 29.126953
56.123047 8.845703 29.126953
56.123047 9.958984 29.126953
56.123047 11.072266 29.126953
56.123047 12.185547 29.126953
56.123047 22.205078 29.126953
56.123047 23.318359 29.126953
56.123047 24.431641 29.126953
56.123047 25.544922 29.126953
56.123047 26.658203 29.126953
56.123047 27.771484 29.126953
56.123047 28.884766 29.126953
56.123047 29.998047 29.126953
56.123047 31.111328 29.126953
56.123047 32.224609 29.126953
56.123047 33.337891 29.126953
56.123047 1.052734 30.240234
56.123047 2.166016 30.240234
56.123047 3.279297 30.240234
56.123047 4.392578 30.240234
56.123047 5.505859 30.240234
56.123047 6.619141 30.240234
56.123047 7.732422 30.240234
56.123047 8.845703 30.240234
56.123047 9.958984 30.240234
56.123047 11.072266 30.240234
56.123047 12.185547 30.240234
56.123047 22.205078 30.240234
56.123047 23.318359 30.240234
56.123047 24.431641 30.240234
56.123047 25.544922 30.240234
56.123047 26.658203 30.240234
56.123047 27.771484 30.240234
56.123047 28.884766 30.240234
56.123047 29.998047 30.240234
56.123047 31.111328 30.240234
56.123047 32.224609 30.240234
56.123047 33.337891 30.240234
56.123047 1.052734 31.353516
56.123047 2.166016 31.353516
56.123047 3.279297 31.353516
56.123047 4.392578 31.353516
56.123047 5.505859 31.353516
56.123047 6.619141 31.353516
56.123047 7.732422 31.353516
56.123047 8.845703 31.353516
56.123047 9.958984 31.353516
56.123047 11.072266 31.353516
56.123047 12.185547 31.353516
56.123047 22.205078 31.353516
56.123047 23.318359 31.353516
56.123047 24.431641 31.353516
56.123047 25.544922 31.353516
56.123047 26.658203 31.353516
56.123047 27.771484 31.353516
56.123047 28.884766 31.353516
56.123047 29.998047 31.353516
56.123047 31.111328 31.353516
56.123047 32.224609 31.353516
56.123047 33.337891 31.353516
56.123047 1.052734 32.466797
56.123047 2.166016 32.466797
56.123047 3.279297 32.466797
56.123047 4.392578 32.466797
56.123047 5.505859 32.466797
56.123047 6.619141 32.466797
56.123047 7.732422 32.466797
56.123047 8.845703 32.466797
56.123047 9.958984 32.466797
56.123047 11.072266 32.466797
56.123047 12.185547 32.466797
56.123047 22.205078 32.466797
56.123047 23.318359 32.466797
56.123047 24.431641 32.466797
56.123047 25.544922 32.466797
56.123047 26.658203 32.466797
56.123047 27.771484 32.466797
56.123047 28.884766 32.466797
56.123047 29.998047 32.466797
56.123047 31.111328 32.466797
56.123047 32.224609 32.466797
56.123047 33.337891 32.466797
56.123047 2.166016 33.580078
56.123047 3.279297 33.580078
56.123047 4.392578 33.580078
56.123047 5.505859 33.580078
56.123047 6.619141 33.580078
56.123047 7.732422 33.580078
56.123047 8.845703 33.580078
56.123047 9.958984 33.580078
56.123047 11.072266 33.580078
56.123047 23.318359 33.580078
56.123047 24.431641 33.580078
56.123047 25.544922 33.580078
56.123047 26.658203 33.580078
56.123047 27.771484 33.580078
56.123047 28.884766 33.580078
56.123047 29.998047 33.580078
56.123047 31.111328 33.580078
56.123047 32.224609 33.580078
56.123047 33.337891 33.580078
56.123047 1.052734 34.693359
56.123047 2.166016 34.693359
56.123047 3.279297 34.693359
56.123047 4.392578 34.693359
56.123047 5.505859 34.693359
56.123047 6.619141 34.693359
56.123047 7.732422 34.693359
56.123047 8.845703 34.693359
56.123047 9.958984 34.693359
56.123047 11.072266 34.693359
56.123047 23.318359 34.693359
56.123047 24.431641 34.693359
56.123047 25.544922 34.693359
56.123047 26.658203 34.693359
56.123047 27.771484 34.693359
56.123047 28.884766 34.693359
56.123047 29.998047 34.693359
56.123047 31.111328 34.693359
56.123047 32.224609 34.693359
56.123047 33.337891 34.693359
56.123047 1.052734 35.806641
56.123047 2.166016 35.806641
56.123047 3.279297 35.806641
56.123047 5.505859 35.806641
56.123047 6.619141 35.806641
56.123047 7.732422 35.806641
56.123047 8.845703 35.806641
56.123047 9.958984 35.806641
56.123047 11.072266 35.806641
56.123047 12.185547 35.806641
56.123047 13.298828 35.806641
56.123047 14.412109 35.806641
56.123047 15.525391 35.806641
56.123047 16.638672 35.806641
56.123047 17.751953 35.806641
56.123047 18.865234 35.806641
56.123047 19.978516 35.806641
56.123047 21.091797 35.806641
56.123047 22.205078 35.806641
56.123047 23.318359 35.806641
56.123047 24.431641 35.806641
56.123047 25.544922 35.806641
56.123047 26.658203 35.806641
56.123047 27.771484 35.806641
56.123047 28.884766 35.806641
56.123047 29.998047 35.806641
56.123047 31.111328 35.806641
56.123047 32.224609 35.806641
56.123047 33.337891 35.806641
56.123047 1.052734 36.919922
56.123047 2.166016 36.919922
56.123047 3.279297 36.919922
56.123047 5.505859 36.919922
56.123047 6.619141 36.919922
56.123047 7.732422 36.919922
56.123047 8.845703 36.919922
56.123047 9.958984 36.919922
56.123047 11.072266 36.919922
56.123047 12.185547 36.919922
56.123047 13.298828 36.919922
56.123047 14.412109 36.919922
56.123047 15.525391 36.919922
56.123047 16.638672 36.919922
56.123047 17.751953 36.919922
56.123047 18.865234 36.919922
56.123047 19.978516 36.919922
56.123047 21.091797 36.919922
56.123047 22.205078 36.919922
56.123047 23.318359 36.919922
56.123047 24.431641 36.919922
56.123047 25.544922 36.919922
56.123047 26.658203 36.919922
56.123047 27.771484 36.919922
56.123047 28.884766 36.919922
56.123047 31.111328 36.919922
56.123047 32.224609 36.919922
56.123047 33.337891 36.919922
56.123047 1.052734 38.033203
56.123047 2.166016 38.033203
56.123047 3.279297 38.033203
56.123047 4.392578 38.033203
56.123047 5.505859 38.033203
56.123047 6.619141 38.033203
56.123047 7.732422 38.033203
56.123047 8.845703 38.033203
56.123047 9.958984 38.033203
56.123047 11.072266 38.033203
56.123047 12.185547 38.033203
56.123047 13.298828 38.033203
56.123047 14.412109 38.033203
56.123047 15.525391 38.033203
56.123047 16.638672 38.033203
56.123047 17.751953 38.033203
56.123047 18.865234 38.033203
56.123047 19.978516 38.033203
56.123047 21.091797 38.033203
56.123047 22.205078 38.033203
56.123047 23.318359 38.033203
56.123047 24.431641 38.033203
56.123047 25.544922 38.033203
56.123047 26.658203 38.033203
56.123047 27.771484 38.033203
56.123047 28.884766 38.033203
56.123047 29.998047 38.033203
56.123047 31.111328 38.033203
56.123047 32.224609 38.033203
56.123047 33.337891 38.033203
56.123047 1.052734 39.146484
56.123047 2.166016 39.146484
56.123047 3.279297 39.146484
56.123047 4.392578 39.146484
56.123047 5.505859 39.146484
56.123047 6.619141 39.146484
56.123047 7.732422 39.146484
56.123047 8.845703 39.146484
56.123047 9.958984 39.146484
56.123047 11.072266 39.146484
56.123047 12.185547 39.146484
56.123047 13.298828 39.146484
56.123047 14.412109 39.146484
56.123047 15.525391 39.146484
56.123047 16.638672 39.146484
56.123047 17.751953 39.146484
56.123047 18.865234 39.146484
56.123047 19.978516 39.146484
56.123047 21.091797 39.146484
56.123047 22.205078 39.146484
56.123047 23.318359 39.146484
56.123047 24.431641 39.146484
56.123047 25.544922 39.146484
56.123047 26.658203 39.146484
56.123047 27.771484 39.146484
56.123047 28.884766 39.146484
56.123047 29.998047 39.146484
56.123047 31.111328 39.146484
56.123047 32.224609 39.146484
56.123047 33.337891 39.146484
56.123047 1.052734 40.259766
56.123047 2.166016 40.259766
56.123047 3.279297 40.259766
56.123047 4.392578 40.259766
56.123047 5.505859 40.259766
56.123047 6.619141 40.259766
56.123047 7.732422 40.259766
56.123047 8.845703 40.259766
56.123047 9.958984 40.259766
56.123047 11.072266 40.259766
56.123047 12.185547 40.259766
56.123047 13.298828 40.259766
56.123047 14.412109 40.259766
56.123047 15.525391 40.259766
56.123047 16.638672 40.259766
56.123047 17.751953 40.259766
56.123047 18.865234 40.259766
56.123047 19.978516 40.259766
56.123047 21.091797 40.259766
56.123047 22.205078 40.259766
56.123047 23.318359 40.259766
56.123047 24.431641 40.259766
56.123047 25.544922 40.259766
56.123047 26.658203 40.259766
56.123047 27.771484 40.259766
56.123047 28.884766 40.259766
56.123047 29.998047 40.259766
56.123047 31.111328 40.259766
56.123047 32.224609 40.259766
56.123047 33.337891 40.259766
56.123047 1.052734 41.373047
56.123047 2.166016 41.373047
56.123047 3.279297 41.373047
56.123047 4.392578 41.373047
56.123047 5.505859 41.373047
56.123047 6.619141 41.373047
56.123047 7.732422 41.373047
56.123047 8.845703 41.373047
56.123047 9.958984 41.373047
56.123047 11.072266 41.373047
56.123047 12.185547 41.373047
56.123047 13.298828 41.373047
56.123047 14.412109 41.373047
56.123047 15.525391 41.373047
56.123047 16.638672 41.373047
56.123047 17.751953 41.373047
56.123047 18.865234 41.373047
56.123047 19.978516 41.373047
56.123047 21.091797 41.373047
56.123047 22.205078 41.373047
56.123047 23.318359 41.373047
56.123047 24.431641 41.373047
56.123047 25.544922 41.373047
56.123047 26.658203 41.373047
56.123047 27.771484 41.373047
56.123047 28.884766 41.373047
56.123047 29.998047 41.373047
56.123047 31.111328 41.373047
56.123047 32.224609 41.373047
56.123047 33.337891 41.373047
56.123047 1.052734 42.486328
56.123047 2.166016 42.486328
56.123047 3.279297 42.486328
56.123047 4.392578 42.486328
56.123047 5.505859 42.486328
56.123047 6.619141 42.486328
56.123047 7.732422 42.486328
56.123047 8.845703 42.486328
56.123047 9.958984 42.486328
56.123047 11.072266 42.486328
56.123047 12.185547 42.486328
56.123047 22.205078 42.486328
56.123047 23.318359 42.486328
56.123047 24.431641 42.486328
56.123047 25.544922 42.486328
56.123047 26.658203 42.486328
56.123047 27.771484 42.486328
56.123047 28.884766 42.486328
56.123047 29.998047 42.486328
56.123047 31.111328 42.486328
56.123047 32.224609 42.486328
56.123047 33.337891 42.486328
56.123047 1.052734 43.599609
56.123047 2.166016 43.599609
56.123047 3.279297 43.599609
56.123047 4.392578 43.599609
56.123047 5.505859 43.599609
56.123047 6.619141 43.599609
56.123047 7.732422 43.599609
56.123047 8.845703 43.599609
56.123047 9.958984 43.599609
56.123047 11.072266 43.599609
56.123047 12.185547 43.599609
56.123047 22.205078 43.599609
56.123047 23.318359 43.599609
56.123047 24.431641 43.599609
56.123047 25.544922 43.599609
56.123047 26.658203 43.599609
56.123047 27.771484 43.599609
56.123047 28.884766 43.599609
56.123047 29.998047 43.599609
56.123047 31.111328 43.599609
56.123047 32.224609 43.599609
56.123047 33.337891 43.599609
56.123047 12.185547 44.712891
56.123047 22.205078 44.712891
56.123047 12.185547 45.826172
56.123047 22.205078 45.826172
56.123047 12.185547 46.939453
56.123047 13.298828 46.939453
56.123047 14.412109 46.939453
56.123047 15.525391 46.939453
56.123047 16.638672 46.939453
56.123047 17.751953 46.939453
56.123047 18.865234 46.939453
56.123047 19.978516 46.939453
56.123047 21.091797 46.939453
56.123047 22.205078 46.939453
56.123047 12.185547 48.052734
56.123047 13.298828 48.052734
56.123047 14.412109 48.052734
56.123047 19.978516 48.052734
56.123047 21.091797 48.052734
56.123047 22.205078 48.052734
57.236328 2.166016 23.560547
57.236328 3.279297 23.560547
57.236328 4.392578 23.560547
57.236328 5.505859 23.560547
57.236328 6.619141 23.560547
57.236328 7.732422 23.560547
57.236328 8.845703 23.560547
57.236328 9.958984 23.560547
57.236328 24.431641 23.560547
57.236328 25.544922 23.560547
57.236328 26.658203 23.560547
57.236328 27.771484 23.560547
57.236328 28.884766 23.560547
57.236328 29.998047 23.560547
57.236328 31.111328 23.560547
57.236328 32.224609 23.560547
57.236328 1.052734 24.673828
57.236328 2.166016 24.673828
57.236328 9.958984 24.673828
57.236328 11.072266 24.673828
57.236328 23.318359 24.673828
57.236328 24.431641 24.673828
57.236328 32.224609 24.673828
57.236328 33.337891 24.673828
57.236328 1.052734 25.787109
57.236328 11.072266 25.787109
57.236328 12.185547 25.787109
57.236328 22.205078 25.787109
57.236328 23.318359 25.787109
57.236328 33.337891 25.787109
57.236328 1.052734 26.900391
57.236328 12.185547 26.900391
57.236328 22.205078 26.900391
57.236328 33.337891 26.900391
57.236328 1.052734 28.013672
57.236328 12.185547 28.013672
57.236328 22.205078 28.013672
57.236328 33.337891 28.013672
57.236328 1.052734 29.126953
57.236328 12.185547 29.126953
57.236328 22.205078 29.126953
57.236328 33.337891 29.126953
57.236328 1.052734 30.240234
57.236328 12.185547 30.240234
57.236328 22.205078 30.240234
57.236328 33.337891 30.240234
57.236328 1.052734 31.353516
57.236328 12.185547 31.353516
57.236328 22.205078 31.353516
57.236328 33.337891 31.353516
57.236328 1.052734 32.466797
57.236328 2.166016 32.466797
57.236328 11.072266 32.466797
57.236328 12.185547 32.466797
57.236328 22.205078 32.466797
57.236328 23.318359 32.466797
57.236328 24.431641 32.466797
57.236328 33.337891 32.466797
57.236328 2.166016 33.580078
57.236328 11.072266 33.580078
57.236328 23.318359 33.580078
57.236328 24.431641 33.580078
57.236328 33.337891 33.580078
57.236328 1.052734 34.693359
57.236328 2.166016 34.693359
57.236328 3.279297 34.693359
57.236328 4.392578 34.693359
57.236328 5.505859 34.693359
57.236328 11.072266 34.693359
57.236328 23.318359 34.693359
57.236328 28.884766 34.693359
57.236328 29.998047 34.693359
57.236328 31.111328 34.693359
57.236328 33.337891 34.693359
57.236328 1.052734 35.806641
57.236328 3.279297 35.806641
57.236328 5.505859 35.806641
57.236328 11.072266 35.806641
57.236328 12.185547 35.806641
57.236328 13.298828 35.806641
57.236328 14.412109 35.806641
57.236328 15.525391 35.806641
57.236328 16.638672 35.806641
57.236328 17.751953 35.806641
57.236328 18.865234 35.806641
57.236328 19.978516 35.806641
57.236328 21.091797 35.806641
57.236328 22.205078 35.806641
57.236328 23.318359 35.806641
57.236328 28.884766 35.806641
57.236328 29.998047 35.806641
57.236328 31.111328 35.806641
57.236328 32.224609 35.806641
57.236328 33.337891 35.806641
57.236328 1.052734 36.919922
57.236328 3.279297 36.919922
57.236328 5.505859 36.919922
57.236328 28.884766 36.919922
57.236328 31.111328 36.919922
57.236328 32.224609 36.919922
57.236328 33.337891 36.919922
57.236328 1.052734 38.033203
57.236328 3.279297 38.033203
57.236328 4.392578 38.033203
57.236328 5.505859 38.033203
57.236328 28.884766 38.033203
57.236328 29.998047 38.033203
57.236328 31.111328 38.033203
57.236328 33.337891 38.033203
57.236328 1.052734 39.146484
57.236328 33.337891 39.146484
57.236328 1.052734 40.259766
57.236328 33.337891 40.259766
57.236328 1.052734 41.373047
57.236328 33.337891 41.373047
57.236328 1.052734 42.486328
57.236328 33.337891 42.486328
57.236328 1.052734 43.599609
57.236328 2.166016 43.599609
57.236328 3.279297 43.599609
57.236328 4.392578 43.599609
57.236328 5.505859 43.599609
57.236328 6.619141 43.599609
57.236328 7.732422 43.599609
57.236328 8.845703 43.599609
57.236328 9.958984 43.599609
57.236328 11.072266 43.599609
57.236328 12.185547 43.599609
57.236328 22.205078 43.599609
57.236328 23.318359 43.599609
57.236328 24.431641 43.599609
57.236328 25.544922 43.599609
57.236328 26.658203 43.599609
57.236328 27.771484 43.599609
57.236328 28.884766 43.599609
57.236328 29.998047 43.599609
57.236328 31.111328 43.599609
57.236328 32.224609 43.599609
57.236328 33.337891 43.599609
57.236328 12.185547 44.712891
57.236328 22.205078 44.712891
57.236328 12.185547 45.826172
57.236328 22.205078 45.826172
57.236328 12.185547 46.939453
57.236328 13.298828 46.939453
57.236328 14.412109 46.939453
57.236328 15.525391 46.939453
57.236328 16.638672 46.939453
57.236328 17.751953 46.939453
57.236328 18.865234 46.939453
57.236328 19.978516 46.939453
57.236328 21.091797 46.939453
57.236328 22.205078 46.939453
57.236328 12.185547 48.052734
57.236328 13.298828 48.052734
57.236328 21.091797 48.052734
57.236328 22.205078 48.052734
58.349609 2.166016 23.560547
58.349609 3.279297 23.560547
58.349609 4.392578 23.560547
58.349609 5.505859 23.560547
58.349609 6.619141 23.560547
58.349609 7.732422 23.560547
58.349609 8.845703 23.560547
58.349609 9.958984 23.560547
58.349609 24.431641 23.560547
58.349609 25.544922 23.560547
58.349609 26.658203 23.560547
58.349609 27.771484 23.560547
58.349609 28.884766 23.560547
58.349609 29.998047 23.560547
58.349609 31.111328 23.560547
58.349609 32.224609 23.560547
58.349609 1.052734 24.673828
58.349609 2.166016 24.673828
58.349609 9.958984 24.673828
58.349609 11.072266 24.673828
58.349609 23.318359 24.673828
58.349609 24.431641 24.673828
58.349609 32.224609 24.673828
58.349609 33.337891 24.673828
58.349609 1.052734 25.787109
58.349609 11.072266 25.787109
58.349609 12.185547 25.787109
58.349609 22.205078 25.787109
58.349609 23.318359 25.787109
58.349609 33.337891 25.787109
58.349609 1.052734 26.900391
58.349609 12.185547 26.900391
58.349609 22.205078 26.900391
58.349609 33.337891 26.900391
58.349609 1.052734 28.013672
58.349609 12.185547 28.013672
58.349609 22.205078 28.013672
58.349609 33.337891 28.013672
58.349609 1.052734 29.126953
58.349609 12.185547 29.126953
58.349609 22.205078 29.126953
58.349609 33.337891 29.126953
58.349609 1.052734 30.240234
58.349609 12.185547 30.240234
58.349609 22.205078 30.240234
58.349609 33.337891 30.240234
58.349609 1.052734 31.353516
58.349609 12.185547 31.353516
58.349609 22.205078 31.353516
58.349609 33.337891 31.353516
58.349609 1.052734 32.466797
58.349609 2.166016 32.466797
58.349609 11.072266 32.466797
58.349609 12.185547 32.466797
58.349609 22.205078 32.466797
58.349609 23.318359 32.466797
58.349609 24.431641 32.466797
58.349609 33.337891 32.466797
58.349609 2.166016 33.580078
58.349609 11.072266 33.580078
58.349609 23.318359 33.580078
58.349609 24.431641 33.580078
58.349609 33.337891 33.580078
58.349609 1.052734 34.693359
58.349609 2.166016 34.693359
58.349609 3.279297 34.693359
58.349609 4.392578 34.693359
58.349609 5.505859 34.693359
58.349609 11.072266 34.693359
58.349609 23.318359 34.693359
58.349609 28.884766 34.693359
58.349609 29.998047 34.693359
58.349609 31.111328 34.693359
58.349609 33.337891 34.693359
58.349609 1.052734 35.806641
58.349609 3.279297 35.806641
58.349609 5.505859 35.806641
58.349609 11.072266 35.806641
58.349609 12.185547 35.806641
58.349609 13.298828 35.806641
58.349609 14.412109 35.806641
58.349609 15.525391 35.806641
58.349609 16.638672 35.806641
58.349609 17.751953 35.806641
58.349609 18.865234 35.806641
58.349609 19.978516 35.806641
58.349609 21.091797 35.806641
58.349609 22.205078 35.806641
58.349609 23.318359 35.806641
58.349609 28.884766 35.806641
58.349609 29.998047 35.806641
58.349609 31.111328 35.806641
58.349609 32.224609 35.806641
58.349609 33.337891 35.806641
58.349609 1.052734 36.919922
58.349609 3.279297 36.919922
58.349609 5.505859 36.919922
58.349609 28.884766 36.919922
58.349609 31.111328 36.919922
58.349609 32.224609 36.919922
58.349609 33.337891 36.919922
58.349609 1.052734 38.033203
58.349609 3.279297 38.033203
58.349609 4.392578 38.033203
58.349609 5.505859 38.033203
58.349609 28.884766 38.033203
58.349609 29.998047 38.033203
58.349609 31.111328 38.033203
58.349609 33.337891 38.033203
58.349609 1.052734 39.146484
58.349609 16.638672 39.146484
58.349609 17.751953 39.146484
58.349609 18.865234 39.146484
58.349609 33.337891 39.146484
58.349609 1.052734 40.259766
58.349609 16.638672 40.259766
58.349609 17.751953 40.259766
58.349609 18.865234 40.259766
58.349609 33.337891 40.259766
58.349609 1.052734 41.373047
58.349609 16.638672 41.373047
58.349609 17.751953 41.373047
58.349609 18.865234 41.373047
58.349609 33.337891 41.373047
58.349609 1.052734 42.486328
58.349609 33.337891 42.486328
58.349609 1.052734 43.599609
58.349609 2.166016 43.599609
58.349609 3.279297 43.599609
58.349609 4.392578 43.599609
58.349609 5.505859 43.599609
58.349609 6.619141 43.599609
58.349609 7.732422 43.599609
58.349609 8.845703 43.599609
58.349609 9.958984 43.599609
58.349609 11.072266 43.599609
58.349609 12.185547 43.599609
58.349609 22.205078 43.599609
58.349609 23.318359 43.599609
58.349609 24.431641 43.599609
58.349609 25.544922 43.599609
58.349609 26.658203 43.599609
58.349609 27.771484 43.599609
58.349609 28.884766 43.599609
58.349609 29.998047 43.599609
58.349609 31.111328 43.599609
58.349609 32.224609 43.599609
58.349609 33.337891 43.599609
58.349609 12.185547 44.712891
58.349609 22.205078 44.712891
58.349609 12.185547 45.826172
58.349609 22.205078 45.826172
58.349609 12.185547 46.939453
58.349609 13.298828 46.939453
58.349609 14.412109 46.939453
58.349609 15.525391 46.939453
58.349609 16.638672 46.939453
58.349609 17.751953 46.939453
58.349609 18.865234 46.939453
58.349609 19.978516 46.939453
58.349609 21.091797 46.939453
58.349609 22.205078 46.939453
58.349609 12.185547 48.052734
58.349609 13.298828 48.052734
58.349609 21.091797 48.052734
58.349609 22.205078 48.052734
59.462891 2.166016 23.560547
59.462891 3.279297 23.560547
59.462891 4.392578 23.560547
59.462891 5.505859 23.560547
59.462891 6.619141 23.560547
59.462891 7.732422 23.560547
59.462891 8.845703 23.560547
59.462891 9.958984 23.560547
59.462891 24.431641 23.560547
59.462891 25.544922 23.560547
59.462891 26.658203 23.560547
59.462891 27.771484 23.560547
59.462891 28.884766 23.560547
59.462891 29.998047 23.560547
59.462891 31.111328 23.560547
59.462891 32.224609 23.560547
59.462891 1.052734 24.673828
59.462891 2.166016 24.673828
59.462891 9.958984 24.673828
59.462891 11.072266 24.673828
59.462891 23.318359 24.673828
59.462891 24.431641 24.673828
59.462891 32.224609 24.673828
59.462891 33.337891 24.673828
59.462891 1.052734 25.787109
59.462891 11.072266 25.787109
59.462891 12.185547 25.787109
59.462891 22.205078 25.787109
59.462891 23.318359 25.787109
59.462891 33.337891 25.787109
59.462891 1.052734 26.900391
59.462891 12.185547 26.900391
59.462891 22.205078 26.900391
59.462891 33.337891 26.900391
59.462891 1.052734 28.013672
59.462891 12.185547 28.013672
59.462891 22.205078 28.013672
59.462891 33.337891 28.013672
59.462891 1.052734 29.126953
59.462891 12.185547 29.126953
59.462891 22.205078 29.126953
59.462891 33.337891 29.126953
59.462891 1.052734 30.240234
59.462891 12.185547 30.240234
59.462891 22.205078 30.240234
59.462891 33.337891 30.240234
59.462891 1.052734 31.353516
59.462891 12.185547 31.353516
59.462891 22.205078 31.353516
59.462891 33.337891 31.353516
59.462891 1.052734 32.466797
59.462891 2.166016 32.466797
59.462891 11.072266 32.466797
59.462891 12.185547 32.466797
59.462891 22.205078 32.466797
59.462891 23.318359 32.466797
59.462891 24.431641 32.466797
59.462891 33.337891 32.466797
59.462891 2.166016 33.580078
59.462891 11.072266 33.580078
59.462891 23.318359 33.580078
59.462891 24.431641 33.580078
59.462891 33.337891 33.580078
59.462891 1.052734 34.693359
59.462891 2.166016 34.693359
59.462891 3.279297 34.693359
59.462891 4.392578 34.693359
59.462891 5.505859 34.693359
59.462891 11.072266 34.693359
59.462891 23.318359 34.693359
59.462891 28.884766 34.693359
59.462891 29.998047 34.693359
59.462891 31.111328 34.693359
59.462891 33.337891 34.693359
59.462891 1.052734 35.806641
59.462891 3.279297 35.806641
59.462891 5.505859 35.806641
59.462891 11.072266 35.806641
59.462891 12.185547 35.806641
59.462891 13.298828 35.806641
59.462891 14.412109 35.806641
59.462891 15.525391 35.806641
59.462891 16.638672 35.806641
59.462891 17.751953 35.806641
59.462891 18.865234 35.806641
59.462891 19.978516 35.806641
59.462891 21.091797 35.806641
59.462891 22.205078 35.806641
59.462891 23.318359 35.806641
59.462891 28.884766 35.806641
59.462891 29.998047 35.806641
59.462891 31.111328 35.806641
59.462891 32.224609 35.806641
59.462891 33.337891 35.806641
59.462891 1.052734 36.919922
59.462891 3.279297 36.919922
59.462891 5.505859 36.919922
59.462891 28.884766 36.919922
59.462891 31.111328 36.919922
59.462891 32.224609 36.919922
59.462891 33.337891 36.919922
59.462891 1.052734 38.033203
59.462891 3.279297 38.033203
59.462891 4.392578 38.033203
59.462891 5.505859 38.033203
59.462891 28.884766 38.033203
59.462891 29.998047 38.033203
59.462891 31.111328 38.033203
59.462891 33.337891 38.033203
59.462891 1.052734 39.146484
59.462891 2.166016 39.146484
59.462891 3.279297 39.146484
59.462891 4.392578 39.146484
59.462891 5.505859 39.146484
59.462891 16.638672 39.146484
59.462891 17.751953 39.146484
59.462891 18.865234 39.146484
59.462891 28.884766 39.146484
59.462891 29.998047 39.146484
59.462891 31.111328 39.146484
59.462891 32.224609 39.146484
59.462891 33.337891 39.146484
59.462891 1.052734 40.259766
59.462891 2.166016 40.259766
59.462891 3.279297 40.259766
59.462891 4.392578 40.259766
59.462891 5.505859 40.259766
59.462891 16.638672 40.259766
59.462891 17.751953 40.259766
59.462891 18.865234 40.259766
59.462891 28.884766 40.259766
59.462891 29.998047 40.259766
59.462891 31.111328 40.259766
59.462891 32.224609 40.259766
59.462891 33.337891 40.259766
59.462891 1.052734 41.373047
59.462891 2.166016 41.373047
59.462891 3.279297 41.373047
59.462891 4.392578 41.373047
59.462891 5.505859 41.373047
59.462891 16.638672 41.373047
59.462891 17.751953 41.373047
59.462891 18.865234 41.373047
59.462891 28.884766 41.373047
59.462891 29.998047 41.373047
59.462891 31.111328 41.373047
59.462891 32.224609 41.373047
59.462891 33.337891 41.373047
59.462891 1.052734 42.486328
59.462891 33.337891 42.486328
59.462891 1.052734 43.599609
59.462891 2.166016 43.599609
59.462891 3.279297 43.599609
59.462891 4.392578 43.599609
59.462891 5.505859 43.599609
59.462891 6.619141 43.599609
59.462891 7.732422 43.599609
59.462891 8.845703 43.599609
59.462891 9.958984 43.599609
59.462891 11.072266 43.599609
59.462891 12.185547 43.599609
59.462891 13.298828 43.599609
59.462891 21.091797 43.599609
59.462891 22.205078 43.599609
59.462891 23.318359 43.599609
59.462891 24.431641 43.599609
59.462891 25.544922 43.599609
59.462891 26.658203 43.599609
59.462891 27.771484 43.599609
59.462891 28.884766 43.599609
59.462891 29.998047 43.599609
59.462891 31.111328 43.599609
59.462891 32.224609 43.599609
59.462891 33.337891 43.599609
59.462891 12.185547 44.712891
59.462891 13.298828 44.712891
59.462891 21.091797 44.712891
59.462891 22.205078 44.712891
59.462891 12.185547 45.826172
59.462891 13.298828 45.826172
59.462891 21.091797 45.826172
59.462891 22.205078 45.826172
59.462891 12.185547 46.939453
59.462891 13.298828 46.939453
59.462891 14.412109 46.939453
59.462891 15.525391 46.939453
59.462891 16.638672 46.939453
59.462891 17.751953 46.939453
59.462891 18.865234 46.939453
59.462891 19.978516 46.939453
59.462891 21.091797 46.939453
59.462891 22.205078 46.939453
59.462891 12.185547 48.052734
59.462891 13.298828 48.052734
59.462891 14.412109 48.052734
59.462891 21.091797 48.052734
59.462891 22.205078 48.052734
60.576172 2.166016 23.560547
60.576172 3.279297 23.560547
60.576172 4.392578 23.560547
60.576172 5.505859 23.560547
60.576172 6.619141 23.560547
60.576172 7.732422 23.560547
60.576172 8.845703 23.560547
60.576172 9.958984 23.560547
60.576172 24.431641 23.560547
60.576172 25.544922 23.560547
60.576172 26.658203 23.560547
60.576172 27.771484 23.560547
60.576172 28.884766 23.560547
60.576172 29.998047 23.560547
60.576172 31.111328 23.560547
60.576172 32.224609 23.560547
60.576172 1.052734 24.673828
60.576172 2.166016 24.673828
60.576172 9.958984 24.673828
60.576172 11.072266 24.673828
60.576172 23.318359 24.673828
60.576172 24.431641 24.673828
60.576172 32.224609 24.673828
60.576172 33.337891 24.673828
60.576172 1.052734 25.787109
60.576172 11.072266 25.787109
60.576172 12.185547 25.787109
60.576172 22.205078 25.787109
60.576172 23.318359 25.787109
60.576172 33.337891 25.787109
60.576172 1.052734 26.900391
60.576172 12.185547 26.900391
60.576172 22.205078 26.900391
60.576172 33.337891 26.900391
60.576172 1.052734 28.013672
60.576172 12.185547 28.013672
60.576172 22.205078 28.013672
60.576172 33.337891 28.013672
60.576172 1.052734 29.126953
60.576172 12.185547 29.126953
60.576172 22.205078 29.126953
60.576172 33.337891 29.126953
60.576172 1.052734 30.240234
60.576172 12.185547 30.240234
60.576172 22.205078 30.240234
60.576172 33.337891 30.240234
60.576172 1.052734 31.353516
60.576172 12.185547 31.353516
60.576172 22.205078 31.353516
60.576172 33.337891 31.353516
60.576172 1.052734 32.466797
60.576172 2.166016 32.466797
60.576172 11.072266 32.466797
60.576172 12.185547 32.466797
60.576172 22.205078 32.466797
60.576172 23.318359 32.466797
60.576172 24.431641 32.466797
60.576172 33.337891 32.466797
60.576172 2.166016 33.580078
60.576172 11.072266 33.580078
60.576172 23.318359 33.580078
60.576172 24.431641 33.580078
60.576172 33.337891 33.580078
60.576172 1.052734 34.693359
60.576172 2.166016 34.693359
60.576172 3.279297 34.693359
60.576172 4.392578 34.693359
60.576172 5.505859 34.693359
60.576172 11.072266 34.693359
60.576172 23.318359 34.693359
60.576172 28.884766 34.693359
60.576172 29.998047 34.693359
60.576172 31.111328 34.693359
60.576172 33.337891 34.693359
60.576172 1.052734 35.806641
60.576172 3.279297 35.806641
60.576172 5.505859 35.806641
60.576172 11.072266 35.806641
60.576172 12.185547 35.806641
60.576172 13.298828 35.806641
60.576172 14.412109 35.806641
60.576172 15.525391 35.806641
60.576172 16.638672 35.806641
60.576172 17.751953 35.806641
60.576172 18.865234 35.806641
60.576172 19.978516 35.806641
60.576172 21.091797 35.806641
60.576172 22.205078 35.806641
60.576172 23.318359 35.806641
60.576172 28.884766 35.806641
60.576172 29.998047 35.806641
60.576172 31.111328 35.806641
60.576172 32.224609 35.806641
60.576172 33.337891 35.806641
60.576172 1.052734 36.919922
60.576172 3.279297 36.919922
60.576172 5.505859 36.919922
60.576172 28.884766 36.919922
60.576172 31.111328 36.919922
60.576172 32.224609 36.919922
60.576172 33.337891 36.919922
60.576172 1.052734 38.033203
60.576172 3.279297 38.033203
60.576172 4.392578 38.033203
60.576172 5.505859 38.033203
60.576172 28.884766 38.033203
60.576172 29.998047 38.033203
60.576172 31.111328 38.033203
60.576172 33.337891 38.033203
60.576172 1.052734 39.146484
60.576172 2.166016 39.146484
60.576172 3.279297 39.146484
60.576172 4.392578 39.146484
60.576172 5.505859 39.146484
60.576172 16.638672 39.146484
60.576172 17.751953 39.146484
60.576172 18.865234 39.146484
60.576172 28.884766 39.146484
60.576172 29.998047 39.146484
60.576172 31.111328 39.146484
60.576172 32.224609 39.146484
60.576172 33.337891 39.146484
60.576172 5.505859 40.259766
60.576172 16.638672 40.259766
60.576172 17.751953 40.259766
60.576172 18.865234 40.259766
60.576172 28.884766 40.259766
60.576172 1.052734 41.373047
60.576172 2.166016 41.373047
60.576172 3.279297 41.373047
60.576172 4.392578 41.373047
60.576172 5.505859 41.373047
60.576172 16.638672 41.373047
60.576172 17.751953 41.373047
60.576172 18.865234 41.373047
60.576172 28.884766 41.373047
60.576172 29.998047 41.373047
60.576172 31.111328 41.373047
60.576172 32.224609 41.373047
60.576172 33.337891 41.373047
60.576172 1.052734 42.486328
60.576172 33.337891 42.486328
60.576172 1.052734 43.599609
60.576172 2.166016 43.599609
60.576172 3.279297 43.599609
60.576172 4.392578 43.599609
60.576172 5.505859 43.599609
60.576172 6.619141 43.599609
60.576172 7.732422 43.599609
60.576172 8.845703 43.599609
60.576172 9.958984 43.599609
60.576172 11.072266 43.599609
60.576172 12.185547 43.599609
60.576172 13.298828 43.599609
60.576172 21.091797 43.599609
60.576172 22.205078 43.599609
60.576172 23.318359 43.599609
60.576172 24.431641 43.599609
60.576172 25.544922 43.599609
60.576172 26.658203 43.599609
60.576172 27.771484 43.599609
60.576172 28.884766 43.599609
60.576172 29.998047 43.599609
60.576172 31.111328 43.599609
60.576172 32.224609 43.599609
60.576172 33.337891 43.599609
60.576172 13.298828 44.712891
60.576172 21.091797 44.712891
60.576172 13.298828 45.826172
60.576172 21.091797 45.826172
60.576172 13.298828 46.939453
60.576172 14.412109 46.939453
60.576172 15.525391 46.939453
60.576172 16.638672 46.939453
60.576172 17.751953 46.939453
60.576172 18.865234 46.939453
60.576172 19.978516 46.939453
60.576172 21.091797 46.939453
60.576172 13.298828 48.052734
60.576172 14.412109 48.052734
60.576172 19.978516 48.052734
60.576172 21.091797 48.052734
61.689453 2.166016 23.560547
61.689453 3.279297 23.560547
61.689453 4.392578 23.560547
61.689453 5.505859 23.560547
61.689453 6.619141 23.560547
61.689453 7.732422 23.560547
61.689453 8.845703 23.560547
61.689453 9.958984 23.560547
61.689453 24.431641 23.560547
61.689453 25.544922 23.560547
61.689453 26.658203 23.560547
61.689453 27.771484 23.560547
61.689453 28.884766 23.560547
61.689453 29.998047 23.560547
61.689453 31.111328 23.560547
61.689453 32.224609 23.560547
61.689453 1.052734 24.673828
61.689453 2.166016 24.673828
61.689453 9.958984 24.673828
61.689453 11.072266 24.673828
61.689453 23.318359 24.673828
61.689453 24.431641 24.673828
61.689453 32.224609 24.673828
61.689453 33.337891 24.673828
61.689453 1.052734 25.787109
61.689453 11.072266 25.787109
61.689453 12.185547 25.787109
61.689453 22.205078 25.787109
61.689453 23.318359 25.787109
61.689453 33.337891 25.787109
61.689453 1.052734 26.900391
61.689453 12.185547 26.900391
61.689453 22.205078 26.900391
61.689453 33.337891 26.900391
61.689453 1.052734 28.013672
61.689453 12.185547 28.013672
61.689453 22.205078 28.013672
61.689453 33.337891 28.013672
61.689453 1.052734 29.126953
61.689453 12.185547 29.126953
61.689453 22.205078 29.126953
61.689453 33.337891 29.126953
61.689453 1.052734 30.240234
61.689453 12.185547 30.240234
61.689453 22.205078 30.240234
61.689453 33.337891 30.240234
61.689453 1.052734 31.353516
61.689453 12.185547 31.353516
61.689453 22.205078 31.353516
61.689453 33.337891 31.353516
61.689453 1.052734 32.466797
61.689453 2.166016 32.466797
61.689453 11.072266 32.466797
61.689453 12.185547 32.466797
61.689453 22.205078 32.466797
61.689453 23.318359 32.466797
61.689453 24.431641 32.466797
61.689453 33.337891 32.466797
61.689453 2.166016 33.580078
61.689453 11.072266 33.580078
61.689453 23.318359 33.580078
61.689453 24.431641 33.580078
61.689453 33.337891 33.580078
61.689453 1.052734 34.693359
61.689453 2.166016 34.693359
61.689453 3.279297 34.693359
61.689453 4.392578 34.693359
61.689453 5.505859 34.693359
61.689453 11.072266 34.693359
61.689453 23.318359 34.693359
61.689453 28.884766 34.693359
61.689453 29.998047 34.693359
61.689453 31.111328 34.693359
61.689453 33.337891 34.693359
61.689453 1.052734 35.806641
61.689453 3.279297 35.806641
61.689453 5.505859 35.806641
61.689453 11.072266 35.806641
61.689453 12.185547 35.806641
61.689453 13.298828 35.806641
61.689453 14.412109 35.806641
61.689453 15.525391 35.806641
61.689453 16.638672 35.806641
61.689453 17.751953 35.806641
61.689453 18.865234 35.806641
61.689453 19.978516 35.806641
61.689453 21.091797 35.806641
61.689453 22.205078 35.806641
61.689453 23.318359 35.806641
61.689453 28.884766 35.806641
61.689453 29.998047 35.806641
61.689453 31.111328 35.806641
61.689453 32.224609 35.806641
61.689453 33.337891 35.806641
61.689453 1.052734 36.919922
61.689453 3.279297 36.919922
61.689453 5.505859 36.919922
61.689453 28.884766 36.919922
61.689453 31.111328 36.919922
61.689453 32.224609 36.919922
61.689453 33.337891 36.919922
61.689453 1.052734 38.033203
61.689453 3.279297 38.033203
61.689453 4.392578 38.033203
61.689453 5.505859 38.033203
61.689453 28.884766 38.033203
61.689453 29.998047 38.033203
61.689453 31.111328 38.033203
61.689453 33.337891 38.033203
61.689453 1.052734 39.146484
61.689453 2.166016 39.146484
61.689453 3.279297 39.146484
61.689453 4.392578 39.146484
61.689453 5.505859 39.146484
61.689453 16.638672 39.146484
61.689453 17.751953 39.146484
61.689453 18.865234 39.146484
61.689453 28.884766 39.146484
61.689453 29.998047 39.146484
61.689453 31.111328 39.146484
61.689453 32.224609 39.146484
61.689453 33.337891 39.146484
61.689453 1.052734 40.259766
61.689453 2.166016 40.259766
61.689453 3.279297 40.259766
61.689453 4.392578 40.259766
61.689453 5.505859 40.259766
61.689453 16.638672 40.259766
61.689453 17.751953 40.259766
61.689453 18.865234 40.259766
61.689453 28.884766 40.259766
61.689453 29.998047 40.259766
61.689453 31.111328 40.259766
61.689453 32.224609 40.259766
61.689453 33.337891 40.259766
61.689453 1.052734 41.373047
61.689453 2.166016 41.373047
61.689453 3.279297 41.373047
61.689453 4.392578 41.373047
61.689453 5.505859 41.373047
61.689453 16.638672 41.373047
61.689453 17.751953 41.373047
61.689453 18.865234 41.373047
61.689453 28.884766 41.373047
61.689453 29.998047 41.373047
61.689453 31.111328 41.373047
61.689453 32.224609 41.373047
61.689453 33.337891 41.373047
61.689453 1.052734 42.486328
61.689453 33.337891 42.486328
61.689453 1.052734 43.599609
61.689453 2.166016 43.599609
61.689453 3.279297 43.599609
61.689453 4.392578 43.599609
61.689453 5.505859 43.599609
61.689453 6.619141 43.599609
61.689453 7.732422 43.599609
61.689453 8.845703 43.599609
61.689453 9.958984 43.599609
61.689453 11.072266 43.599609
61.689453 12.185547 43.599609
61.689453 13.298828 43.599609
61.689453 14.412109 43.599609
61.689453 15.525391 43.599609
61.689453 18.865234 43.599609
61.689453 19.978516 43.599609
61.689453 21.091797 43.599609
61.689453 22.205078 43.599609
61.689453 23.318359 43.599609
61.689453 24.431641 43.599609
61.689453 25.544922 43.599609
61.689453 26.658203 43.599609
61.689453 27.771484 43.599609
61.689453 28.884766 43.599609
61.689453 29.998047 43.599609
61.689453 31.111328 43.599609
61.689453 32.224609 43.599609
61.689453 33.337891 43.599609
61.689453 13.298828 44.712891
61.689453 14.412109 44.712891
61.689453 15.525391 44.712891
61.689453 18.865234 44.712891
61.689453 19.978516 44.712891
61.689453 21.091797 44.712891
61.689453 13.298828 45.826172
61.689453 14.412109 45.826172
61.689453 15.525391 45.826172
61.689453 18.865234 45.826172
61.689453 19.978516 45.826172
61.689453 21.091797 45.826172
61.689453 13.298828 46.939453
61.689453 14.412109 46.939453
61.689453 15.525391 46.939453
61.689453 16.638672 46.939453
61.689453 17.751953 46.939453
61.689453 18.865234 46.939453
61.689453 19.978516 46.939453
61.689453 21.091797 46.939453
61.689453 13.298828 48.052734
61.689453 14.412109 48.052734
61.689453 15.525391 48.052734
61.689453 16.638672 48.052734
61.689453 17.751953 48.052734
61.689453 18.865234 48.052734
61.689453 19.978516 48.052734
61.689453 21.091797 48.052734
62.802734 2.166016 23.560547
62.802734 3.279297 23.560547
62.802734 4.392578 23.560547
62.802734 5.505859 23.560547
62.802734 6.619141 23.560547
62.802734 7.732422 23.560547
62.802734 8.845703 23.560547
62.802734 9.958984 23.560547
62.802734 24.431641 23.560547
62.802734 25.544922 23.560547
62.802734 26.658203 23.560547
62.802734 27.771484 23.560547
62.802734 28.884766 23.560547
62.802734 29.998047 23.560547
62.802734 31.111328 23.560547
62.802734 32.224609 23.560547
62.802734 1.052734 24.673828
62.802734 2.166016 24.673828
62.802734 9.958984 24.673828
62.802734 11.072266 24.673828
62.802734 23.318359 24.673828
62.802734 24.431641 24.673828
62.802734 32.224609 24.673828
62.802734 33.337891 24.673828
62.802734 1.052734 25.787109
62.802734 11.072266 25.787109
62.802734 12.185547 25.787109
62.802734 22.205078 25.787109
62.802734 23.318359 25.787109
62.802734 33.337891 25.787109
62.802734 1.052734 26.900391
62.802734 12.185547 26.900391
62.802734 22.205078 26.900391
62.802734 33.337891 26.900391
62.802734 1.052734 28.013672
62.802734 12.185547 28.013672
62.802734 22.205078 28.013672
62.802734 33.337891 28.013672
62.802734 1.052734 29.126953
62.802734 12.185547 29.126953
62.802734 22.205078 29.126953
62.802734 33.337891 29.126953
62.802734 1.052734 30.240234
62.802734 12.185547 30.240234
62.802734 22.205078 30.240234
62.802734 33.337891 30.240234
62.802734 1.052734 31.353516
62.802734 12.185547 31.353516
62.802734 22.205078 31.353516
62.802734 33.337891 31.353516
62.802734 1.052734 32.466797
62.802734 2.166016 32.466797
62.802734 11.072266 32.466797
62.802734 12.185547 32.466797
62.802734 22.205078 32.466797
62.802734 23.318359 32.466797
62.802734 24.431641 32.466797
62.802734 33.337891 32.466797
62.802734 2.166016 33.580078
62.802734 3.279297 33.580078
62.802734 4.392578 33.580078
62.802734 5.505859 33.580078
62.802734 11.072266 33.580078
62.802734 23.318359 33.580078
62.802734 24.431641 33.580078
62.802734 29.998047 33.580078
62.802734 31.111328 33.580078
62.802734 33.337891 33.580078
62.802734 1.052734 34.693359
62.802734 2.166016 34.693359
62.802734 3.279297 34.693359
62.802734 4.392578 34.693359
62.802734 5.505859 34.693359
62.802734 6.619141 34.693359
62.802734 11.072266 34.693359
62.802734 23.318359 34.693359
62.802734 27.771484 34.693359
62.802734 28.884766 34.693359
62.802734 29.998047 34.693359
62.802734 31.111328 34.693359
62.802734 32.224609 34.693359
62.802734 33.337891 34.693359
62.802734 1.052734 35.806641
62.802734 2.166016 35.806641
62.802734 3.279297 35.806641
62.802734 5.505859 35.806641
62.802734 6.619141 35.806641
62.802734 11.072266 35.806641
62.802734 12.185547 35.806641
62.802734 13.298828 35.806641
62.802734 14.412109 35.806641
62.802734 15.525391 35.806641
62.802734 16.638672 35.806641
62.802734 17.751953 35.806641
62.802734 18.865234 35.806641
62.802734 19.978516 35.806641
62.802734 21.091797 35.806641
62.802734 22.205078 35.806641
62.802734 23.318359 35.806641
62.802734 27.771484 35.806641
62.802734 28.884766 35.806641
62.802734 29.998047 35.806641
62.802734 31.111328 35.806641
62.802734 32.224609 35.806641
62.802734 33.337891 35.806641
62.802734 1.052734 36.919922
62.802734 2.166016 36.919922
62.802734 3.279297 36.919922
62.802734 5.505859 36.919922
62.802734 6.619141 36.919922
62.802734 27.771484 36.919922
62.802734 28.884766 36.919922
62.802734 31.111328 36.919922
62.802734 32.224609 36.919922
62.802734 33.337891 36.919922
62.802734 1.052734 38.033203
62.802734 2.166016 38.033203
62.802734 3.279297 38.033203
62.802734 4.392578 38.033203
62.802734 5.505859 38.033203
62.802734 6.619141 38.033203
62.802734 27.771484 38.033203
62.802734 28.884766 38.033203
62.802734 29.998047 38.033203
62.802734 31.111328 38.033203
62.802734 32.224609 38.033203
62.802734 33.337891 38.033203
62.802734 1.052734 39.146484
62.802734 3.279297 39.146484
62.802734 4.392578 39.146484
62.802734 5.505859 39.146484
62.802734 16.638672 39.146484
62.802734 17.751953 39.146484
62.802734 18.865234 39.146484
62.802734 28.884766 39.146484
62.802734 29.998047 39.146484
62.802734 31.111328 39.146484
62.802734 32.224609 39.146484
62.802734 33.337891 39.146484
62.802734 1.052734 40.259766
62.802734 16.638672 40.259766
62.802734 17.751953 40.259766
62.802734 18.865234 40.259766
62.802734 33.337891 40.259766
62.802734 1.052734 41.373047
62.802734 16.638672 41.373047
62.802734 17.751953 41.373047
62.802734 18.865234 41.373047
62.802734 33.337891 41.373047
62.802734 1.052734 42.486328
62.802734 33.337891 42.486328
62.802734 1.052734 43.599609
62.802734 2.166016 43.599609
62.802734 3.279297 43.599609
62.802734 4.392578 43.599609
62.802734 5.505859 43.599609
62.802734 6.619141 43.599609
62.802734 7.732422 43.599609
62.802734 8.845703 43.599609
62.802734 9.958984 43.599609
62.802734 11.072266 43.599609
62.802734 12.185547 43.599609
62.802734 13.298828 43.599609
62.802734 14.412109 43.599609
62.802734 15.525391 43.599609
62.802734 16.638672 43.599609
62.802734 17.751953 43.599609
62.802734 18.865234 43.599609
62.802734 19.978516 43.599609
62.802734 21.091797 43.599609
62.802734 22.205078 43.599609
62.802734 23.318359 43.599609
62.802734 24.431641 43.599609
62.802734 25.544922 43.599609
62.802734 26.658203 43.599609
62.802734 27.771484 43.599609
62.802734 28.884766 43.599609
62.802734 29.998047 43.599609
62.802734 31.111328 43.599609
62.802734 32.224609 43.599609
62.802734 33.337891 43.599609
62.802734 15.525391 44.712891
62.802734 16.638672 44.712891
62.802734 17.751953 44.712891
62.802734 18.865234 44.712891
62.802734 19.978516 44.712891
62.802734 15.525391 45.826172
62.802734 16.638672 45.826172
62.802734 17.751953 45.826172
62.802734 18.865234 45.826172
62.802734 19.978516 45.826172
62.802734 15.525391 46.939453
62.802734 16.638672 46.939453
62.802734 17.751953 46.939453
62.802734 18.865234 46.939453
62.802734 19.978516 46.939453
62.802734 15.525391 48.052734
62.802734 16.638672 48.052734
62.802734 17.751953 48.052734
62.802734 18.865234 48.052734
62.802734 19.978516 48.052734
63.916016 2.166016 23.560547
63.916016 3.279297 23.560547
63.916016 4.392578 23.560547
63.916016 5.505859 23.560547
63.916016 6.619141 23.560547
63.916016 7.732422 23.560547
63.916016 8.845703 23.560547
63.916016 9.958984 23.560547
63.916016 24.431641 23.560547
63.916016 25.544922 23.560547
63.916016 26.658203 23.560547
63.916016 27.771484 23.560547
63.916016 28.884766 23.560547
63.916016 29.998047 23.560547
63.916016 31.111328 23.560547
63.916016 32.224609 23.560547
63.916016 1.052734 24.673828
63.916016 2.166016 24.673828
63.916016 9.958984 24.673828
63.916016 11.072266 24.673828
63.916016 23.318359 24.673828
63.916016 24.431641 24.673828
63.916016 32.224609 24.673828
63.916016 33.337891 24.673828
63.916016 1.052734 25.787109
63.916016 11.072266 25.787109
63.916016 12.185547 25.787109
63.916016 22.205078 25.787109
63.916016 23.318359 25.787109
63.916016 33.337891 25.787109
63.916016 1.052734 26.900391
63.916016 12.185547 26.900391
63.916016 22.205078 26.900391
63.916016 33.337891 26.900391
63.916016 1.052734 28.013672
63.916016 12.185547 28.013672
63.916016 22.205078 28.013672
63.916016 33.337891 28.013672
63.916016 1.052734 29.126953
63.916016 12.185547 29.126953
63.916016 22.205078 29.126953
63.916016 33.337891 29.126953
63.916016 1.052734 30.240234
63.916016 12.185547 30.240234
63.916016 22.205078 30.240234
63.916016 33.337891 30.240234
63.916016 1.052734 31.353516
63.916016 12.185547 31.353516
63.916016 22.205078 31.353516
63.916016 33.337891 31.353516
63.916016 1.052734 32.466797
63.916016 2.166016 32.466797
63.916016 11.072266 32.466797
63.916016 12.185547 32.466797
63.916016 22.205078 32.466797
63.916016 23.318359 32.466797
63.916016 24.431641 32.466797
63.916016 33.337891 32.466797
63.916016 2.166016 33.580078
63.916016 3.279297 33.580078
63.916016 4.392578 33.580078
63.916016 5.505859 33.580078
63.916016 11.072266 33.580078
63.916016 23.318359 33.580078
63.916016 24.431641 33.580078
63.916016 29.998047 33.580078
63.916016 31.111328 33.580078
63.916016 33.337891 33.580078
63.916016 1.052734 34.693359
63.916016 2.166016 34.693359
63.916016 3.279297 34.693359
63.916016 5.505859 34.693359
63.916016 6.619141 34.693359
63.916016 11.072266 34.693359
63.916016 23.318359 34.693359
63.916016 27.771484 34.693359
63.916016 28.884766 34.693359
63.916016 29.998047 34.693359
63.916016 31.111328 34.693359
63.916016 32.224609 34.693359
63.916016 33.337891 34.693359
63.916016 1.052734 35.806641
63.916016 2.166016 35.806641
63.916016 6.619141 35.806641
63.916016 11.072266 35.806641
63.916016 12.185547 35.806641
63.916016 13.298828 35.806641
63.916016 14.412109 35.806641
63.916016 15.525391 35.806641
63.916016 16.638672 35.806641
63.916016 17.751953 35.806641
63.916016 18.865234 35.806641
63.916016 19.978516 35.806641
63.916016 21.091797 35.806641
63.916016 22.205078 35.806641
63.916016 23.318359 35.806641
63.916016 27.771484 35.806641
63.916016 32.224609 35.806641
63.916016 33.337891 35.806641
63.916016 1.052734 36.919922
63.916016 2.166016 36.919922
63.916016 6.619141 36.919922
63.916016 27.771484 36.919922
63.916016 32.224609 36.919922
63.916016 33.337891 36.919922
63.916016 1.052734 38.033203
63.916016 2.166016 38.033203
63.916016 3.279297 38.033203
63.916016 5.505859 38.033203
63.916016 6.619141 38.033203
63.916016 27.771484 38.033203
63.916016 28.884766 38.033203
63.916016 32.224609 38.033203
63.916016 33.337891 38.033203
63.916016 1.052734 39.146484
63.916016 3.279297 39.146484
63.916016 4.392578 39.146484
63.916016 5.505859 39.146484
63.916016 16.638672 39.146484
63.916016 17.751953 39.146484
63.916016 18.865234 39.146484
63.916016 28.884766 39.146484
63.916016 29.998047 39.146484
63.916016 31.111328 39.146484
63.916016 32.224609 39.146484
63.916016 33.337891 39.146484
63.916016 1.052734 40.259766
63.916016 16.638672 40.259766
63.916016 17.751953 40.259766
63.916016 18.865234 40.259766
63.916016 33.337891 40.259766
63.916016 1.052734 41.373047
63.916016 16.638672 41.373047
63.916016 17.751953 41.373047
63.916016 18.865234 41.373047
63.916016 33.337891 41.373047
63.916016 1.052734 42.486328
63.916016 33.337891 42.486328
63.916016 1.052734 43.599609
63.916016 2.166016 43.599609
63.916016 3.279297 43.599609
63.916016 4.392578 43.599609
63.916016 5.505859 43.599609
63.916016 6.619141 43.599609
63.916016 7.732422 43.599609
63.916016 8.845703 43.599609
63.916016 9.958984 43.599609
63.916016 11.072266 43.599609
63.916016 12.185547 43.599609
63.916016 13.298828 43.599609
63.916016 14.412109 43.599609
63.916016 15.525391 43.599609
63.916016 16.638672 43.599609
63.916016 17.751953 43.599609
63.916016 18.865234 43.599609
63.916016 19.978516 43.599609
63.916016 21.091797 43.599609
63.916016 22.205078 43.599609
63.916016 23.318359 43.599609
63.916016 24.431641 43.599609
63.916016 25.544922 43.599609
63.916016 26.658203 43.599609
63.916016 27.771484 43.599609
63.916016 28.884766 43.599609
63.916016 29.998047 43.599609
63.916016 31.111328 43.599609
63.916016 32.224609 43.599609
63.916016 33.337891 43.599609
65.029297 2.166016 23.560547
65.029297 3.279297 23.560547
65.029297 4.392578 23.560547
65.029297 5.505859 23.560547
65.029297 6.619141 23.560547
65.029297 7.732422 23.560547
65.029297 8.845703 23.560547
65.029297 9.958984 23.560547
65.029297 24.431641 23.560547
65.029297 25.544922 23.560547
65.029297 26.658203 23.560547
65.029297 27.771484 23.560547
65.029297 28.884766 23.560547
65.029297 29.998047 23.560547
65.029297 31.111328 23.560547
65.029297 32.224609 23.560547
65.029297 1.052734 24.673828
65.029297 2.166016 24.673828
65.029297 3.279297 24.673828
65.029297 4.392578 24.673828
65.029297 5.505859 24.673828
65.029297 6.619141 24.673828
65.029297 7.732422 24.673828
65.029297 8.845703 24.673828
65.029297 9.958984 24.673828
65.029297 11.072266 24.673828
65.029297 23.318359 24.673828
65.029297 24.431641 24.673828
65.029297 25.544922 24.673828
65.029297 26.658203 24.673828
65.029297 27.771484 24.673828
65.029297 28.884766 24.673828
65.029297 29.998047 24.673828
65.029297 31.111328 24.673828
65.029297 32.224609 24.673828
65.029297 33.337891 24.673828
65.029297 1.052734 25.787109
65.029297 2.166016 25.787109
65.029297 3.279297 25.787109
65.029297 4.392578 25.787109
65.029297 5.505859 25.787109
65.029297 6.619141 25.787109
65.029297 7.732422 25.787109
65.029297 8.845703 25.787109
65.029297 9.958984 25.787109
65.029297 11.072266 25.787109
65.029297 12.185547 25.787109
65.029297 22.205078 25.787109
65.029297 23.318359 25.787109
65.029297 24.431641 25.787109
65.029297 25.544922 25.787109
65.029297 26.658203 25.787109
65.029297 27.771484 25.787109
65.029297 28.884766 25.787109
65.029297 29.998047 25.787109
65.029297 31.111328 25.787109
65.029297 32.224609 25.787109
65.029297 33.337891 25.787109
65.029297 1.052734 26.900391
65.029297 2.166016 26.900391
65.029297 3.279297 26.900391
65.029297 4.392578 26.900391
65.029297 5.505859 26.900391
65.029297 6.619141 26.900391
65.029297 7.732422 26.900391
65.029297 8.845703 26.900391
65.029297 9.958984 26.900391
65.029297 11.072266 26.900391
65.029297 12.185547 26.900391
65.029297 22.205078 26.900391
65.029297 23.318359 26.900391
65.029297 24.431641 26.900391
65.029297 25.544922 26.900391
65.029297 26.658203 26.900391
65.029297 27.771484 26.900391
65.029297 28.884766 26.900391
65.029297 29.998047 26.900391
65.029297 31.111328 26.900391
65.029297 32.224609 26.900391
65.029297 33.337891 26.900391
65.029297 1.052734 28.013672
65.029297 2.166016 28.013672
65.029297 3.279297 28.013672
65.029297 4.392578 28.013672
65.029297 5.505859 28.013672
65.029297 6.619141 28.013672
65.029297 7.732422 28.013672
65.029297 8.845703 28.013672
65.029297 9.958984 28.013672
65.029297 11.072266 28.013672
65.029297 12.185547 28.013672
65.029297 22.205078 28.013672
65.029297 23.318359 28.013672
65.029297 24.431641 28.013672
65.029297 25.544922 28.013672
65.029297 26.658203 28.013672
65.029297 27.771484 28.013672
65.029297 28.884766 28.013672
65.029297 29.998047 28.013672
65.029297 31.111328 28.013672
65.029297 32.224609 28.013672
65.029297 33.337891 28.013672
65.029297 1.052734 29.126953
65.029297 2.166016 29.126953
65.029297 3.279297 29.126953
65.029297 4.392578 29.126953
65.029297 5.505859 29.126953
65.029297 6.619141 29.126953
65.029297 7.732422 29.126953
65.029297 8.845703 29.126953
65.029297 9.958984 29.126953
65.029297 11.072266 29.126953
65.029297 12.185547 29.126953
65.029297 22.205078 29.126953
65.029297 23.318359 29.126953
65.029297 24.431641 29.126953
65.029297 25.544922 29.126953
65.029297 26.658203 29.126953
65.029297 27.771484 29.126953
65.029297 28.884766 29.126953
65.029297 29.998047 29.126953
65.029297 31.111328 29.126953
65.029297 32.224609 29.126953
65.029297 33.337891 29.126953
65.029297 1.052734 30.240234
65.029297 2.166016 30.240234
65.029297 3.279297 30.240234
65.029297 4.392578 30.240234
65.029297 5.505859 30.240234
65.029297 6.619141 30.240234
65.029297 7.732422 30.240234
65.029297 8.845703 30.240234
65.029297 9.958984 30.240234
65.029297 11.072266 30.240234
65.029297 12.185547 30.240234
65.029297 22.205078 30.240234
65.029297 23.318359 30.240234
65.029297 24.431641 30.240234
65.029297 25.544922 30.240234
65.029297 26.658203 30.240234
65.029297 27.771484 30.240234
65.029297 28.884766 30.240234
65.029297 29.998047 30.240234
65.029297 31.111328 30.240234
65.029297 32.224609 30.240234
65.029297 33.337891 30.240234
65.029297 1.052734 31.353516
65.029297 2.166016 31.353516
65.029297 3.279297 31.353516
65.029297 4.392578 31.353516
65.029297 5.505859 31.353516
65.029297 6.619141 31.353516
65.029297 7.732422 31.353516
65.029297 8.845703 31.353516
65.029297 9.958984 31.353516
65.029297 11.072266 31.353516
65.029297 12.185547 31.353516
65.029297 22.205078 31.353516
65.029297 23.318359 31.353516
65.029297 24.431641 31.353516
65.029297 25.544922 31.353516
65.029297 26.658203 31.353516
65.029297 27.771484 31.353516
65.029297 28.884766 31.353516
65.029297 29.998047 31.353516
65.029297 31.111328 31.353516
65.029297 32.224609 31.353516
65.029297 33.337891 31.353516
65.029297 1.052734 32.466797
65.029297 2.166016 32.466797
65.029297 3.279297 32.466797
65.029297 4.392578 32.466797
65.029297 5.505859 32.466797
65.029297 6.619141 32.466797
65.029297 7.732422 32.466797
65.029297 8.845703 32.466797
65.029297 9.958984 32.466797
65.029297 11.072266 32.466797
65.029297 12.185547 32.466797
65.029297 22.205078 32.466797
65.029297 23.318359 32.466797
65.029297 24.431641 32.466797
65.029297 25.544922 32.466797
65.029297 26.658203 32.466797
65.029297 27.771484 32.466797
65.029297 28.884766 32.466797
65.029297 29.998047 32.466797
65.029297 31.111328 32.466797
65.029297 32.224609 32.466797
65.029297 33.337891 32.466797
65.029297 2.166016 33.580078
65.029297 3.279297 33.580078
65.029297 4.392578 33.580078
65.029297 5.505859 33.580078
65.029297 6.619141 33.580078
65.029297 7.732422 33.580078
65.029297 8.845703 33.580078
65.029297 9.958984 33.580078
65.029297 11.072266 33.580078
65.029297 23.318359 33.580078
65.029297 24.431641 33.580078
65.029297 25.544922 33.580078
65.029297 26.658203 33.580078
65.029297 27.771484 33.580078
65.029297 28.884766 33.580078
65.029297 29.998047 33.580078
65.029297 31.111328 33.580078
65.029297 32.224609 33.580078
65.029297 33.337891 33.580078
65.029297 1.052734 34.693359
65.029297 2.166016 34.693359
65.029297 3.279297 34.693359
65.029297 5.505859 34.693359
65.029297 6.619141 34.693359
65.029297 7.732422 34.693359
65.029297 8.845703 34.693359
65.029297 9.958984 34.693359
65.029297 11.072266 34.693359
65.029297 23.318359 34.693359
65.029297 24.431641 34.693359
65.029297 25.544922 34.693359
65.029297 26.658203 34.693359
65.029297 27.771484 34.693359
65.029297 28.884766 34.693359
65.029297 29.998047 34.693359
65.029297 31.111328 34.693359
65.029297 32.224609 34.693359
65.029297 33.337891 34.693359
65.029297 1.052734 35.806641
65.029297 2.166016 35.806641
65.029297 6.619141 35.806641
65.029297 7.732422 35.806641
65.029297 8.845703 35.806641
65.029297 9.958984 35.806641
65.029297 11.072266 35.806641
65.029297 12.185547 35.806641
65.029297 13.298828 35.806641
65.029297 14.412109 35.806641
65.029297 15.525391 35.806641
65.029297 16.638672 35.806641
65.029297 17.751953 35.806641
65.029297 18.865234 35.806641
65.029297 19.978516 35.806641
65.029297 21.091797 35.806641
65.029297 22.205078 35.806641
65.029297 23.318359 35.806641
65.029297 24.431641 35.806641
65.029297 25.544922 35.806641
65.029297 26.658203 35.806641
65.029297 27.771484 35.806641
65.029297 32.224609 35.806641
65.029297 33.337891 35.806641
65.029297 1.052734 36.919922
65.029297 2.166016 36.919922
65.029297 6.619141 36.919922
65.029297 7.732422 36.919922
65.029297 8.845703 36.919922
65.029297 9.958984 36.919922
65.029297 11.072266 36.919922
65.029297 12.185547 36.919922
65.029297 13.298828 36.919922
65.029297 14.412109 36.919922
65.029297 15.525391 36.919922
65.029297 16.638672 36.919922
65.029297 17.751953 36.919922
65.029297 18.865234 36.919922
65.029297 19.978516 36.919922
65.029297 21.091797 36.919922
65.029297 22.205078 36.919922
65.029297 23.318359 36.919922
65.029297 24.431641 36.919922
65.029297 25.544922 36.919922
65.029297 26.658203 36.919922
65.029297 27.771484 36.919922
65.029297 32.224609 36.919922
65.029297 33.337891 36.919922
65.029297 1.052734 38.033203
65.029297 2.166016 38.033203
65.029297 3.279297 38.033203
65.029297 5.505859 38.033203
65.029297 6.619141 38.033203
65.029297 7.732422 38.033203
65.029297 8.845703 38.033203
65.029297 9.958984 38.033203
65.029297 11.072266 38.033203
65.029297 12.185547 38.033203
65.029297 13.298828 38.033203
65.029297 14.412109 38.033203
65.029297 15.525391 38.033203
65.029297 16.638672 38.033203
65.029297 17.751953 38.033203
65.029297 18.865234 38.033203
65.029297 19.978516 38.033203
65.029297 21.091797 38.033203
65.029297 22.205078 38.033203
65.029297 23.318359 38.033203
65.029297 24.431641 38.033203
65.029297 25.544922 38.033203
65.029297 26.658203 38.033203
65.029297 27.771484 38.033203
65.029297 28.884766 38.033203
65.029297 32.224609 38.033203
65.029297 33.337891 38.033203
65.029297 1.052734 39.146484
65.029297 2.166016 39.146484
65.029297 3.279297 39.146484
65.029297 4.392578 39.146484
65.029297 5.505859 39.146484
65.029297 6.619141 39.146484
65.029297 7.732422 39.146484
65.029297 8.845703 39.146484
65.029297 9.958984 39.146484
65.029297 11.072266 39.146484
65.029297 12.185547 39.146484
65.029297 13.298828 39.146484
65.029297 14.412109 39.146484
65.029297 15.525391 39.146484
65.029297 16.638672 39.146484
65.029297 17.751953 39.146484
65.029297 18.865234 39.146484
65.029297 19.978516 39.146484
65.029297 21.091797 39.146484
65.029297 22.205078 39.146484
65.029297 23.318359 39.146484
65.029297 24.431641 39.146484
65.029297 25.544922 39.146484
65.029297 26.658203 39.146484
65.029297 27.771484 39.146484
65.029297 28.884766 39.146484
65.029297 29.998047 39.146484
65.029297 31.111328 39.146484
65.029297 32.224609 39.146484
65.029297 33.337891 39.146484
65.029297 1.052734 40.259766
65.029297 2.166016 40.259766
65.029297 3.279297 40.259766
65.029297 4.392578 40.259766
65.029297 5.505859 40.259766
65.029297 6.619141 40.259766
65.029297 7.732422 40.259766
65.029297 8.845703 40.259766
65.029297 9.958984 40.259766
65.029297 11.072266 40.259766
65.029297 12.185547 40.259766
65.029297 13.298828 40.259766
65.029297 14.412109 40.259766
65.029297 15.525391 40.259766
65.029297 16.638672 40.259766
65.029297 17.751953 40.259766
65.029297 18.865234 40.259766
65.029297 19.978516 40.259766
65.029297 21.091797 40.259766
65.029297 22.205078 40.259766
65.029297 23.318359 40.259766
65.029297 24.431641 40.259766
65.029297 25.544922 40.259766
65.029297 26.658203 40.259766
65.029297 27.771484 40.259766
65.029297 28.884766 40.259766
65.029297 29.998047 40.259766
65.029297 31.111328 40.259766
65.029297 32.224609 40.259766
65.029297 33.337891 40.259766
65.029297 1.052734 41.373047
65.029297 2.166016 41.373047
65.029297 3.279297 41.373047
65.029297 4.392578 41.373047
65.029297 5.505859 41.373047
65.029297 6.619141 41.373047
65.029297 7.732422 41.373047
65.029297 8.845703 41.373047
65.029297 9.958984 41.373047
65.029297 11.072266 41.373047
65.029297 12.185547 41.373047
65.029297 13.298828 41.373047
65.029297 14.412109 41.373047
65.029297 15.525391 41.373047
65.029297 16.638672 41.373047
65.029297 17.751953 41.373047
65.029297 18.865234 41.373047
65.029297 19.978516 41.373047
65.029297 21.091797 41.373047
65.029297 22.205078 41.373047
65.029297 23.318359 41.373047
65.029297 24.431641 41.373047
65.029297 25.544922 41.373047
65.029297 26.658203 41.373047
65.029297 27.771484 41.373047
65.029297 28.884766 41.373047
65.029297 29.998047 41.373047
65.029297 31.111328 41.373047
65.029297 32.224609 41.373047
65.029297 33.337891 41.373047
65.029297 1.052734 42.486328
65.029297 2.166016 42.486328
65.029297 3.279297 42.486328
65.029297 4.392578 42.486328
65.029297 5.505859 42.486328
65.029297 6.619141 42.486328
65.029297 7.732422 42.486328
65.029297 8.845703 42.486328
65.029297 9.958984 42.486328
65.029297 11.072266 42.486328
65.029297 12.185547 42.486328
65.029297 13.298828 42.486328
65.029297 14.412109 42.486328
65.029297 15.525391 42.486328
65.029297 16.638672 42.486328
65.029297 17.751953 42.486328
65.029297 18.865234 42.486328
65.029297 19.978516 42.486328
65.029297 21.091797 42.486328
65.029297 22.205078 42.486328
65.029297 23.318359 42.486328
65.029297 24.431641 42.486328
65.029297 25.544922 42.486328
65.029297 26.658203 42.486328
65.029297 27.771484 42.486328
65.029297 28.884766 42.486328
65.029297 29.998047 42.486328
65.029297 31.111328 42.486328
65.029297 32.224609 42.486328
65.029297 33.337891 42.486328
65.029297 1.052734 43.599609
65.029297 2.166016 43.599609
65.029297 3.279297 43.599609
65.029297 4.392578 43.599609
65.029297 5.505859 43.599609
65.029297 6.619141 43.599609
65.029297 7.732422 43.599609
65.029297 8.845703 43.599609
65.029297 9.958984 43.599609
65.029297 11.072266 43.599609
65.029297 12.185547 43.599609
65.029297 13.298828 43.599609
65.029297 14.412109 43.599609
65.029297 15.525391 43.599609
65.029297 16.638672 43.599609
65.029297 17.751953 43.599609
65.029297 18.865234 43.599609
65.029297 19.978516 43.599609
65.029297 21.091797 43.599609
65.029297 22.205078 43.599609
65.029297 23.318359 43.599609
65.029297 24.431641 43.599609
65.029297 25.544922 43.599609
65.029297 26.658203 43.599609
65.029297 27.771484 43.599609
65.029297 28.884766 43.599609
65.029297 29.998047 43.599609
65.029297 31.111328 43.599609
65.029297 32.224609 43.599609
65.029297 33.337891 43.599609
