6.109091 2.666667 25.042424
6.109091 4.387879 25.042424
6.109091 6.109091 25.042424
6.109091 7.830303 25.042424
6.109091 9.551515 25.042424
6.109091 11.272727 25.042424
6.109091 23.321212 25.042424
6.109091 25.042424 25.042424
6.109091 26.763636 25.042424
6.109091 28.484848 25.042424
6.109091 30.206061 25.042424
6.109091 31.927273 25.042424
6.109091 33.648485 25.042424
6.109091 2.666667 26.763636
6.109091 4.387879 26.763636
6.109091 6.109091 26.763636
6.109091 7.830303 26.763636
6.109091 9.551515 26.763636
6.109091 11.272727 26.763636
6.109091 23.321212 26.763636
6.109091 25.042424 26.763636
6.109091 26.763636 26.763636
6.109091 28.484848 26.763636
6.109091 30.206061 26.763636
6.109091 31.927273 26.763636
6.109091 2.666667 28.484848
6.109091 4.387879 28.484848
6.109091 6.109091 28.484848
6.109091 7.830303 28.484848
6.109091 9.551515 28.484848
6.109091 11.272727 28.484848
6.109091 23.321212 28.484848
6.109091 25.042424 28.484848
6.109091 26.763636 28.484848
6.109091 28.484848 28.484848
6.109091 30.206061 28.484848
6.109091 31.927273 28.484848
6.109091 2.666667 30.206061
6.109091 4.387879 30.206061
6.109091 6.109091 30.206061
6.109091 7.830303 30.206061
6.109091 9.551515 30.206061
6.109091 11.272727 30.206061
6.109091 23.321212 30.206061
6.109091 25.042424 30.206061
6.109091 26.763636 30.206061
6.109091 28.484848 30.206061
6.109091 30.206061 30.206061
6.109091 31.927273 30.206061
6.109091 2.666667 31.927273
6.109091 4.387879 31.927273
6.109091 6.109091 31.927273
6.109091 7.830303 31.927273
6.109091 9.551515 31.927273
6.109091 11.272727 31.927273
6.109091 23.321212 31.927273
6.109091 25.042424 31.927273
6.109091 26.763636 31.927273
6.109091 28.484848 31.927273
6.109091 30.206061 31.927273
6.109091 31.927273 31.927273
6.109091 2.666667 33.648485
6.109091 4.387879 33.648485
6.109091 6.109091 33.648485
6.109091 7.830303 33.648485
6.109091 9.551515 33.648485
6.109091 25.042424 33.648485
6.109091 26.763636 33.648485
6.109091 28.484848 33.648485
6.109091 30.206061 33.648485
6.109091 31.927273 33.648485
6.109091 2.666667 35.369697
6.109091 4.387879 35.369697
6.109091 6.109091 35.369697
6.109091 7.830303 35.369697
6.109091 9.551515 35.369697
6.109091 25.042424 35.369697
6.109091 26.763636 35.369697
6.109091 28.484848 35.369697
6.109091 30.206061 35.369697
6.109091 31.927273 35.369697
6.109091 33.648485 35.369697
6.109091 0.945455 37.090909
6.109091 2.666667 37.090909
6.109091 4.387879 37.090909
6.109091 6.109091 37.090909
6.109091 7.830303 37.090909
6.109091 9.551515 37.090909
6.109091 11.272727 37.090909
6.109091 12.993939 37.090909
6.109091 14.715152 37.090909
6.109091 16.436364 37.090909
6.109091 18.157576 37.090909
6.109091 19.878788 37.090909
6.109091 21.600000 37.090909
6.109091 23.321212 37.090909
6.109091 25.042424 37.090909
6.109091 26.763636 37.090909
6.109091 28.484848 37.090909
6.109091 30.206061 37.090909
6.109091 31.927273 37.090909
6.109091 33.648485 37.090909
6.109091 0.945455 38.812121
6.109091 2.666667 38.812121
6.109091 4.387879 38.812121
6.109091 6.109091 38.812121
6.109091 7.830303 38.812121
6.109091 9.551515 38.812121
6.109091 11.272727 38.812121
6.109091 12.993939 38.812121
6.109091 14.715152 38.812121
6.109091 16.436364 38.812121
6.109091 18.157576 38.812121
6.109091 19.878788 38.812121
6.109091 21.600000 38.812121
6.109091 23.321212 38.812121
6.109091 25.042424 38.812121
6.109091 26.763636 38.812121
6.109091 28.484848 38.812121
6.109091 30.206061 38.812121
6.109091 31.927273 38.812121
6.109091 33.648485 38.812121
6.109091 0.945455 40.533333
6.109091 2.666667 40.533333
6.109091 4.387879 40.533333
6.109091 6.109091 40.533333
6.109091 7.830303 40.533333
6.109091 9.551515 40.533333
6.109091 11.272727 40.533333
6.109091 12.993939 40.533333
6.109091 14.715152 40.533333
6.109091 16.436364 40.533333
6.109091 18.157576 40.533333
6.109091 19.878788 40.533333
6.109091 21.600000 40.533333
6.109091 23.321212 40.533333
6.109091 25.042424 40.533333
6.109091 26.763636 40.533333
6.109091 28.484848 40.533333
6.109091 30.206061 40.533333
6.109091 31.927273 40.533333
6.109091 33.648485 40.533333
6.109091 0.945455 42.254545
6.109091 2.666667 42.254545
6.109091 4.387879 42.254545
6.109091 6.109091 42.254545
6.109091 7.830303 42.254545
6.109091 9.551515 42.254545
6.109091 11.272727 42.254545
6.109091 12.993939 42.254545
6.109091 14.715152 42.254545
6.109091 16.436364 42.254545
6.109091 18.157576 42.254545
6.109091 19.878788 42.254545
6.109091 21.600000 42.254545
6.109091 23.321212 42.254545
6.109091 25.042424 42.254545
6.109091 26.763636 42.254545
6.109091 28.484848 42.254545
6.109091 30.206061 42.254545
6.109091 31.927273 42.254545
6.109091 33.648485 42.254545
7.830303 2.666667 25.042424
7.830303 4.387879 25.042424
7.830303 6.109091 25.042424
7.830303 7.830303 25.042424
7.830303 9.551515 25.042424
7.830303 11.272727 25.042424
7.830303 23.321212 25.042424
7.830303 25.042424 25.042424
7.830303 26.763636 25.042424
7.830303 28.484848 25.042424
7.830303 30.206061 25.042424
7.830303 31.927273 25.042424
7.830303 33.648485 25.042424
7.830303 2.666667 26.763636
7.830303 4.387879 26.763636
7.830303 6.109091 26.763636
7.830303 7.830303 26.763636
7.830303 9.551515 26.763636
7.830303 11.272727 26.763636
7.830303 23.321212 26.763636
7.830303 25.042424 26.763636
7.830303 26.763636 26.763636
7.830303 28.484848 26.763636
7.830303 30.206061 26.763636
7.830303 31.927273 26.763636
7.830303 2.666667 28.484848
7.830303 4.387879 28.484848
7.830303 6.109091 28.484848
7.830303 7.830303 28.484848
7.830303 9.551515 28.484848
7.830303 11.272727 28.484848
7.830303 23.321212 28.484848
7.830303 25.042424 28.484848
7.830303 26.763636 28.484848
7.830303 28.484848 28.484848
7.830303 30.206061 28.484848
7.830303 31.927273 28.484848
7.830303 2.666667 30.206061
7.830303 4.387879 30.206061
7.830303 6.109091 30.206061
7.830303 7.830303 30.206061
7.830303 9.551515 30.206061
7.830303 11.272727 30.206061
7.830303 23.321212 30.206061
7.830303 25.042424 30.206061
7.830303 26.763636 30.206061
7.830303 28.484848 30.206061
7.830303 30.206061 30.206061
7.830303 31.927273 30.206061
7.830303 2.666667 31.927273
7.830303 4.387879 31.927273
7.830303 6.109091 31.927273
7.830303 7.830303 31.927273
7.830303 9.551515 31.927273
7.830303 11.272727 31.927273
7.830303 23.321212 31.927273
7.830303 25.042424 31.927273
7.830303 26.763636 31.927273
7.830303 28.484848 31.927273
7.830303 30.206061 31.927273
7.830303 31.927273 31.927273
7.830303 2.666667 33.648485
7.830303 4.387879 33.648485
7.830303 6.109091 33.648485
7.830303 7.830303 33.648485
7.830303 9.551515 33.648485
7.830303 25.042424 33.648485
7.830303 26.763636 33.648485
7.830303 28.484848 33.648485
7.830303 30.206061 33.648485
7.830303 31.927273 33.648485
7.830303 2.666667 35.369697
7.830303 4.387879 35.369697
7.830303 6.109091 35.369697
7.830303 7.830303 35.369697
7.830303 9.551515 35.369697
7.830303 25.042424 35.369697
7.830303 26.763636 35.369697
7.830303 28.484848 35.369697
7.830303 30.206061 35.369697
7.830303 31.927273 35.369697
7.830303 33.648485 35.369697
7.830303 0.945455 37.090909
7.830303 2.666667 37.090909
7.830303 4.387879 37.090909
7.830303 6.109091 37.090909
7.830303 7.830303 37.090909
7.830303 9.551515 37.090909
7.830303 11.272727 37.090909
7.830303 12.993939 37.090909
7.830303 14.715152 37.090909
7.830303 16.436364 37.090909
7.830303 18.157576 37.090909
7.830303 19.878788 37.090909
7.830303 21.600000 37.090909
7.830303 23.321212 37.090909
7.830303 25.042424 37.090909
7.830303 26.763636 37.090909
7.830303 28.484848 37.090909
7.830303 30.206061 37.090909
7.830303 31.927273 37.090909
7.830303 33.648485 37.090909
7.830303 0.945455 38.812121
7.830303 2.666667 38.812121
7.830303 4.387879 38.812121
7.830303 6.109091 38.812121
7.830303 7.830303 38.812121
7.830303 9.551515 38.812121
7.830303 11.272727 38.812121
7.830303 12.993939 38.812121
7.830303 14.715152 38.812121
7.830303 16.436364 38.812121
7.830303 18.157576 38.812121
7.830303 19.878788 38.812121
7.830303 21.600000 38.812121
7.830303 23.321212 38.812121
7.830303 25.042424 38.812121
7.830303 26.763636 38.812121
7.830303 28.484848 38.812121
7.830303 30.206061 38.812121
7.830303 31.927273 38.812121
7.830303 33.648485 38.812121
7.830303 0.945455 40.533333
7.830303 2.666667 40.533333
7.830303 4.387879 40.533333
7.830303 6.109091 40.533333
7.830303 7.830303 40.533333
7.830303 9.551515 40.533333
7.830303 11.272727 40.533333
7.830303 12.993939 40.533333
7.830303 14.715152 40.533333
7.830303 16.436364 40.533333
7.830303 18.157576 40.533333
7.830303 19.878788 40.533333
7.830303 21.600000 40.533333
7.830303 23.321212 40.533333
7.830303 25.042424 40.533333
7.830303 26.763636 40.533333
7.830303 28.484848 40.533333
7.830303 30.206061 40.533333
7.830303 31.927273 40.533333
7.830303 33.648485 40.533333
7.830303 0.945455 42.254545
7.830303 2.666667 42.254545
7.830303 4.387879 42.254545
7.830303 6.109091 42.254545
7.830303 7.830303 42.254545
7.830303 9.551515 42.254545
7.830303 11.272727 42.254545
7.830303 12.993939 42.254545
7.830303 14.715152 42.254545
7.830303 16.436364 42.254545
7.830303 18.157576 42.254545
7.830303 19.878788 42.254545
7.830303 21.600000 42.254545
7.830303 23.321212 42.254545
7.830303 25.042424 42.254545
7.830303 26.763636 42.254545
7.830303 28.484848 42.254545
7.830303 30.206061 42.254545
7.830303 31.927273 42.254545
7.830303 33.648485 42.254545
7.830303 16.436364 43.975758
7.830303 18.157576 43.975758
7.830303 16.436364 45.696970
7.830303 18.157576 45.696970
7.830303 16.436364 47.418182
7.830303 18.157576 47.418182
9.551515 2.666667 25.042424
9.551515 4.387879 25.042424
9.551515 6.109091 25.042424
9.551515 7.830303 25.042424
9.551515 9.551515 25.042424
9.551515 11.272727 25.042424
9.551515 23.321212 25.042424
9.551515 25.042424 25.042424
9.551515 26.763636 25.042424
9.551515 28.484848 25.042424
9.551515 30.206061 25.042424
9.551515 31.927273 25.042424
9.551515 33.648485 25.042424
9.551515 2.666667 26.763636
9.551515 4.387879 26.763636
9.551515 6.109091 26.763636
9.551515 7.830303 26.763636
9.551515 9.551515 26.763636
9.551515 11.272727 26.763636
9.551515 23.321212 26.763636
9.551515 25.042424 26.763636
9.551515 26.763636 26.763636
9.551515 28.484848 26.763636
9.551515 30.206061 26.763636
9.551515 31.927273 26.763636
9.551515 2.666667 28.484848
9.551515 4.387879 28.484848
9.551515 6.109091 28.484848
9.551515 7.830303 28.484848
9.551515 9.551515 28.484848
9.551515 11.272727 28.484848
9.551515 23.321212 28.484848
9.551515 25.042424 28.484848
9.551515 26.763636 28.484848
9.551515 28.484848 28.484848
9.551515 30.206061 28.484848
9.551515 31.927273 28.484848
9.551515 2.666667 30.206061
9.551515 4.387879 30.206061
9.551515 6.109091 30.206061
9.551515 7.830303 30.206061
9.551515 9.551515 30.206061
9.551515 11.272727 30.206061
9.551515 23.321212 30.206061
9.551515 25.042424 30.206061
9.551515 26.763636 30.206061
9.551515 28.484848 30.206061
9.551515 30.206061 30.206061
9.551515 31.927273 30.206061
9.551515 2.666667 31.927273
9.551515 4.387879 31.927273
9.551515 6.109091 31.927273
9.551515 7.830303 31.927273
9.551515 9.551515 31.927273
9.551515 11.272727 31.927273
9.551515 23.321212 31.927273
9.551515 25.042424 31.927273
9.551515 26.763636 31.927273
9.551515 28.484848 31.927273
9.551515 30.206061 31.927273
9.551515 31.927273 31.927273
9.551515 2.666667 33.648485
9.551515 4.387879 33.648485
9.551515 6.109091 33.648485
9.551515 7.830303 33.648485
9.551515 9.551515 33.648485
9.551515 25.042424 33.648485
9.551515 26.763636 33.648485
9.551515 28.484848 33.648485
9.551515 30.206061 33.648485
9.551515 31.927273 33.648485
9.551515 2.666667 35.369697
9.551515 4.387879 35.369697
9.551515 6.109091 35.369697
9.551515 7.830303 35.369697
9.551515 9.551515 35.369697
9.551515 25.042424 35.369697
9.551515 26.763636 35.369697
9.551515 28.484848 35.369697
9.551515 30.206061 35.369697
9.551515 31.927273 35.369697
9.551515 33.648485 35.369697
9.551515 0.945455 37.090909
9.551515 2.666667 37.090909
9.551515 4.387879 37.090909
9.551515 6.109091 37.090909
9.551515 7.830303 37.090909
9.551515 9.551515 37.090909
9.551515 11.272727 37.090909
9.551515 12.993939 37.090909
9.551515 14.715152 37.090909
9.551515 16.436364 37.090909
9.551515 18.157576 37.090909
9.551515 19.878788 37.090909
9.551515 21.600000 37.090909
9.551515 23.321212 37.090909
9.551515 25.042424 37.090909
9.551515 26.763636 37.090909
9.551515 28.484848 37.090909
9.551515 30.206061 37.090909
9.551515 31.927273 37.090909
9.551515 33.648485 37.090909
9.551515 0.945455 38.812121
9.551515 2.666667 38.812121
9.551515 4.387879 38.812121
9.551515 6.109091 38.812121
9.551515 7.830303 38.812121
9.551515 9.551515 38.812121
9.551515 11.272727 38.812121
9.551515 12.993939 38.812121
9.551515 14.715152 38.812121
9.551515 16.436364 38.812121
9.551515 18.157576 38.812121
9.551515 19.878788 38.812121
9.551515 21.600000 38.812121
9.551515 23.321212 38.812121
9.551515 25.042424 38.812121
9.551515 26.763636 38.812121
9.551515 28.484848 38.812121
9.551515 30.206061 38.812121
9.551515 31.927273 38.812121
9.551515 33.648485 38.812121
9.551515 0.945455 40.533333
9.551515 2.666667 40.533333
9.551515 4.387879 40.533333
9.551515 6.109091 40.533333
9.551515 7.830303 40.533333
9.551515 9.551515 40.533333
9.551515 11.272727 40.533333
9.551515 12.993939 40.533333
9.551515 14.715152 40.533333
9.551515 16.436364 40.533333
9.551515 18.157576 40.533333
9.551515 19.878788 40.533333
9.551515 21.600000 40.533333
9.551515 23.321212 40.533333
9.551515 25.042424 40.533333
9.551515 26.763636 40.533333
9.551515 28.484848 40.533333
9.551515 30.206061 40.533333
9.551515 31.927273 40.533333
9.551515 33.648485 40.533333
9.551515 0.945455 42.254545
9.551515 2.666667 42.254545
9.551515 4.387879 42.254545
9.551515 6.109091 42.254545
9.551515 7.830303 42.254545
9.551515 9.551515 42.254545
9.551515 11.272727 42.254545
9.551515 12.993939 42.254545
9.551515 14.715152 42.254545
9.551515 16.436364 42.254545
9.551515 18.157576 42.254545
9.551515 19.878788 42.254545
9.551515 21.600000 42.254545
9.551515 23.321212 42.254545
9.551515 25.042424 42.254545
9.551515 26.763636 42.254545
9.551515 28.484848 42.254545
9.551515 30.206061 42.254545
9.551515 31.927273 42.254545
9.551515 33.648485 42.254545
9.551515 14.715152 43.975758
9.551515 16.436364 43.975758
9.551515 18.157576 43.975758
9.551515 19.878788 43.975758
9.551515 14.715152 45.696970
9.551515 16.436364 45.696970
9.551515 18.157576 45.696970
9.551515 19.878788 45.696970
9.551515 14.715152 47.418182
9.551515 16.436364 47.418182
9.551515 18.157576 47.418182
9.551515 19.878788 47.418182
11.272727 2.666667 25.042424
11.272727 4.387879 25.042424
11.272727 6.109091 25.042424
11.272727 7.830303 25.042424
11.272727 9.551515 25.042424
11.272727 11.272727 25.042424
11.272727 23.321212 25.042424
11.272727 25.042424 25.042424
11.272727 26.763636 25.042424
11.272727 28.484848 25.042424
11.272727 30.206061 25.042424
11.272727 31.927273 25.042424
11.272727 33.648485 25.042424
11.272727 2.666667 26.763636
11.272727 4.387879 26.763636
11.272727 6.109091 26.763636
11.272727 7.830303 26.763636
11.272727 9.551515 26.763636
11.272727 11.272727 26.763636
11.272727 23.321212 26.763636
11.272727 25.042424 26.763636
11.272727 26.763636 26.763636
11.272727 28.484848 26.763636
11.272727 30.206061 26.763636
11.272727 31.927273 26.763636
11.272727 2.666667 28.484848
11.272727 4.387879 28.484848
11.272727 6.109091 28.484848
11.272727 7.830303 28.484848
11.272727 9.551515 28.484848
11.272727 11.272727 28.484848
11.272727 23.321212 28.484848
11.272727 25.042424 28.484848
11.272727 26.763636 28.484848
11.272727 28.484848 28.484848
11.272727 30.206061 28.484848
11.272727 31.927273 28.484848
11.272727 2.666667 30.206061
11.272727 4.387879 30.206061
11.272727 6.109091 30.206061
11.272727 7.830303 30.206061
11.272727 9.551515 30.206061
11.272727 11.272727 30.206061
11.272727 23.321212 30.206061
11.272727 25.042424 30.206061
11.272727 26.763636 30.206061
11.272727 28.484848 30.206061
11.272727 30.206061 30.206061
11.272727 31.927273 30.206061
11.272727 2.666667 31.927273
11.272727 4.387879 31.927273
11.272727 6.109091 31.927273
11.272727 7.830303 31.927273
11.272727 9.551515 31.927273
11.272727 11.272727 31.927273
11.272727 23.321212 31.927273
11.272727 25.042424 31.927273
11.272727 26.763636 31.927273
11.272727 28.484848 31.927273
11.272727 30.206061 31.927273
11.272727 31.927273 31.927273
11.272727 2.666667 33.648485
11.272727 4.387879 33.648485
11.272727 6.109091 33.648485
11.272727 7.830303 33.648485
11.272727 9.551515 33.648485
11.272727 25.042424 33.648485
11.272727 26.763636 33.648485
11.272727 28.484848 33.648485
11.272727 30.206061 33.648485
11.272727 31.927273 33.648485
11.272727 2.666667 35.369697
11.272727 4.387879 35.369697
11.272727 6.109091 35.369697
11.272727 7.830303 35.369697
11.272727 9.551515 35.369697
11.272727 25.042424 35.369697
11.272727 26.763636 35.369697
11.272727 28.484848 35.369697
11.272727 30.206061 35.369697
11.272727 31.927273 35.369697
11.272727 33.648485 35.369697
11.272727 0.945455 37.090909
11.272727 2.666667 37.090909
11.272727 4.387879 37.090909
11.272727 6.109091 37.090909
11.272727 7.830303 37.090909
11.272727 9.551515 37.090909
11.272727 11.272727 37.090909
11.272727 12.993939 37.090909
11.272727 14.715152 37.090909
11.272727 16.436364 37.090909
11.272727 18.157576 37.090909
11.272727 19.878788 37.090909
11.272727 21.600000 37.090909
11.272727 23.321212 37.090909
11.272727 25.042424 37.090909
11.272727 26.763636 37.090909
11.272727 28.484848 37.090909
11.272727 30.206061 37.090909
11.272727 31.927273 37.090909
11.272727 33.648485 37.090909
11.272727 0.945455 38.812121
11.272727 2.666667 38.812121
11.272727 4.387879 38.812121
11.272727 6.109091 38.812121
11.272727 7.830303 38.812121
11.272727 9.551515 38.812121
11.272727 11.272727 38.812121
11.272727 12.993939 38.812121
11.272727 14.715152 38.812121
11.272727 16.436364 38.812121
11.272727 18.157576 38.812121
11.272727 19.878788 38.812121
11.272727 21.600000 38.812121
11.272727 23.321212 38.812121
11.272727 25.042424 38.812121
11.272727 26.763636 38.812121
11.272727 28.484848 38.812121
11.272727 30.206061 38.812121
11.272727 31.927273 38.812121
11.272727 33.648485 38.812121
11.272727 0.945455 40.533333
11.272727 2.666667 40.533333
11.272727 4.387879 40.533333
11.272727 6.109091 40.533333
11.272727 7.830303 40.533333
11.272727 9.551515 40.533333
11.272727 11.272727 40.533333
11.272727 12.993939 40.533333
11.272727 14.715152 40.533333
11.272727 16.436364 40.533333
11.272727 18.157576 40.533333
11.272727 19.878788 40.533333
11.272727 21.600000 40.533333
11.272727 23.321212 40.533333
11.272727 25.042424 40.533333
11.272727 26.763636 40.533333
11.272727 28.484848 40.533333
11.272727 30.206061 40.533333
11.272727 31.927273 40.533333
11.272727 33.648485 40.533333
11.272727 0.945455 42.254545
11.272727 2.666667 42.254545
11.272727 4.387879 42.254545
11.272727 6.109091 42.254545
11.272727 7.830303 42.254545
11.272727 9.551515 42.254545
11.272727 11.272727 42.254545
11.272727 12.993939 42.254545
11.272727 14.715152 42.254545
11.272727 16.436364 42.254545
11.272727 18.157576 42.254545
11.272727 19.878788 42.254545
11.272727 21.600000 42.254545
11.272727 23.321212 42.254545
11.272727 25.042424 42.254545
11.272727 26.763636 42.254545
11.272727 28.484848 42.254545
11.272727 30.206061 42.254545
11.272727 31.927273 42.254545
11.272727 33.648485 42.254545
11.272727 12.993939 43.975758
11.272727 14.715152 43.975758
11.272727 16.436364 43.975758
11.272727 18.157576 43.975758
11.272727 19.878788 43.975758
11.272727 21.600000 43.975758
11.272727 12.993939 45.696970
11.272727 14.715152 45.696970
11.272727 16.436364 45.696970
11.272727 18.157576 45.696970
11.272727 19.878788 45.696970
11.272727 21.600000 45.696970
11.272727 12.993939 47.418182
11.272727 14.715152 47.418182
11.272727 16.436364 47.418182
11.272727 18.157576 47.418182
11.272727 19.878788 47.418182
11.272727 21.600000 47.418182
12.993939 2.666667 25.042424
12.993939 4.387879 25.042424
12.993939 6.109091 25.042424
12.993939 7.830303 25.042424
12.993939 9.551515 25.042424
12.993939 11.272727 25.042424
12.993939 23.321212 25.042424
12.993939 25.042424 25.042424
12.993939 26.763636 25.042424
12.993939 28.484848 25.042424
12.993939 30.206061 25.042424
12.993939 31.927273 25.042424
12.993939 33.648485 25.042424
12.993939 2.666667 26.763636
12.993939 4.387879 26.763636
12.993939 6.109091 26.763636
12.993939 7.830303 26.763636
12.993939 9.551515 26.763636
12.993939 11.272727 26.763636
12.993939 23.321212 26.763636
12.993939 25.042424 26.763636
12.993939 26.763636 26.763636
12.993939 28.484848 26.763636
12.993939 30.206061 26.763636
12.993939 31.927273 26.763636
12.993939 2.666667 28.484848
12.993939 4.387879 28.484848
12.993939 6.109091 28.484848
12.993939 7.830303 28.484848
12.993939 9.551515 28.484848
12.993939 11.272727 28.484848
12.993939 23.321212 28.484848
12.993939 25.042424 28.484848
12.993939 26.763636 28.484848
12.993939 28.484848 28.484848
12.993939 30.206061 28.484848
12.993939 31.927273 28.484848
12.993939 2.666667 30.206061
12.993939 4.387879 30.206061
12.993939 6.109091 30.206061
12.993939 7.830303 30.206061
12.993939 9.551515 30.206061
12.993939 11.272727 30.206061
12.993939 23.321212 30.206061
12.993939 25.042424 30.206061
12.993939 26.763636 30.206061
12.993939 28.484848 30.206061
12.993939 30.206061 30.206061
12.993939 31.927273 30.206061
12.993939 2.666667 31.927273
12.993939 4.387879 31.927273
12.993939 6.109091 31.927273
12.993939 7.830303 31.927273
12.993939 9.551515 31.927273
12.993939 11.272727 31.927273
12.993939 23.321212 31.927273
12.993939 25.042424 31.927273
12.993939 26.763636 31.927273
12.993939 28.484848 31.927273
12.993939 30.206061 31.927273
12.993939 31.927273 31.927273
12.993939 2.666667 33.648485
12.993939 4.387879 33.648485
12.993939 6.109091 33.648485
12.993939 7.830303 33.648485
12.993939 9.551515 33.648485
12.993939 25.042424 33.648485
12.993939 26.763636 33.648485
12.993939 28.484848 33.648485
12.993939 30.206061 33.648485
12.993939 31.927273 33.648485
12.993939 2.666667 35.369697
12.993939 4.387879 35.369697
12.993939 6.109091 35.369697
12.993939 7.830303 35.369697
12.993939 9.551515 35.369697
12.993939 25.042424 35.369697
12.993939 26.763636 35.369697
12.993939 28.484848 35.369697
12.993939 30.206061 35.369697
12.993939 31.927273 35.369697
12.993939 33.648485 35.369697
12.993939 0.945455 37.090909
12.993939 2.666667 37.090909
12.993939 4.387879 37.090909
12.993939 6.109091 37.090909
12.993939 7.830303 37.090909
12.993939 9.551515 37.090909
12.993939 11.272727 37.090909
12.993939 12.993939 37.090909
12.993939 14.715152 37.090909
12.993939 16.436364 37.090909
12.993939 18.157576 37.090909
12.993939 19.878788 37.090909
12.993939 21.600000 37.090909
12.993939 23.321212 37.090909
12.993939 25.042424 37.090909
12.993939 26.763636 37.090909
12.993939 28.484848 37.090909
12.993939 30.206061 37.090909
12.993939 31.927273 37.090909
12.993939 33.648485 37.090909
12.993939 0.945455 38.812121
12.993939 2.666667 38.812121
12.993939 4.387879 38.812121
12.993939 6.109091 38.812121
12.993939 7.830303 38.812121
12.993939 9.551515 38.812121
12.993939 11.272727 38.812121
12.993939 12.993939 38.812121
12.993939 14.715152 38.812121
12.993939 16.436364 38.812121
12.993939 18.157576 38.812121
12.993939 19.878788 38.812121
12.993939 21.600000 38.812121
12.993939 23.321212 38.812121
12.993939 25.042424 38.812121
12.993939 26.763636 38.812121
12.993939 28.484848 38.812121
12.993939 30.206061 38.812121
12.993939 31.927273 38.812121
12.993939 33.648485 38.812121
12.993939 0.945455 40.533333
12.993939 2.666667 40.533333
12.993939 4.387879 40.533333
12.993939 6.109091 40.533333
12.993939 7.830303 40.533333
12.993939 9.551515 40.533333
12.993939 11.272727 40.533333
12.993939 12.993939 40.533333
12.993939 14.715152 40.533333
12.993939 16.436364 40.533333
12.993939 18.157576 40.533333
12.993939 19.878788 40.533333
12.993939 21.600000 40.533333
12.993939 23.321212 40.533333
12.993939 25.042424 40.533333
12.993939 26.763636 40.533333
12.993939 28.484848 40.533333
12.993939 30.206061 40.533333
12.993939 31.927273 40.533333
12.993939 33.648485 40.533333
12.993939 0.945455 42.254545
12.993939 2.666667 42.254545
12.993939 4.387879 42.254545
12.993939 6.109091 42.254545
12.993939 7.830303 42.254545
12.993939 9.551515 42.254545
12.993939 11.272727 42.254545
12.993939 12.993939 42.254545
12.993939 14.715152 42.254545
12.993939 16.436364 42.254545
12.993939 18.157576 42.254545
12.993939 19.878788 42.254545
12.993939 21.600000 42.254545
12.993939 23.321212 42.254545
12.993939 25.042424 42.254545
12.993939 26.763636 42.254545
12.993939 28.484848 42.254545
12.993939 30.206061 42.254545
12.993939 31.927273 42.254545
12.993939 33.648485 42.254545
12.993939 12.993939 43.975758
12.993939 14.715152 43.975758
12.993939 16.436364 43.975758
12.993939 18.157576 43.975758
12.993939 19.878788 43.975758
12.993939 21.600000 43.975758
12.993939 12.993939 45.696970
12.993939 14.715152 45.696970
12.993939 16.436364 45.696970
12.993939 18.157576 45.696970
12.993939 19.878788 45.696970
12.993939 21.600000 45.696970
12.993939 12.993939 47.418182
12.993939 14.715152 47.418182
12.993939 16.436364 47.418182
12.993939 18.157576 47.418182
12.993939 19.878788 47.418182
12.993939 21.600000 47.418182
14.715152 12.993939 42.254545
14.715152 14.715152 42.254545
14.715152 16.436364 42.254545
14.715152 18.157576 42.254545
14.715152 19.878788 42.254545
14.715152 21.600000 42.254545
14.715152 12.993939 43.975758
14.715152 14.715152 43.975758
14.715152 16.436364 43.975758
14.715152 18.157576 43.975758
14.715152 19.878788 43.975758
14.715152 21.600000 43.975758
14.715152 12.993939 45.696970
14.715152 14.715152 45.696970
14.715152 16.436364 45.696970
14.715152 18.157576 45.696970
14.715152 19.878788 45.696970
14.715152 21.600000 45.696970
14.715152 12.993939 47.418182
14.715152 14.715152 47.418182
14.715152 16.436364 47.418182
14.715152 18.157576 47.418182
14.715152 19.878788 47.418182
14.715152 21.600000 47.418182
16.436364 16.436364 42.254545
16.436364 18.157576 42.254545
16.436364 16.436364 43.975758
16.436364 18.157576 43.975758
16.436364 16.436364 45.696970
16.436364 18.157576 45.696970
16.436364 16.436364 47.418182
16.436364 18.157576 47.418182
