54.303030 14.715152 42.254545
54.303030 16.436364 42.254545
54.303030 18.157576 42.254545
54.303030 19.878788 42.254545
54.303030 14.715152 43.975758
54.303030 16.436364 43.975758
54.303030 18.157576 43.975758
54.303030 19.878788 43.975758
54.303030 14.715152 45.696970
54.303030 16.436364 45.696970
54.303030 18.157576 45.696970
54.303030 19.878788 45.696970
54.303030 14.715152 47.418182
54.303030 16.436364 47.418182
54.303030 18.157576 47.418182
54.303030 19.878788 47.418182
56.024242 12.993939 42.254545
56.024242 14.715152 42.254545
56.024242 16.436364 42.254545
56.024242 18.157576 42.254545
56.024242 19.878788 42.254545
56.024242 21.600000 42.254545
56.024242 12.993939 43.975758
56.024242 14.715152 43.975758
56.024242 16.436364 43.975758
56.024242 18.157576 43.975758
56.024242 19.878788 43.975758
56.024242 21.600000 43.975758
56.024242 12.993939 45.696970
56.024242 14.715152 45.696970
56.024242 16.436364 45.696970
56.024242 18.157576 45.696970
56.024242 19.878788 45.696970
56.024242 21.600000 45.696970
56.024242 12.993939 47.418182
56.024242 14.715152 47.418182
56.024242 16.436364 47.418182
56.024242 18.157576 47.418182
56.024242 19.878788 47.418182
56.024242 21.600000 47.418182
57.745455 2.666667 25.042424
57.745455 4.387879 25.042424
57.745455 6.109091 25.042424
57.745455 7.830303 25.042424
57.745455 9.551515 25.042424
57.745455 11.272727 25.042424
57.745455 23.321212 25.042424
57.745455 25.042424 25.042424
57.745455 26.763636 25.042424
57.745455 28.484848 25.042424
57.745455 30.206061 25.042424
57.745455 31.927273 25.042424
57.745455 33.648485 25.042424
57.745455 2.666667 26.763636
57.745455 4.387879 26.763636
57.745455 6.109091 26.763636
57.745455 7.830303 26.763636
57.745455 9.551515 26.763636
57.745455 11.272727 26.763636
57.745455 23.321212 26.763636
57.745455 25.042424 26.763636
57.745455 26.763636 26.763636
57.745455 28.484848 26.763636
57.745455 30.206061 26.763636
57.745455 31.927273 26.763636
57.745455 2.666667 28.484848
57.745455 4.387879 28.484848
57.745455 6.109091 28.484848
57.745455 7.830303 28.484848
57.745455 9.551515 28.484848
57.745455 11.272727 28.484848
57.745455 23.321212 28.484848
57.745455 25.042424 28.484848
57.745455 26.763636 28.484848
57.745455 28.484848 28.484848
57.745455 30.206061 28.484848
57.745455 31.927273 28.484848
57.745455 2.666667 30.206061
57.745455 4.387879 30.206061
57.745455 6.109091 30.206061
57.745455 7.830303 30.206061
57.745455 9.551515 30.206061
57.745455 11.272727 30.206061
57.745455 23.321212 30.206061
57.745455 25.042424 30.206061
57.745455 26.763636 30.206061
57.745455 28.484848 30.206061
57.745455 30.206061 30.206061
57.745455 31.927273 30.206061
57.745455 2.666667 31.927273
57.745455 4.387879 31.927273
57.745455 6.109091 31.927273
57.745455 7.830303 31.927273
57.745455 9.551515 31.927273
57.745455 11.272727 31.927273
57.745455 23.321212 31.927273
57.745455 25.042424 31.927273
57.745455 26.763636 31.927273
57.745455 28.484848 31.927273
57.745455 30.206061 31.927273
57.745455 31.927273 31.927273
57.745455 2.666667 33.648485
57.745455 4.387879 33.648485
57.745455 6.109091 33.648485
57.745455 7.830303 33.648485
57.745455 9.551515 33.648485
57.745455 25.042424 33.648485
57.745455 26.763636 33.648485
57.745455 28.484848 33.648485
57.745455 30.206061 33.648485
57.745455 31.927273 33.648485
57.745455 2.666667 35.369697
57.745455 4.387879 35.369697
57.745455 6.109091 35.369697
57.745455 7.830303 35.369697
57.745455 9.551515 35.369697
57.745455 25.042424 35.369697
57.745455 26.763636 35.369697
57.745455 28.484848 35.369697
57.745455 30.206061 35.369697
57.745455 31.927273 35.369697
57.745455 33.648485 35.369697
57.745455 0.945455 37.090909
57.745455 2.666667 37.090909
57.745455 4.387879 37.090909
57.745455 6.109091 37.090909
57.745455 7.830303 37.090909
57.745455 9.551515 37.090909
57.745455 11.272727 37.090909
57.745455 12.993939 37.090909
57.745455 14.715152 37.090909
57.745455 16.436364 37.090909
57.745455 18.157576 37.090909
57.745455 19.878788 37.090909
57.745455 21.600000 37.090909
57.745455 23.321212 37.090909
57.745455 25.042424 37.090909
57.745455 26.763636 37.090909
57.745455 28.484848 37.090909
57.745455 30.206061 37.090909
57.745455 31.927273 37.090909
57.745455 33.648485 37.090909
57.745455 0.945455 38.812121
57.745455 2.666667 38.812121
57.745455 4.387879 38.812121
57.745455 6.109091 38.812121
57.745455 7.830303 38.812121
57.745455 9.551515 38.812121
57.745455 11.272727 38.812121
57.745455 12.993939 38.812121
57.745455 14.715152 38.812121
57.745455 16.436364 38.812121
57.745455 18.157576 38.812121
57.745455 19.878788 38.812121
57.745455 21.600000 38.812121
57.745455 23.321212 38.812121
57.745455 25.042424 38.812121
57.745455 26.763636 38.812121
57.745455 28.484848 38.812121
57.745455 30.206061 38.812121
57.745455 31.927273 38.812121
57.745455 33.648485 38.812121
57.745455 0.945455 40.533333
57.745455 2.666667 40.533333
57.745455 4.387879 40.533333
57.745455 6.109091 40.533333
57.745455 7.830303 40.533333
57.745455 9.551515 40.533333
57.745455 11.272727 40.533333
57.745455 12.993939 40.533333
57.745455 14.715152 40.533333
57.745455 16.436364 40.533333
57.745455 18.157576 40.533333
57.745455 19.878788 40.533333
57.745455 21.600000 40.533333
57.745455 23.321212 40.533333
57.745455 25.042424 40.533333
57.745455 26.763636 40.533333
57.745455 28.484848 40.533333
57.745455 30.206061 40.533333
57.745455 31.927273 40.533333
57.745455 33.648485 40.533333
57.745455 0.945455 42.254545
57.745455 2.666667 42.254545
57.745455 4.387879 42.254545
57.745455 6.109091 42.254545
57.745455 7.830303 42.254545
57.745455 9.551515 42.254545
57.745455 11.272727 42.254545
57.745455 12.993939 42.254545
57.745455 14.715152 42.254545
57.745455 16.436364 42.254545
57.745455 18.157576 42.254545
57.745455 19.878788 42.254545
57.745455 21.600000 42.254545
57.745455 23.321212 42.254545
57.745455 25.042424 42.254545
57.745455 26.763636 42.254545
57.745455 28.484848 42.254545
57.745455 30.206061 42.254545
57.745455 31.927273 42.254545
57.745455 33.648485 42.254545
57.745455 12.993939 43.975758
57.745455 14.715152 43.975758
57.745455 16.436364 43.975758
57.745455 18.157576 43.975758
57.745455 19.878788 43.975758
57.745455 21.600000 43.975758
57.745455 12.993939 45.696970
57.745455 14.715152 45.696970
57.745455 16.436364 45.696970
57.745455 18.157576 45.696970
57.745455 19.878788 45.696970
57.745455 21.600000 45.696970
57.745455 12.993939 47.418182
57.745455 14.715152 47.418182
57.745455 16.436364 47.418182
57.745455 18.157576 47.418182
57.745455 19.878788 47.418182
57.745455 21.600000 47.418182
59.466667 2.666667 25.042424
59.466667 4.387879 25.042424
59.466667 6.109091 25.042424
59.466667 7.830303 25.042424
59.466667 9.551515 25.042424
59.466667 11.272727 25.042424
59.466667 23.321212 25.042424
59.466667 25.042424 25.042424
59.466667 26.763636 25.042424
59.466667 28.484848 25.042424
59.466667 30.206061 25.042424
59.466667 31.927273 25.042424
59.466667 33.648485 25.042424
59.466667 2.666667 26.763636
59.466667 4.387879 26.763636
59.466667 6.109091 26.763636
59.466667 7.830303 26.763636
59.466667 9.551515 26.763636
59.466667 11.272727 26.763636
59.466667 23.321212 26.763636
59.466667 25.042424 26.763636
59.466667 26.763636 26.763636
59.466667 28.484848 26.763636
59.466667 30.206061 26.763636
59.466667 31.927273 26.763636
59.466667 2.666667 28.484848
59.466667 4.387879 28.484848
59.466667 6.109091 28.484848
59.466667 7.830303 28.484848
59.466667 9.551515 28.484848
59.466667 11.272727 28.484848
59.466667 23.321212 28.484848
59.466667 25.042424 28.484848
59.466667 26.763636 28.484848
59.466667 28.484848 28.484848
59.466667 30.206061 28.484848
59.466667 31.927273 28.484848
59.466667 2.666667 30.206061
59.466667 4.387879 30.206061
59.466667 6.109091 30.206061
59.466667 7.830303 30.206061
59.466667 9.551515 30.206061
59.466667 11.272727 30.206061
59.466667 23.321212 30.206061
59.466667 25.042424 30.206061
59.466667 26.763636 30.206061
59.466667 28.484848 30.206061
59.466667 30.206061 30.206061
59.466667 31.927273 30.206061
59.466667 2.666667 31.927273
59.466667 4.387879 31.927273
59.466667 6.109091 31.927273
59.466667 7.830303 31.927273
59.466667 9.551515 31.927273
59.466667 11.272727 31.927273
59.466667 23.321212 31.927273
59.466667 25.042424 31.927273
59.466667 26.763636 31.927273
59.466667 28.484848 31.927273
59.466667 30.206061 31.927273
59.466667 31.927273 31.927273
59.466667 2.666667 33.648485
59.466667 4.387879 33.648485
59.466667 6.109091 33.648485
59.466667 7.830303 33.648485
59.466667 9.551515 33.648485
59.466667 25.042424 33.648485
59.466667 26.763636 33.648485
59.466667 28.484848 33.648485
59.466667 30.206061 33.648485
59.466667 31.927273 33.648485
59.466667 2.666667 35.369697
59.466667 4.387879 35.369697
59.466667 6.109091 35.369697
59.466667 7.830303 35.369697
59.466667 9.551515 35.369697
59.466667 25.042424 35.369697
59.466667 26.763636 35.369697
59.466667 28.484848 35.369697
59.466667 30.206061 35.369697
59.466667 31.927273 35.369697
59.466667 33.648485 35.369697
59.466667 0.945455 37.090909
59.466667 2.666667 37.090909
59.466667 4.387879 37.090909
59.466667 6.109091 37.090909
59.466667 7.830303 37.090909
59.466667 9.551515 37.090909
59.466667 11.272727 37.090909
59.466667 12.993939 37.090909
59.466667 14.715152 37.090909
59.466667 16.436364 37.090909
59.466667 18.157576 37.090909
59.466667 19.878788 37.090909
59.466667 21.600000 37.090909
59.466667 23.321212 37.090909
59.466667 25.042424 37.090909
59.466667 26.763636 37.090909
59.466667 28.484848 37.090909
59.466667 30.206061 37.090909
59.466667 31.927273 37.090909
59.466667 33.648485 37.090909
59.466667 0.945455 38.812121
59.466667 2.666667 38.812121
59.466667 4.387879 38.812121
59.466667 6.109091 38.812121
59.466667 7.830303 38.812121
59.466667 9.551515 38.812121
59.466667 11.272727 38.812121
59.466667 12.993939 38.812121
59.466667 14.715152 38.812121
59.466667 16.436364 38.812121
59.466667 18.157576 38.812121
59.466667 19.878788 38.812121
59.466667 21.600000 38.812121
59.466667 23.321212 38.812121
59.466667 25.042424 38.812121
59.466667 26.763636 38.812121
59.466667 28.484848 38.812121
59.466667 30.206061 38.812121
59.466667 31.927273 38.812121
59.466667 33.648485 38.812121
59.466667 0.945455 40.533333
59.466667 2.666667 40.533333
59.466667 4.387879 40.533333
59.466667 6.109091 40.533333
59.466667 7.830303 40.533333
59.466667 9.551515 40.533333
59.466667 11.272727 40.533333
59.466667 12.993939 40.533333
59.466667 14.715152 40.533333
59.466667 16.436364 40.533333
59.466667 18.157576 40.533333
59.466667 19.878788 40.533333
59.466667 21.600000 40.533333
59.466667 23.321212 40.533333
59.466667 25.042424 40.533333
59.466667 26.763636 40.533333
59.466667 28.484848 40.533333
59.466667 30.206061 40.533333
59.466667 31.927273 40.533333
59.466667 33.648485 40.533333
59.466667 0.945455 42.254545
59.466667 2.666667 42.254545
59.466667 4.387879 42.254545
59.466667 6.109091 42.254545
59.466667 7.830303 42.254545
59.466667 9.551515 42.254545
59.466667 11.272727 42.254545
59.466667 12.993939 42.254545
59.466667 14.715152 42.254545
59.466667 16.436364 42.254545
59.466667 18.157576 42.254545
59.466667 19.878788 42.254545
59.466667 21.600000 42.254545
59.466667 23.321212 42.254545
59.466667 25.042424 42.254545
59.466667 26.763636 42.254545
59.466667 28.484848 42.254545
59.466667 30.206061 42.254545
59.466667 31.927273 42.254545
59.466667 33.648485 42.254545
59.466667 12.993939 43.975758
59.466667 14.715152 43.975758
59.466667 16.436364 43.975758
59.466667 18.157576 43.975758
59.466667 19.878788 43.975758
59.466667 21.600000 43.975758
59.466667 12.993939 45.696970
59.466667 14.715152 45.696970
59.466667 16.436364 45.696970
59.466667 18.157576 45.696970
59.466667 19.878788 45.696970
59.466667 21.600000 45.696970
59.466667 12.993939 47.418182
59.466667 14.715152 47.418182
59.466667 16.436364 47.418182
59.466667 18.157576 47.418182
59.466667 19.878788 47.418182
59.466667 21.600000 47.418182
61.187879 2.666667 25.042424
61.187879 4.387879 25.042424
61.187879 6.109091 25.042424
61.187879 7.830303 25.042424
61.187879 9.551515 25.042424
61.187879 11.272727 25.042424
61.187879 23.321212 25.042424
61.187879 25.042424 25.042424
61.187879 26.763636 25.042424
61.187879 28.484848 25.042424
61.187879 30.206061 25.042424
61.187879 31.927273 25.042424
61.187879 33.648485 25.042424
61.187879 2.666667 26.763636
61.187879 4.387879 26.763636
61.187879 6.109091 26.763636
61.187879 7.830303 26.763636
61.187879 9.551515 26.763636
61.187879 11.272727 26.763636
61.187879 23.321212 26.763636
61.187879 25.042424 26.763636
61.187879 26.763636 26.763636
61.187879 28.484848 26.763636
61.187879 30.206061 26.763636
61.187879 31.927273 26.763636
61.187879 2.666667 28.484848
61.187879 4.387879 28.484848
61.187879 6.109091 28.484848
61.187879 7.830303 28.484848
61.187879 9.551515 28.484848
61.187879 11.272727 28.484848
61.187879 23.321212 28.484848
61.187879 25.042424 28.484848
61.187879 26.763636 28.484848
61.187879 28.484848 28.484848
61.187879 30.206061 28.484848
61.187879 31.927273 28.484848
61.187879 2.666667 30.206061
61.187879 4.387879 30.206061
61.187879 6.109091 30.206061
61.187879 7.830303 30.206061
61.187879 9.551515 30.206061
61.187879 11.272727 30.206061
61.187879 23.321212 30.206061
61.187879 25.042424 30.206061
61.187879 26.763636 30.206061
61.187879 28.484848 30.206061
61.187879 30.206061 30.206061
61.187879 31.927273 30.206061
61.187879 2.666667 31.927273
61.187879 4.387879 31.927273
61.187879 6.109091 31.927273
61.187879 7.830303 31.927273
61.187879 9.551515 31.927273
61.187879 11.272727 31.927273
61.187879 23.321212 31.927273
61.187879 25.042424 31.927273
61.187879 26.763636 31.927273
61.187879 28.484848 31.927273
61.187879 30.206061 31.927273
61.187879 31.927273 31.927273
61.187879 2.666667 33.648485
61.187879 4.387879 33.648485
61.187879 6.109091 33.648485
61.187879 7.830303 33.648485
61.187879 9.551515 33.648485
61.187879 25.042424 33.648485
61.187879 26.763636 33.648485
61.187879 28.484848 33.648485
61.187879 30.206061 33.648485
61.187879 31.927273 33.648485
61.187879 2.666667 35.369697
61.187879 4.387879 35.369697
61.187879 6.109091 35.369697
61.187879 7.830303 35.369697
61.187879 9.551515 35.369697
61.187879 25.042424 35.369697
61.187879 26.763636 35.369697
61.187879 28.484848 35.369697
61.187879 30.206061 35.369697
61.187879 31.927273 35.369697
61.187879 33.648485 35.369697
61.187879 0.945455 37.090909
61.187879 2.666667 37.090909
61.187879 4.387879 37.090909
61.187879 6.109091 37.090909
61.187879 7.830303 37.090909
61.187879 9.551515 37.090909
61.187879 11.272727 37.090909
61.187879 12.993939 37.090909
61.187879 14.715152 37.090909
61.187879 16.436364 37.090909
61.187879 18.157576 37.090909
61.187879 19.878788 37.090909
61.187879 21.600000 37.090909
61.187879 23.321212 37.090909
61.187879 25.042424 37.090909
61.187879 26.763636 37.090909
61.187879 28.484848 37.090909
61.187879 30.206061 37.090909
61.187879 31.927273 37.090909
61.187879 33.648485 37.090909
61.187879 0.945455 38.812121
61.187879 2.666667 38.812121
61.187879 4.387879 38.812121
61.187879 6.109091 38.812121
61.187879 7.830303 38.812121
61.187879 9.551515 38.812121
61.187879 11.272727 38.812121
61.187879 12.993939 38.812121
61.187879 14.715152 38.812121
61.187879 16.436364 38.812121
61.187879 18.157576 38.812121
61.187879 19.878788 38.812121
61.187879 21.600000 38.812121
61.187879 23.321212 38.812121
61.187879 25.042424 38.812121
61.187879 26.763636 38.812121
61.187879 28.484848 38.812121
61.187879 30.206061 38.812121
61.187879 31.927273 38.812121
61.187879 33.648485 38.812121
61.187879 0.945455 40.533333
61.187879 2.666667 40.533333
61.187879 4.387879 40.533333
61.187879 6.109091 40.533333
61.187879 7.830303 40.533333
61.187879 9.551515 40.533333
61.187879 11.272727 40.533333
61.187879 12.993939 40.533333
61.187879 14.715152 40.533333
61.187879 16.436364 40.533333
61.187879 18.157576 40.533333
61.187879 19.878788 40.533333
61.187879 21.600000 40.533333
61.187879 23.321212 40.533333
61.187879 25.042424 40.533333
61.187879 26.763636 40.533333
61.187879 28.484848 40.533333
61.187879 30.206061 40.533333
61.187879 31.927273 40.533333
61.187879 33.648485 40.533333
61.187879 0.945455 42.254545
61.187879 2.666667 42.254545
61.187879 4.387879 42.254545
61.187879 6.109091 42.254545
61.187879 7.830303 42.254545
61.187879 9.551515 42.254545
61.187879 11.272727 42.254545
61.187879 12.993939 42.254545
61.187879 14.715152 42.254545
61.187879 16.436364 42.254545
61.187879 18.157576 42.254545
61.187879 19.878788 42.254545
61.187879 21.600000 42.254545
61.187879 23.321212 42.254545
61.187879 25.042424 42.254545
61.187879 26.763636 42.254545
61.187879 28.484848 42.254545
61.187879 30.206061 42.254545
61.187879 31.927273 42.254545
61.187879 33.648485 42.254545
61.187879 14.715152 43.975758
61.187879 16.436364 43.975758
61.187879 18.157576 43.975758
61.187879 19.878788 43.975758
61.187879 14.715152 45.696970
61.187879 16.436364 45.696970
61.187879 18.157576 45.696970
61.187879 19.878788 45.696970
61.187879 14.715152 47.418182
61.187879 16.436364 47.418182
61.187879 18.157576 47.418182
61.187879 19.878788 47.418182
62.909091 2.666667 25.042424
62.909091 4.387879 25.042424
62.909091 6.109091 25.042424
62.909091 7.830303 25.042424
62.909091 9.551515 25.042424
62.909091 11.272727 25.042424
62.909091 23.321212 25.042424
62.909091 25.042424 25.042424
62.909091 26.763636 25.042424
62.909091 28.484848 25.042424
62.909091 30.206061 25.042424
62.909091 31.927273 25.042424
62.909091 33.648485 25.042424
62.909091 2.666667 26.763636
62.909091 4.387879 26.763636
62.909091 6.109091 26.763636
62.909091 7.830303 26.763636
62.909091 9.551515 26.763636
62.909091 11.272727 26.763636
62.909091 23.321212 26.763636
62.909091 25.042424 26.763636
62.909091 26.763636 26.763636
62.909091 28.484848 26.763636
62.909091 30.206061 26.763636
62.909091 31.927273 26.763636
62.909091 2.666667 28.484848
62.909091 4.387879 28.484848
62.909091 6.109091 28.484848
62.909091 7.830303 28.484848
62.909091 9.551515 28.484848
62.909091 11.272727 28.484848
62.909091 23.321212 28.484848
62.909091 25.042424 28.484848
62.909091 26.763636 28.484848
62.909091 28.484848 28.484848
62.909091 30.206061 28.484848
62.909091 31.927273 28.484848
62.909091 2.666667 30.206061
62.909091 4.387879 30.206061
62.909091 6.109091 30.206061
62.909091 7.830303 30.206061
62.909091 9.551515 30.206061
62.909091 11.272727 30.206061
62.909091 23.321212 30.206061
62.909091 25.042424 30.206061
62.909091 26.763636 30.206061
62.909091 28.484848 30.206061
62.909091 30.206061 30.206061
62.909091 31.927273 30.206061
62.909091 2.666667 31.927273
62.909091 4.387879 31.927273
62.909091 6.109091 31.927273
62.909091 7.830303 31.927273
62.909091 9.551515 31.927273
62.909091 11.272727 31.927273
62.909091 23.321212 31.927273
62.909091 25.042424 31.927273
62.909091 26.763636 31.927273
62.909091 28.484848 31.927273
62.909091 30.206061 31.927273
62.909091 31.927273 31.927273
62.909091 2.666667 33.648485
62.909091 4.387879 33.648485
62.909091 6.109091 33.648485
62.909091 7.830303 33.648485
62.909091 9.551515 33.648485
62.909091 25.042424 33.648485
62.909091 26.763636 33.648485
62.909091 28.484848 33.648485
62.909091 30.206061 33.648485
62.909091 31.927273 33.648485
62.909091 2.666667 35.369697
62.909091 4.387879 35.369697
62.909091 6.109091 35.369697
62.909091 7.830303 35.369697
62.909091 9.551515 35.369697
62.909091 25.042424 35.369697
62.909091 26.763636 35.369697
62.909091 28.484848 35.369697
62.909091 30.206061 35.369697
62.909091 31.927273 35.369697
62.909091 33.648485 35.369697
62.909091 0.945455 37.090909
62.909091 2.666667 37.090909
62.909091 4.387879 37.090909
62.909091 6.109091 37.090909
62.909091 7.830303 37.090909
62.909091 9.551515 37.090909
62.909091 11.272727 37.090909
62.909091 12.993939 37.090909
62.909091 14.715152 37.090909
62.909091 16.436364 37.090909
62.909091 18.157576 37.090909
62.909091 19.878788 37.090909
62.909091 21.600000 37.090909
62.909091 23.321212 37.090909
62.909091 25.042424 37.090909
62.909091 26.763636 37.090909
62.909091 28.484848 37.090909
62.909091 30.206061 37.090909
62.909091 31.927273 37.090909
62.909091 33.648485 37.090909
62.909091 0.945455 38.812121
62.909091 2.666667 38.812121
62.909091 4.387879 38.812121
62.909091 6.109091 38.812121
62.909091 7.830303 38.812121
62.909091 9.551515 38.812121
62.909091 11.272727 38.812121
62.909091 12.993939 38.812121
62.909091 14.715152 38.812121
62.909091 16.436364 38.812121
62.909091 18.157576 38.812121
62.909091 19.878788 38.812121
62.909091 21.600000 38.812121
62.909091 23.321212 38.812121
62.909091 25.042424 38.812121
62.909091 26.763636 38.812121
62.909091 28.484848 38.812121
62.909091 30.206061 38.812121
62.909091 31.927273 38.812121
62.909091 33.648485 38.812121
62.909091 0.945455 40.533333
62.909091 2.666667 40.533333
62.909091 4.387879 40.533333
62.909091 6.109091 40.533333
62.909091 7.830303 40.533333
62.909091 9.551515 40.533333
62.909091 11.272727 40.533333
62.909091 12.993939 40.533333
62.909091 14.715152 40.533333
62.909091 16.436364 40.533333
62.909091 18.157576 40.533333
62.909091 19.878788 40.533333
62.909091 21.600000 40.533333
62.909091 23.321212 40.533333
62.909091 25.042424 40.533333
62.909091 26.763636 40.533333
62.909091 28.484848 40.533333
62.909091 30.206061 40.533333
62.909091 31.927273 40.533333
62.909091 33.648485 40.533333
62.909091 0.945455 42.254545
62.909091 2.666667 42.254545
62.909091 4.387879 42.254545
62.909091 6.109091 42.254545
62.909091 7.830303 42.254545
62.909091 9.551515 42.254545
62.909091 11.272727 42.254545
62.909091 12.993939 42.254545
62.909091 14.715152 42.254545
62.909091 16.436364 42.254545
62.909091 18.157576 42.254545
62.909091 19.878788 42.254545
62.909091 21.600000 42.254545
62.909091 23.321212 42.254545
62.909091 25.042424 42.254545
62.909091 26.763636 42.254545
62.909091 28.484848 42.254545
62.909091 30.206061 42.254545
62.909091 31.927273 42.254545
62.909091 33.648485 42.254545
64.630303 2.666667 25.042424
64.630303 4.387879 25.042424
64.630303 6.109091 25.042424
64.630303 7.830303 25.042424
64.630303 9.551515 25.042424
64.630303 11.272727 25.042424
64.630303 23.321212 25.042424
64.630303 25.042424 25.042424
64.630303 26.763636 25.042424
64.630303 28.484848 25.042424
64.630303 30.206061 25.042424
64.630303 31.927273 25.042424
64.630303 33.648485 25.042424
64.630303 2.666667 26.763636
64.630303 4.387879 26.763636
64.630303 6.109091 26.763636
64.630303 7.830303 26.763636
64.630303 9.551515 26.763636
64.630303 11.272727 26.763636
64.630303 23.321212 26.763636
64.630303 25.042424 26.763636
64.630303 26.763636 26.763636
64.630303 28.484848 26.763636
64.630303 30.206061 26.763636
64.630303 31.927273 26.763636
64.630303 2.666667 28.484848
64.630303 4.387879 28.484848
64.630303 6.109091 28.484848
64.630303 7.830303 28.484848
64.630303 9.551515 28.484848
64.630303 11.272727 28.484848
64.630303 23.321212 28.484848
64.630303 25.042424 28.484848
64.630303 26.763636 28.484848
64.630303 28.484848 28.484848
64.630303 30.206061 28.484848
64.630303 31.927273 28.484848
64.630303 2.666667 30.206061
64.630303 4.387879 30.206061
64.630303 6.109091 30.206061
64.630303 7.830303 30.206061
64.630303 9.551515 30.206061
64.630303 11.272727 30.206061
64.630303 23.321212 30.206061
64.630303 25.042424 30.206061
64.630303 26.763636 30.206061
64.630303 28.484848 30.206061
64.630303 30.206061 30.206061
64.630303 31.927273 30.206061
64.630303 2.666667 31.927273
64.630303 4.387879 31.927273
64.630303 6.109091 31.927273
64.630303 7.830303 31.927273
64.630303 9.551515 31.927273
64.630303 11.272727 31.927273
64.630303 23.321212 31.927273
64.630303 25.042424 31.927273
64.630303 26.763636 31.927273
64.630303 28.484848 31.927273
64.630303 30.206061 31.927273
64.630303 31.927273 31.927273
64.630303 2.666667 33.648485
64.630303 4.387879 33.648485
64.630303 6.109091 33.648485
64.630303 7.830303 33.648485
64.630303 9.551515 33.648485
64.630303 25.042424 33.648485
64.630303 26.763636 33.648485
64.630303 28.484848 33.648485
64.630303 30.206061 33.648485
64.630303 31.927273 33.648485
64.630303 2.666667 35.369697
64.630303 4.387879 35.369697
64.630303 6.109091 35.369697
64.630303 7.830303 35.369697
64.630303 9.551515 35.369697
64.630303 25.042424 35.369697
64.630303 26.763636 35.369697
64.630303 28.484848 35.369697
64.630303 30.206061 35.369697
64.630303 31.927273 35.369697
64.630303 33.648485 35.369697
64.630303 0.945455 37.090909
64.630303 2.666667 37.090909
64.630303 4.387879 37.090909
64.630303 6.109091 37.090909
64.630303 7.830303 37.090909
64.630303 9.551515 37.090909
64.630303 11.272727 37.090909
64.630303 12.993939 37.090909
64.630303 14.715152 37.090909
64.630303 16.436364 37.090909
64.630303 18.157576 37.090909
64.630303 19.878788 37.090909
64.630303 21.600000 37.090909
64.630303 23.321212 37.090909
64.630303 25.042424 37.090909
64.630303 26.763636 37.090909
64.630303 28.484848 37.090909
64.630303 30.206061 37.090909
64.630303 31.927273 37.090909
64.630303 33.648485 37.090909
64.630303 0.945455 38.812121
64.630303 2.666667 38.812121
64.630303 4.387879 38.812121
64.630303 6.109091 38.812121
64.630303 7.830303 38.812121
64.630303 9.551515 38.812121
64.630303 11.272727 38.812121
64.630303 12.993939 38.812121
64.630303 14.715152 38.812121
64.630303 16.436364 38.812121
64.630303 18.157576 38.812121
64.630303 19.878788 38.812121
64.630303 21.600000 38.812121
64.630303 23.321212 38.812121
64.630303 25.042424 38.812121
64.630303 26.763636 38.812121
64.630303 28.484848 38.812121
64.630303 30.206061 38.812121
64.630303 31.927273 38.812121
64.630303 33.648485 38.812121
64.630303 0.945455 40.533333
64.630303 2.666667 40.533333
64.630303 4.387879 40.533333
64.630303 6.109091 40.533333
64.630303 7.830303 40.533333
64.630303 9.551515 40.533333
64.630303 11.272727 40.533333
64.630303 12.993939 40.533333
64.630303 14.715152 40.533333
64.630303 16.436364 40.533333
64.630303 18.157576 40.533333
64.630303 19.878788 40.533333
64.630303 21.600000 40.533333
64.630303 23.321212 40.533333
64.630303 25.042424 40.533333
64.630303 26.763636 40.533333
64.630303 28.484848 40.533333
64.630303 30.206061 40.533333
64.630303 31.927273 40.533333
64.630303 33.648485 40.533333
64.630303 0.945455 42.254545
64.630303 2.666667 42.254545
64.630303 4.387879 42.254545
64.630303 6.109091 42.254545
64.630303 7.830303 42.254545
64.630303 9.551515 42.254545
64.630303 11.272727 42.254545
64.630303 12.993939 42.254545
64.630303 14.715152 42.254545
64.630303 16.436364 42.254545
64.630303 18.157576 42.254545
64.630303 19.878788 42.254545
64.630303 21.600000 42.254545
64.630303 23.321212 42.254545
64.630303 25.042424 42.254545
64.630303 26.763636 42.254545
64.630303 28.484848 42.254545
64.630303 30.206061 42.254545
64.630303 31.927273 42.254545
64.630303 33.648485 42.254545
